1767902926041 0.0 9
1767902926767 0.0 19
1767902927496 0.0 29
1767902928228 0.0 39
1767902928961 0.0 49
1767902929692 0.0 59
1767902930424 0.0 69
1767902931157 0.0 79
1767902931888 0.0 89
1767902932621 0.0 99
1767902933354 0.0 109
1767902934086 0.0 119
1767902934819 0.0 129
1767902935551 0.0 139
1767902936282 0.0 149
1767902937013 0.0 159
1767902937746 0.0 169
1767902938479 0.0 179
1767902939211 0.0 189
1767902939943 0.0 199
1767902940676 0.0 209
1767902941407 0.0 219
1767902942138 0.0 229
1767902942871 0.0 239
1767902943603 0.0 249
1767902944337 0.0 259
1767902945071 0.0 269
1767902945803 0.0 279
1767902946535 0.0 289
1767902947267 0.0 299
1767902947998 0.0 309
1767902948733 0.0 319
1767902949466 0.0 329
1767902950199 0.0 339
1767902950932 0.0 349
1767902951665 0.0 359
1767902952397 0.0 369
1767902953132 0.0 379
1767902953866 0.0 389
1767902954600 0.0 399
1767902955335 0.0 409
1767902956068 0.0 419
1767902956801 0.0 429
1767902957533 0.0 439
1767902958266 0.0 449
1767902959002 0.0 459
1767902959734 0.0 469
1767902960466 0.0 479
1767902961201 0.0 489
1767902961933 0.0 499
1767902962666 0.0 509
1767902963402 0.0 519
1767902964136 0.0 529
1767902964868 0.0 539
1767902965604 0.0 549
1767902966336 0.0 559
1767902967068 0.0 569
1767902967800 0.0 579
1767902968533 0.0 589
1767902969267 0.0 599
1767902969999 0.0 609
1767902970732 0.0 619
1767902971466 0.0 629
1767902972198 0.0 639
1767902972930 0.0 649
1767902973665 0.0 659
1767902974397 0.0 669
1767902975133 0.0 679
1767902975866 0.0 689
1767902976598 0.0 699
1767902977332 0.0 709
1767902978065 0.0 719
1767902978798 0.0 729
1767902979531 0.0 739
1767902980263 0.0 749
1767902980995 0.0 759
1767902981728 0.0 769
1767902982460 0.0 779
1767902983192 0.0 789
1767902983925 0.0 799
1767902984659 0.0 809
1767902985391 0.0 819
1767902986123 0.0 829
1767902986855 0.0 839
1767902987588 0.0 849
1767902988321 0.0 859
1767902989054 0.0 869
1767902989788 0.0 879
1767902990519 0.0 889
1767902991251 0.0 899
1767902991983 0.0 909
1767902992715 0.0 919
1767902993447 0.0 929
1767902994179 0.0 939
1767902994911 0.0 949
1767902995645 0.0 959
1767902996378 0.0 969
1767902997111 0.0 979
1767902997846 0.0 989
1767902998579 0.0 999
1767902999313 0.0 1009
1767903000048 0.0 1019
1767903000791 0.0 1029
1767903001525 0.0 1039
1767903002260 0.0 1049
1767903002993 0.0 1059
1767903003728 0.0 1069
1767903004463 0.0 1079
1767903005198 0.0 1089
1767903005936 0.0 1099
1767903006667 0.0 1109
1767903007398 0.0 1119
1767903008131 0.0 1129
1767903008863 0.0 1139
1767903009595 0.0 1149
1767903010328 0.0 1159
1767903011059 0.0 1169
1767903039311 0.0 1179
1767903040049 0.0 1189
1767903040782 0.0 1199
1767903041514 0.0 1209
1767903042247 0.0 1219
1767903042980 0.0 1229
1767903043713 0.0 1239
1767903044444 0.0 1249
1767903045178 0.0 1259
1767903045911 0.0 1269
1767903046645 0.0 1279
1767903047378 0.0 1289
1767903048110 0.0 1299
1767903048844 0.0 1309
1767903049577 0.0 1319
1767903050312 0.0 1329
1767903051045 0.0 1339
1767903051777 0.0 1349
1767903052511 0.0 1359
1767903053245 0.0 1369
1767903053978 0.0 1379
1767903054710 0.0 1389
1767903055443 0.0 1399
1767903056176 0.0 1409
1767903056911 0.0 1419
1767903057644 0.0 1429
1767903058375 0.0 1439
1767903223847 0.0 1439
1767903223957 0.0 1439
1767903280100 1.0 1449
1767903280835 1.0 1459
1767903281569 1.0 1469
1767903282301 1.0 1479
1767903283035 1.0 1489
1767903283769 1.0 1499
1767903284503 1.0 1509
1767903285236 1.0 1519
1767903285970 1.0 1529
1767903286702 1.0 1539
1767903287435 1.0 1549
1767903288167 1.0 1559
1767903288899 1.0 1569
1767903289632 1.0 1579
1767903339584 1.0 1589
1767903340318 1.0 1599
1767903341052 1.0 1609
1767903341787 1.0 1619
1767903342522 1.0 1629
1767903343256 1.0 1639
1767903343990 1.0 1649
1767903344724 1.0 1659
1767903345460 1.0 1669
1767903346194 1.0 1679
1767903346930 1.0 1689
1767903347664 1.0 1699
1767903348396 1.0 1709
1767903349130 1.0 1719
1767903399303 1.0 1729
1767903400044 1.0 1739
1767903400778 1.0 1749
1767903401511 1.0 1759
1767903402245 1.0 1769
1767903402980 1.0 1779
1767903403713 1.0 1789
1767903404446 1.0 1799
1767903405180 1.0 1809
1767903405914 1.0 1819
1767903406648 1.0 1829
1767903407380 1.0 1839
1767903408112 1.0 1849
1767903408845 1.0 1859
1767903409576 1.0 1869
1767903459750 1.0 1879
1767903460484 1.0 1889
1767903461217 1.0 1899
1767903461950 1.0 1909
1767903462684 1.0 1919
1767903463417 1.0 1929
1767903464150 1.0 1939
1767903464885 1.0 1949
1767903465619 1.0 1959
1767903466353 1.0 1969
1767903467086 1.0 1979
1767903467818 1.0 1989
1767903468552 1.0 1999
1767903469284 1.0 2009
1767903519449 1.0 2019
1767903520183 1.0 2029
1767903520917 1.0 2039
1767903521650 1.0 2049
1767903522383 1.0 2059
1767903523116 1.0 2069
1767903523849 1.0 2079
1767903524583 1.0 2089
1767903525316 1.0 2099
1767903526049 1.0 2109
1767903526783 1.0 2119
1767903527515 1.0 2129
1767903528248 1.0 2139
1767903528980 1.0 2149
1767903529712 1.0 2159
1767903579983 1.0 2169
1767903580716 1.0 2179
1767903581450 1.0 2189
1767903582183 1.0 2199
1767903582915 1.0 2209
1767903583650 1.0 2219
1767903584383 1.0 2229
1767903585116 1.0 2239
1767903585850 1.0 2249
1767903586583 1.0 2259
1767903587315 1.0 2269
1767903588047 1.0 2279
1767903588778 1.0 2289
1767903589509 1.0 2299
1767903639529 1.0 2309
1767903640264 1.0 2319
1767903641001 1.0 2329
1767903641738 1.0 2339
1767903642473 1.0 2349
1767903643209 1.0 2359
1767903643945 1.0 2369
1767903644680 1.0 2379
1767903645416 1.0 2389
1767903646151 1.0 2399
1767903646885 1.0 2409
1767903647618 1.0 2419
1767903648351 1.0 2429
1767903649084 1.0 2439
1767903649819 1.0 2449
1767903700060 1.0 2459
1767903700794 1.0 2469
1767903701526 1.0 2479
1767903702259 1.0 2489
1767903702992 1.0 2499
1767903703723 1.0 2509
1767903704456 1.0 2519
1767903705188 1.0 2529
1767903705921 1.0 2539
1767903706655 1.0 2549
1767903707388 1.0 2559
1767903708119 1.0 2569
1767903708852 1.0 2579
1767903709584 1.0 2589
1767903759708 1.0 2599
1767903760442 1.0 2609
1767903761174 1.0 2619
1767903761906 1.0 2629
1767903762640 1.0 2639
1767903763372 1.0 2649
1767903764104 1.0 2659
1767903764837 1.0 2669
1767903765569 1.0 2679
1767903766301 1.0 2689
1767903767034 1.0 2699
1767903767764 1.0 2709
1767903768498 1.0 2719
1767903769228 1.0 2729
1767903819464 1.0 2739
1767903820200 1.0 2749
1767903820936 1.0 2759
1767903821671 1.0 2769
1767903822406 1.0 2779
1767903823140 1.0 2789
1767903823876 1.0 2799
1767903824610 1.0 2809
1767903825345 1.0 2819
1767903826080 1.0 2829
1767903826814 1.0 2839
1767903827547 1.0 2849
1767903828281 1.0 2859
1767903829015 1.0 2869
1767903829746 1.0 2879
1767904121514 1.0 2879
1767904121616 1.0 2879
1767904122418 2.0 2889
1767904123151 2.0 2899
1767904123882 2.0 2909
1767904179600 2.0 2919
1767904180334 2.0 2929
1767904181067 2.0 2939
1767904181800 2.0 2949
1767904182534 2.0 2959
1767904183267 2.0 2969
1767904184001 2.0 2979
1767904184735 2.0 2989
1767904185468 2.0 2999
1767904186201 2.0 3009
1767904186934 2.0 3019
1767904187665 2.0 3029
1767904188398 2.0 3039
1767904189130 2.0 3049
1767904189862 2.0 3059
1767904239934 2.0 3069
1767904240668 2.0 3079
1767904241402 2.0 3089
1767904242137 2.0 3099
1767904242870 2.0 3109
1767904243603 2.0 3119
1767904244335 2.0 3129
1767904245069 2.0 3139
1767904245803 2.0 3149
1767904246536 2.0 3159
1767904247267 2.0 3169
1767904248000 2.0 3179
1767904248733 2.0 3189
1767904249464 2.0 3199
1767904299668 2.0 3209
1767904300402 2.0 3219
1767904301137 2.0 3229
1767904301872 2.0 3239
1767904302604 2.0 3249
1767904303337 2.0 3259
1767904304069 2.0 3269
1767904304801 2.0 3279
1767904305534 2.0 3289
1767904306267 2.0 3299
1767904306999 2.0 3309
1767904307733 2.0 3319
1767904308465 2.0 3329
1767904309196 2.0 3339
1767904359340 2.0 3349
1767904360077 2.0 3359
1767904360811 2.0 3369
1767904361545 2.0 3379
1767904362277 2.0 3389
1767904363011 2.0 3399
1767904363743 2.0 3409
1767904364475 2.0 3419
1767904365209 2.0 3429
1767904365943 2.0 3439
1767904366675 2.0 3449
1767904367409 2.0 3459
1767904368140 2.0 3469
1767904368872 2.0 3479
1767904369605 2.0 3489
1767904419736 2.0 3499
1767904420471 2.0 3509
1767904421204 2.0 3519
1767904421939 2.0 3529
1767904422674 2.0 3539
1767904423406 2.0 3549
1767904424139 2.0 3559
1767904424872 2.0 3569
1767904425605 2.0 3579
1767904426337 2.0 3589
1767904427070 2.0 3599
1767904427801 2.0 3609
1767904428533 2.0 3619
1767904429264 2.0 3629
1767904479380 2.0 3639
1767904480114 2.0 3649
1767904480847 2.0 3659
1767904481581 2.0 3669
1767904482315 2.0 3679
1767904483048 2.0 3689
1767904483781 2.0 3699
1767904484517 2.0 3709
1767904485250 2.0 3719
1767904485983 2.0 3729
1767904486717 2.0 3739
1767904487448 2.0 3749
1767904488181 2.0 3759
1767904488913 2.0 3769
1767904489644 2.0 3779
1767904539799 2.0 3789
1767904540532 2.0 3799
1767904541264 2.0 3809
1767904541999 2.0 3819
1767904542732 2.0 3829
1767904543465 2.0 3839
1767904544198 2.0 3849
1767904544930 2.0 3859
1767904545664 2.0 3869
1767904546397 2.0 3879
1767904547130 2.0 3889
1767904547862 2.0 3899
1767904548594 2.0 3909
1767904549326 2.0 3919
1767904599634 2.0 3929
1767904600367 2.0 3939
1767904601100 2.0 3949
1767904601834 2.0 3959
1767904602566 2.0 3969
1767904603300 2.0 3979
1767904604032 2.0 3989
1767904604764 2.0 3999
1767904605499 2.0 4009
1767904606231 2.0 4019
1767904606964 2.0 4029
1767904607696 2.0 4039
1767904608428 2.0 4049
1767904609159 2.0 4059
1767904609890 2.0 4069
1767904660007 2.0 4079
1767904660740 2.0 4089
1767904661473 2.0 4099
1767904662205 2.0 4109
1767904662938 2.0 4119
1767904663670 2.0 4129
1767904664403 2.0 4139
1767904665137 2.0 4149
1767904665870 2.0 4159
1767904666603 2.0 4169
1767904667336 2.0 4179
1767904668068 2.0 4189
1767904668800 2.0 4199
1767904669533 2.0 4209
1767904719742 2.0 4219
1767904720475 2.0 4229
1767904721208 2.0 4239
1767904721940 2.0 4249
1767904722674 2.0 4259
1767904723407 2.0 4269
1767904724138 2.0 4279
1767904724871 2.0 4289
1767904725604 2.0 4299
1767904726337 2.0 4309
1767904727068 2.0 4319
1767905020815 2.0 4319
1767905020817 2.0 4319
1767905021614 3.0 4329
1767905022347 3.0 4339
1767905023084 3.0 4349
1767905023816 3.0 4359
1767905024548 3.0 4369
1767905025284 3.0 4379
1767905026017 3.0 4389
1767905079725 3.0 4399
1767905080458 3.0 4409
1767905081192 3.0 4419
1767905081925 3.0 4429
1767905082657 3.0 4439
1767905083390 3.0 4449
1767905084123 3.0 4459
1767905084857 3.0 4469
1767905085592 3.0 4479
1767905086325 3.0 4489
1767905087059 3.0 4499
1767905087791 3.0 4509
1767905088523 3.0 4519
1767905089256 3.0 4529
1767905139447 3.0 4539
1767905140180 3.0 4549
1767905140915 3.0 4559
1767905141648 3.0 4569
1767905142383 3.0 4579
1767905143115 3.0 4589
1767905143848 3.0 4599
1767905144583 3.0 4609
1767905145316 3.0 4619
1767905146049 3.0 4629
1767905146783 3.0 4639
1767905147515 3.0 4649
1767905148247 3.0 4659
1767905148981 3.0 4669
1767905149712 3.0 4679
1767905199879 3.0 4689
1767905200612 3.0 4699
1767905201346 3.0 4709
1767905202080 3.0 4719
1767905202812 3.0 4729
1767905203544 3.0 4739
1767905204278 3.0 4749
1767905205010 3.0 4759
1767905205743 3.0 4769
1767905206479 3.0 4779
1767905207211 3.0 4789
1767905207945 3.0 4799
1767905208677 3.0 4809
1767905209409 3.0 4819
1767905259625 3.0 4829
1767905260359 3.0 4839
1767905261092 3.0 4849
1767905261828 3.0 4859
1767905262561 3.0 4869
1767905263294 3.0 4879
1767905264028 3.0 4889
1767905264762 3.0 4899
1767905265498 3.0 4909
1767905266230 3.0 4919
1767905266964 3.0 4929
1767905267698 3.0 4939
1767905268429 3.0 4949
1767905269161 3.0 4959
1767905269894 3.0 4969
1767905320036 3.0 4979
1767905320771 3.0 4989
1767905321507 3.0 4999
1767905322242 3.0 5009
1767905322976 3.0 5019
1767905323712 3.0 5029
1767905324445 3.0 5039
1767905325180 3.0 5049
1767905325915 3.0 5059
1767905326647 3.0 5069
1767905327381 3.0 5079
1767905328115 3.0 5089
1767905328847 3.0 5099
1767905329579 3.0 5109
1767905379723 3.0 5119
1767905380455 3.0 5129
1767905381189 3.0 5139
1767905381922 3.0 5149
1767905382653 3.0 5159
1767905383386 3.0 5169
1767905384119 3.0 5179
1767905384851 3.0 5189
1767905385592 3.0 5199
1767905386326 3.0 5209
1767905387059 3.0 5219
1767905387792 3.0 5229
1767905388524 3.0 5239
1767905389257 3.0 5249
1767905439436 3.0 5259
1767905440170 3.0 5269
1767905440905 3.0 5279
1767905441639 3.0 5289
1767905442373 3.0 5299
1767905443106 3.0 5309
1767905443837 3.0 5319
1767905444571 3.0 5329
1767905445304 3.0 5339
1767905446038 3.0 5349
1767905446771 3.0 5359
1767905447504 3.0 5369
1767905448236 3.0 5379
1767905448969 3.0 5389
1767905449701 3.0 5399
1767905499899 3.0 5409
1767905500633 3.0 5419
1767905501365 3.0 5429
1767905502100 3.0 5439
1767905502833 3.0 5449
1767905503565 3.0 5459
1767905504300 3.0 5469
1767905505032 3.0 5479
1767905505765 3.0 5489
1767905506499 3.0 5499
1767905507231 3.0 5509
1767905507963 3.0 5519
1767905508696 3.0 5529
1767905509427 3.0 5539
1767905559531 3.0 5549
1767905560264 3.0 5559
1767905560997 3.0 5569
1767905561731 3.0 5579
1767905562464 3.0 5589
1767905563198 3.0 5599
1767905563933 3.0 5609
1767905564667 3.0 5619
1767905565402 3.0 5629
1767905566136 3.0 5639
1767905566868 3.0 5649
1767905567599 3.0 5659
1767905568331 3.0 5669
1767905569062 3.0 5679
1767905569793 3.0 5689
1767905619911 3.0 5699
1767905620643 3.0 5709
1767905621377 3.0 5719
1767905622110 3.0 5729
1767905622843 3.0 5739
1767905623577 3.0 5749
1767905624309 3.0 5759
1767905919981 3.0 5759
1767905919983 3.0 5759
1767905920786 4.0 5769
1767905921519 4.0 5779
1767905922255 4.0 5789
1767905922987 4.0 5799
1767905923722 4.0 5809
1767905924455 4.0 5819
1767905925188 4.0 5829
1767905925922 4.0 5839
1767905926654 4.0 5849
1767905927386 4.0 5859
1767905979347 4.0 5869
1767905980087 4.0 5879
1767905980819 4.0 5889
1767905981554 4.0 5899
1767905982288 4.0 5909
1767905983022 4.0 5919
1767905983758 4.0 5929
1767905984491 4.0 5939
1767905985224 4.0 5949
1767905985956 4.0 5959
1767905986688 4.0 5969
1767905987419 4.0 5979
1767905988152 4.0 5989
1767905988884 4.0 5999
1767905989617 4.0 6009
1767906039800 4.0 6019
1767906040534 4.0 6029
1767906041269 4.0 6039
1767906042002 4.0 6049
1767906042735 4.0 6059
1767906043470 4.0 6069
1767906044203 4.0 6079
1767906044937 4.0 6089
1767906045671 4.0 6099
1767906046404 4.0 6109
1767906047137 4.0 6119
1767906047870 4.0 6129
1767906048601 4.0 6139
1767906049334 4.0 6149
1767906099438 4.0 6159
1767906100172 4.0 6169
1767906100906 4.0 6179
1767906101640 4.0 6189
1767906102373 4.0 6199
1767906103108 4.0 6209
1767906103843 4.0 6219
1767906104577 4.0 6229
1767906105311 4.0 6239
1767906106044 4.0 6249
1767906106778 4.0 6259
1767906107511 4.0 6269
1767906108244 4.0 6279
1767906108976 4.0 6289
1767906109709 4.0 6299
1767906159836 4.0 6309
1767906160571 4.0 6319
1767906161304 4.0 6329
1767906162037 4.0 6339
1767906162772 4.0 6349
1767906163505 4.0 6359
1767906164239 4.0 6369
1767906164972 4.0 6379
1767906165706 4.0 6389
1767906166442 4.0 6399
1767906167174 4.0 6409
1767906167905 4.0 6419
1767906168638 4.0 6429
1767906169370 4.0 6439
1767906219589 4.0 6449
1767906220323 4.0 6459
1767906221056 4.0 6469
1767906221791 4.0 6479
1767906222524 4.0 6489
1767906223255 4.0 6499
1767906223990 4.0 6509
1767906224723 4.0 6519
1767906225456 4.0 6529
1767906226191 4.0 6539
1767906226923 4.0 6549
1767906227655 4.0 6559
1767906228388 4.0 6569
1767906229120 4.0 6579
1767906229852 4.0 6589
1767906269065 4.0 6599
1767906269803 4.0 6609
1767906270538 4.0 6619
1767906271274 4.0 6629
1767906272011 4.0 6639
1767906272746 4.0 6649
1767906273482 4.0 6659
1767906274220 4.0 6669
1767906274956 4.0 6679
1767906275691 4.0 6689
1767906276426 4.0 6699
1767906277163 4.0 6709
1767906277900 4.0 6719
1767906278635 4.0 6729
1767906279372 4.0 6739
1767906280106 4.0 6749
1767906280843 4.0 6759
1767906281580 4.0 6769
1767906282315 4.0 6779
1767906283052 4.0 6789
1767906283789 4.0 6799
1767906284525 4.0 6809
1767906285261 4.0 6819
1767906285997 4.0 6829
1767906286735 4.0 6839
1767906287473 4.0 6849
1767906288208 4.0 6859
1767906288944 4.0 6869
1767906289681 4.0 6879
1767906290416 4.0 6889
1767906291150 4.0 6899
1767906291885 4.0 6909
1767906292619 4.0 6919
1767906293355 4.0 6929
1767906294091 4.0 6939
1767906294828 4.0 6949
1767906295565 4.0 6959
1767906296301 4.0 6969
1767906297037 4.0 6979
1767906297776 4.0 6989
1767906298513 4.0 6999
1767906299249 4.0 7009
1767906299988 4.0 7019
1767906300724 4.0 7029
1767906301461 4.0 7039
1767906302198 4.0 7049
1767906302935 4.0 7059
1767906303673 4.0 7069
1767906304408 4.0 7079
1767906305146 4.0 7089
1767906305885 4.0 7099
1767906306620 4.0 7109
1767906307355 4.0 7119
1767906308092 4.0 7129
1767906308830 4.0 7139
1767906309567 4.0 7149
1767906310305 4.0 7159
1767906311041 4.0 7169
1767906311778 4.0 7179
1767906312515 4.0 7189
1767906313250 4.0 7199
1767906327433 4.0 7199
1767906327550 4.0 7199
1767906328353 5.0 7209
1767906329088 5.0 7219
1767906329823 5.0 7229
1767906330559 5.0 7239
1767906331296 5.0 7249
1767906332032 5.0 7259
1767906332767 5.0 7269
1767906333502 5.0 7279
1767906334238 5.0 7289
1767906334973 5.0 7299
1767906335713 5.0 7309
1767906336451 5.0 7319
1767906337189 5.0 7329
1767906337924 5.0 7339
1767906338661 5.0 7349
1767906339398 5.0 7359
1767906340137 5.0 7369
1767906340876 5.0 7379
1767906341614 5.0 7389
1767906342351 5.0 7399
1767906343087 5.0 7409
1767906343822 5.0 7419
1767906344559 5.0 7429
1767906345296 5.0 7439
1767906346032 5.0 7449
1767906346768 5.0 7459
1767906347503 5.0 7469
1767906348240 5.0 7479
1767906348980 5.0 7489
1767906349716 5.0 7499
1767906350455 5.0 7509
1767906351193 5.0 7519
1767906351931 5.0 7529
1767906352669 5.0 7539
1767906353408 5.0 7549
1767906354146 5.0 7559
1767906354884 5.0 7569
1767906355620 5.0 7579
1767906356355 5.0 7589
1767906357093 5.0 7599
1767906357827 5.0 7609
1767906358564 5.0 7619
1767906359300 5.0 7629
1767906360038 5.0 7639
1767906360775 5.0 7649
1767906361510 5.0 7659
1767906362244 5.0 7669
1767906362983 5.0 7679
1767906363719 5.0 7689
1767906364456 5.0 7699
1767906365193 5.0 7709
1767906365928 5.0 7719
1767906366662 5.0 7729
1767906367400 5.0 7739
1767906368136 5.0 7749
1767906368874 5.0 7759
1767906369611 5.0 7769
1767906370348 5.0 7779
1767906371086 5.0 7789
1767906371823 5.0 7799
1767906372560 5.0 7809
1767906373300 5.0 7819
1767906374037 5.0 7829
1767906374775 5.0 7839
1767906375513 5.0 7849
1767906376248 5.0 7859
1767906376986 5.0 7869
1767906377723 5.0 7879
1767906378457 5.0 7889
1767906379193 5.0 7899
1767906379928 5.0 7909
1767906380665 5.0 7919
1767906381401 5.0 7929
1767906382137 5.0 7939
1767906382872 5.0 7949
1767906383607 5.0 7959
1767906384343 5.0 7969
1767906385080 5.0 7979
1767906385817 5.0 7989
1767906386552 5.0 7999
1767906387287 5.0 8009
1767906388020 5.0 8019
1767906388753 5.0 8029
1767906389489 5.0 8039
1767906390225 5.0 8049
1767906390959 5.0 8059
1767906391692 5.0 8069
1767906392424 5.0 8079
1767906393155 5.0 8089
1767906393892 5.0 8099
1767906394629 5.0 8109
1767906395363 5.0 8119
1767906396097 5.0 8129
1767906396831 5.0 8139
1767906397568 5.0 8149
1767906398302 5.0 8159
1767906399037 5.0 8169
1767906399774 5.0 8179
1767906400510 5.0 8189
1767906401244 5.0 8199
1767906401979 5.0 8209
1767906402716 5.0 8219
1767906403452 5.0 8229
1767906404188 5.0 8239
1767906404924 5.0 8249
1767906405663 5.0 8259
1767906406398 5.0 8269
1767906407131 5.0 8279
1767906407868 5.0 8289
1767906408603 5.0 8299
1767906409336 5.0 8309
1767906410072 5.0 8319
1767906410806 5.0 8329
1767906411541 5.0 8339
1767906412272 5.0 8349
1767906413011 5.0 8359
1767906413746 5.0 8369
1767906414481 5.0 8379
1767906415216 5.0 8389
1767906415953 5.0 8399
1767906416687 5.0 8409
1767906417421 5.0 8419
1767906418158 5.0 8429
1767906418891 5.0 8439
1767906419625 5.0 8449
1767906420362 5.0 8459
1767906421098 5.0 8469
1767906421832 5.0 8479
1767906422565 5.0 8489
1767906423301 5.0 8499
1767906424037 5.0 8509
1767906424773 5.0 8519
1767906425509 5.0 8529
1767906426244 5.0 8539
1767906426976 5.0 8549
1767906427711 5.0 8559
1767906428446 5.0 8569
1767906429181 5.0 8579
1767906429916 5.0 8589
1767906430649 5.0 8599
1767906431384 5.0 8609
1767906432117 5.0 8619
1767906432851 5.0 8629
1767906433585 5.0 8639
1767906447742 5.0 8639
1767906447744 5.0 8639
1767906448545 6.0 8649
1767906449278 6.0 8659
1767906450013 6.0 8669
1767906450749 6.0 8679
1767906451482 6.0 8689
1767906452216 6.0 8699
1767906452951 6.0 8709
1767906453685 6.0 8719
1767906454421 6.0 8729
1767906455156 6.0 8739
1767906455891 6.0 8749
1767906456628 6.0 8759
1767906457363 6.0 8769
1767906458098 6.0 8779
1767906458834 6.0 8789
1767906459568 6.0 8799
1767906460300 6.0 8809
1767906461035 6.0 8819
1767906461769 6.0 8829
1767906462504 6.0 8839
1767906463238 6.0 8849
1767906463973 6.0 8859
1767906464707 6.0 8869
1767906465440 6.0 8879
1767906466172 6.0 8889
1767906466906 6.0 8899
1767906467639 6.0 8909
1767906468372 6.0 8919
1767906469106 6.0 8929
1767906469839 6.0 8939
1767906470572 6.0 8949
1767906471303 6.0 8959
1767906472034 6.0 8969
1767906472768 6.0 8979
1767906519939 6.0 8989
1767906520672 6.0 8999
1767906521406 6.0 9009
1767906522140 6.0 9019
1767906522872 6.0 9029
1767906523605 6.0 9039
1767906524341 6.0 9049
1767906525073 6.0 9059
1767906525806 6.0 9069
1767906526540 6.0 9079
1767906527272 6.0 9089
1767906528003 6.0 9099
1767906528735 6.0 9109
1767906529465 6.0 9119
1767906579700 6.0 9129
1767906580433 6.0 9139
1767906581165 6.0 9149
1767906581900 6.0 9159
1767906582633 6.0 9169
1767906583365 6.0 9179
1767906584097 6.0 9189
1767906584830 6.0 9199
1767906585564 6.0 9209
1767906586297 6.0 9219
1767906587029 6.0 9229
1767906587762 6.0 9239
1767906588494 6.0 9249
1767906589225 6.0 9259
1767906593241 6.0 9269
1767906593980 6.0 9279
1767906594717 6.0 9289
1767906595454 6.0 9299
1767906596192 6.0 9309
1767906596927 6.0 9319
1767906597661 6.0 9329
1767906598399 6.0 9339
1767906599136 6.0 9349
1767906599873 6.0 9359
1767906600609 6.0 9369
1767906601346 6.0 9379
1767906602084 6.0 9389
