1767902926041 0.0010000000474974513 9
1767902926767 0.0010000000474974513 19
1767902927496 0.0010000000474974513 29
1767902928228 0.0010000000474974513 39
1767902928961 0.0010000000474974513 49
1767902929692 0.0010000000474974513 59
1767902930424 0.0010000000474974513 69
1767902931157 0.0010000000474974513 79
1767902931888 0.0010000000474974513 89
1767902932621 0.0010000000474974513 99
1767902933354 0.0010000000474974513 109
1767902934086 0.0010000000474974513 119
1767902934819 0.0010000000474974513 129
1767902935551 0.0010000000474974513 139
1767902936282 0.0010000000474974513 149
1767902937013 0.0010000000474974513 159
1767902937746 0.0010000000474974513 169
1767902938479 0.0010000000474974513 179
1767902939211 0.0010000000474974513 189
1767902939943 0.0010000000474974513 199
1767902940676 0.0010000000474974513 209
1767902941407 0.0010000000474974513 219
1767902942138 0.0010000000474974513 229
1767902942871 0.0010000000474974513 239
1767902943603 0.0010000000474974513 249
1767902944337 0.0010000000474974513 259
1767902945071 0.0010000000474974513 269
1767902945803 0.0010000000474974513 279
1767902946535 0.0010000000474974513 289
1767902947267 0.0010000000474974513 299
1767902947998 0.0010000000474974513 309
1767902948733 0.0010000000474974513 319
1767902949466 0.0010000000474974513 329
1767902950199 0.0010000000474974513 339
1767902950932 0.0010000000474974513 349
1767902951665 0.0010000000474974513 359
1767902952397 0.0010000000474974513 369
1767902953132 0.0010000000474974513 379
1767902953866 0.0010000000474974513 389
1767902954600 0.0010000000474974513 399
1767902955335 0.0010000000474974513 409
1767902956068 0.0010000000474974513 419
1767902956801 0.0010000000474974513 429
1767902957533 0.0010000000474974513 439
1767902958266 0.0010000000474974513 449
1767902959002 0.0010000000474974513 459
1767902959734 0.0010000000474974513 469
1767902960466 0.0010000000474974513 479
1767902961201 0.0010000000474974513 489
1767902961933 0.0010000000474974513 499
1767902962666 0.0010000000474974513 509
1767902963402 0.0010000000474974513 519
1767902964136 0.0010000000474974513 529
1767902964868 0.0010000000474974513 539
1767902965604 0.0010000000474974513 549
1767902966336 0.0010000000474974513 559
1767902967068 0.0010000000474974513 569
1767902967800 0.0010000000474974513 579
1767902968533 0.0010000000474974513 589
1767902969267 0.0010000000474974513 599
1767902969999 0.0010000000474974513 609
1767902970732 0.0010000000474974513 619
1767902971466 0.0010000000474974513 629
1767902972198 0.0010000000474974513 639
1767902972930 0.0010000000474974513 649
1767902973665 0.0010000000474974513 659
1767902974397 0.0010000000474974513 669
1767902975133 0.0010000000474974513 679
1767902975866 0.0010000000474974513 689
1767902976598 0.0010000000474974513 699
1767902977332 0.0010000000474974513 709
1767902978065 0.0010000000474974513 719
1767902978798 0.0010000000474974513 729
1767902979531 0.0010000000474974513 739
1767902980263 0.0010000000474974513 749
1767902980995 0.0010000000474974513 759
1767902981728 0.0010000000474974513 769
1767902982460 0.0010000000474974513 779
1767902983192 0.0010000000474974513 789
1767902983925 0.0010000000474974513 799
1767902984659 0.0010000000474974513 809
1767902985391 0.0010000000474974513 819
1767902986123 0.0010000000474974513 829
1767902986855 0.0010000000474974513 839
1767902987588 0.0010000000474974513 849
1767902988321 0.0010000000474974513 859
1767902989054 0.0010000000474974513 869
1767902989788 0.0010000000474974513 879
1767902990519 0.0010000000474974513 889
1767902991251 0.0010000000474974513 899
1767902991983 0.0010000000474974513 909
1767902992715 0.0010000000474974513 919
1767902993447 0.0010000000474974513 929
1767902994179 0.0010000000474974513 939
1767902994911 0.0010000000474974513 949
1767902995645 0.0010000000474974513 959
1767902996378 0.0010000000474974513 969
1767902997111 0.0010000000474974513 979
1767902997846 0.0010000000474974513 989
1767902998579 0.0010000000474974513 999
1767902999313 0.0010000000474974513 1009
1767903000048 0.0010000000474974513 1019
1767903000791 0.0010000000474974513 1029
1767903001525 0.0010000000474974513 1039
1767903002260 0.0010000000474974513 1049
1767903002993 0.0010000000474974513 1059
1767903003728 0.0010000000474974513 1069
1767903004463 0.0010000000474974513 1079
1767903005198 0.0010000000474974513 1089
1767903005936 0.0010000000474974513 1099
1767903006667 0.0010000000474974513 1109
1767903007398 0.0010000000474974513 1119
1767903008131 0.0010000000474974513 1129
1767903008863 0.0010000000474974513 1139
1767903009595 0.0010000000474974513 1149
1767903010328 0.0010000000474974513 1159
1767903011059 0.0010000000474974513 1169
1767903039311 0.0010000000474974513 1179
1767903040049 0.0010000000474974513 1189
1767903040782 0.0010000000474974513 1199
1767903041514 0.0010000000474974513 1209
1767903042247 0.0010000000474974513 1219
1767903042980 0.0010000000474974513 1229
1767903043713 0.0010000000474974513 1239
1767903044444 0.0010000000474974513 1249
1767903045178 0.0010000000474974513 1259
1767903045911 0.0010000000474974513 1269
1767903046645 0.0010000000474974513 1279
1767903047378 0.0010000000474974513 1289
1767903048110 0.0010000000474974513 1299
1767903048844 0.0010000000474974513 1309
1767903049577 0.0010000000474974513 1319
1767903050312 0.0010000000474974513 1329
1767903051045 0.0010000000474974513 1339
1767903051777 0.0010000000474974513 1349
1767903052511 0.0010000000474974513 1359
1767903053245 0.0010000000474974513 1369
1767903053978 0.0010000000474974513 1379
1767903054710 0.0010000000474974513 1389
1767903055443 0.0010000000474974513 1399
1767903056176 0.0010000000474974513 1409
1767903056911 0.0010000000474974513 1419
1767903057644 0.0010000000474974513 1429
1767903058375 0.0010000000474974513 1439
1767903280100 0.0010000000474974513 1449
1767903280835 0.0010000000474974513 1459
1767903281569 0.0010000000474974513 1469
1767903282301 0.0010000000474974513 1479
1767903283035 0.0010000000474974513 1489
1767903283769 0.0010000000474974513 1499
1767903284503 0.0010000000474974513 1509
1767903285236 0.0010000000474974513 1519
1767903285970 0.0010000000474974513 1529
1767903286702 0.0010000000474974513 1539
1767903287435 0.0010000000474974513 1549
1767903288167 0.0010000000474974513 1559
1767903288899 0.0010000000474974513 1569
1767903289632 0.0010000000474974513 1579
1767903339584 0.0010000000474974513 1589
1767903340318 0.0010000000474974513 1599
1767903341052 0.0010000000474974513 1609
1767903341787 0.0010000000474974513 1619
1767903342522 0.0010000000474974513 1629
1767903343256 0.0010000000474974513 1639
1767903343990 0.0010000000474974513 1649
1767903344724 0.0010000000474974513 1659
1767903345460 0.0010000000474974513 1669
1767903346194 0.0010000000474974513 1679
1767903346930 0.0010000000474974513 1689
1767903347664 0.0010000000474974513 1699
1767903348396 0.0010000000474974513 1709
1767903349130 0.0010000000474974513 1719
1767903399303 0.0010000000474974513 1729
1767903400044 0.0010000000474974513 1739
1767903400778 0.0010000000474974513 1749
1767903401511 0.0010000000474974513 1759
1767903402245 0.0010000000474974513 1769
1767903402980 0.0010000000474974513 1779
1767903403713 0.0010000000474974513 1789
1767903404446 0.0010000000474974513 1799
1767903405180 0.0010000000474974513 1809
1767903405914 0.0010000000474974513 1819
1767903406648 0.0010000000474974513 1829
1767903407380 0.0010000000474974513 1839
1767903408112 0.0010000000474974513 1849
1767903408845 0.0010000000474974513 1859
1767903409576 0.0010000000474974513 1869
1767903459750 0.0010000000474974513 1879
1767903460484 0.0010000000474974513 1889
1767903461217 0.0010000000474974513 1899
1767903461950 0.0010000000474974513 1909
1767903462684 0.0010000000474974513 1919
1767903463417 0.0010000000474974513 1929
1767903464150 0.0010000000474974513 1939
1767903464885 0.0010000000474974513 1949
1767903465619 0.0010000000474974513 1959
1767903466353 0.0010000000474974513 1969
1767903467086 0.0010000000474974513 1979
1767903467818 0.0010000000474974513 1989
1767903468552 0.0010000000474974513 1999
1767903469284 0.0010000000474974513 2009
1767903519449 0.0010000000474974513 2019
1767903520183 0.0010000000474974513 2029
1767903520917 0.0010000000474974513 2039
1767903521650 0.0010000000474974513 2049
1767903522383 0.0010000000474974513 2059
1767903523116 0.0010000000474974513 2069
1767903523849 0.0010000000474974513 2079
1767903524583 0.0010000000474974513 2089
1767903525316 0.0010000000474974513 2099
1767903526049 0.0010000000474974513 2109
1767903526783 0.0010000000474974513 2119
1767903527515 0.0010000000474974513 2129
1767903528248 0.0010000000474974513 2139
1767903528980 0.0010000000474974513 2149
1767903529712 0.0010000000474974513 2159
1767903579983 0.0010000000474974513 2169
1767903580716 0.0010000000474974513 2179
1767903581450 0.0010000000474974513 2189
1767903582183 0.0010000000474974513 2199
1767903582915 0.0010000000474974513 2209
1767903583650 0.0010000000474974513 2219
1767903584383 0.0010000000474974513 2229
1767903585116 0.0010000000474974513 2239
1767903585850 0.0010000000474974513 2249
1767903586583 0.0010000000474974513 2259
1767903587315 0.0010000000474974513 2269
1767903588047 0.0010000000474974513 2279
1767903588778 0.0010000000474974513 2289
1767903589509 0.0010000000474974513 2299
1767903639529 0.0010000000474974513 2309
1767903640264 0.0010000000474974513 2319
1767903641001 0.0010000000474974513 2329
1767903641738 0.0010000000474974513 2339
1767903642473 0.0010000000474974513 2349
1767903643209 0.0010000000474974513 2359
1767903643945 0.0010000000474974513 2369
1767903644680 0.0010000000474974513 2379
1767903645416 0.0010000000474974513 2389
1767903646151 0.0010000000474974513 2399
1767903646885 0.0010000000474974513 2409
1767903647618 0.0010000000474974513 2419
1767903648351 0.0010000000474974513 2429
1767903649084 0.0010000000474974513 2439
1767903649819 0.0010000000474974513 2449
1767903700060 0.0010000000474974513 2459
1767903700794 0.0010000000474974513 2469
1767903701526 0.0010000000474974513 2479
1767903702259 0.0010000000474974513 2489
1767903702992 0.0010000000474974513 2499
1767903703723 0.0010000000474974513 2509
1767903704456 0.0010000000474974513 2519
1767903705188 0.0010000000474974513 2529
1767903705921 0.0010000000474974513 2539
1767903706655 0.0010000000474974513 2549
1767903707388 0.0010000000474974513 2559
1767903708119 0.0010000000474974513 2569
1767903708852 0.0010000000474974513 2579
1767903709584 0.0010000000474974513 2589
1767903759708 0.0010000000474974513 2599
1767903760442 0.0010000000474974513 2609
1767903761174 0.0010000000474974513 2619
1767903761906 0.0010000000474974513 2629
1767903762640 0.0010000000474974513 2639
1767903763372 0.0010000000474974513 2649
1767903764104 0.0010000000474974513 2659
1767903764837 0.0010000000474974513 2669
1767903765569 0.0010000000474974513 2679
1767903766301 0.0010000000474974513 2689
1767903767034 0.0010000000474974513 2699
1767903767764 0.0010000000474974513 2709
1767903768498 0.0010000000474974513 2719
1767903769228 0.0010000000474974513 2729
1767903819464 0.0010000000474974513 2739
1767903820200 0.0010000000474974513 2749
1767903820936 0.0010000000474974513 2759
1767903821671 0.0010000000474974513 2769
1767903822406 0.0010000000474974513 2779
1767903823140 0.0010000000474974513 2789
1767903823876 0.0010000000474974513 2799
1767903824610 0.0010000000474974513 2809
1767903825345 0.0010000000474974513 2819
1767903826080 0.0010000000474974513 2829
1767903826814 0.0010000000474974513 2839
1767903827547 0.0010000000474974513 2849
1767903828281 0.0010000000474974513 2859
1767903829015 0.0010000000474974513 2869
1767903829746 0.0010000000474974513 2879
1767904122418 0.0010000000474974513 2889
1767904123151 0.0010000000474974513 2899
1767904123882 0.0010000000474974513 2909
1767904179600 0.0010000000474974513 2919
1767904180334 0.0010000000474974513 2929
1767904181067 0.0010000000474974513 2939
1767904181800 0.0010000000474974513 2949
1767904182534 0.0010000000474974513 2959
1767904183267 0.0010000000474974513 2969
1767904184001 0.0010000000474974513 2979
1767904184735 0.0010000000474974513 2989
1767904185468 0.0010000000474974513 2999
1767904186201 0.0010000000474974513 3009
1767904186934 0.0010000000474974513 3019
1767904187665 0.0010000000474974513 3029
1767904188398 0.0010000000474974513 3039
1767904189130 0.0010000000474974513 3049
1767904189862 0.0010000000474974513 3059
1767904239934 0.0010000000474974513 3069
1767904240668 0.0010000000474974513 3079
1767904241402 0.0010000000474974513 3089
1767904242137 0.0010000000474974513 3099
1767904242870 0.0010000000474974513 3109
1767904243603 0.0010000000474974513 3119
1767904244335 0.0010000000474974513 3129
1767904245069 0.0010000000474974513 3139
1767904245803 0.0010000000474974513 3149
1767904246536 0.0010000000474974513 3159
1767904247267 0.0010000000474974513 3169
1767904248000 0.0010000000474974513 3179
1767904248733 0.0010000000474974513 3189
1767904249464 0.0010000000474974513 3199
1767904299668 0.0010000000474974513 3209
1767904300402 0.0010000000474974513 3219
1767904301137 0.0010000000474974513 3229
1767904301872 0.0010000000474974513 3239
1767904302604 0.0010000000474974513 3249
1767904303337 0.0010000000474974513 3259
1767904304069 0.0010000000474974513 3269
1767904304801 0.0010000000474974513 3279
1767904305534 0.0010000000474974513 3289
1767904306267 0.0010000000474974513 3299
1767904306999 0.0010000000474974513 3309
1767904307733 0.0010000000474974513 3319
1767904308465 0.0010000000474974513 3329
1767904309196 0.0010000000474974513 3339
1767904359340 0.0010000000474974513 3349
1767904360077 0.0010000000474974513 3359
1767904360811 0.0010000000474974513 3369
1767904361545 0.0010000000474974513 3379
1767904362277 0.0010000000474974513 3389
1767904363011 0.0010000000474974513 3399
1767904363743 0.0010000000474974513 3409
1767904364475 0.0010000000474974513 3419
1767904365209 0.0010000000474974513 3429
1767904365943 0.0010000000474974513 3439
1767904366675 0.0010000000474974513 3449
1767904367409 0.0010000000474974513 3459
1767904368140 0.0010000000474974513 3469
1767904368872 0.0010000000474974513 3479
1767904369605 0.0010000000474974513 3489
1767904419736 0.0010000000474974513 3499
1767904420471 0.0010000000474974513 3509
1767904421204 0.0010000000474974513 3519
1767904421939 0.0010000000474974513 3529
1767904422674 0.0010000000474974513 3539
1767904423406 0.0010000000474974513 3549
1767904424139 0.0010000000474974513 3559
1767904424872 0.0010000000474974513 3569
1767904425605 0.0010000000474974513 3579
1767904426337 0.0010000000474974513 3589
1767904427070 0.0010000000474974513 3599
1767904427801 0.0010000000474974513 3609
1767904428533 0.0010000000474974513 3619
1767904429264 0.0010000000474974513 3629
1767904479380 0.0010000000474974513 3639
1767904480114 0.0010000000474974513 3649
1767904480847 0.0010000000474974513 3659
1767904481581 0.0010000000474974513 3669
1767904482315 0.0010000000474974513 3679
1767904483048 0.0010000000474974513 3689
1767904483781 0.0010000000474974513 3699
1767904484517 0.0010000000474974513 3709
1767904485250 0.0010000000474974513 3719
1767904485983 0.0010000000474974513 3729
1767904486717 0.0010000000474974513 3739
1767904487448 0.0010000000474974513 3749
1767904488181 0.0010000000474974513 3759
1767904488913 0.0010000000474974513 3769
1767904489644 0.0010000000474974513 3779
1767904539799 0.0010000000474974513 3789
1767904540532 0.0010000000474974513 3799
1767904541264 0.0010000000474974513 3809
1767904541999 0.0010000000474974513 3819
1767904542732 0.0010000000474974513 3829
1767904543465 0.0010000000474974513 3839
1767904544198 0.0010000000474974513 3849
1767904544930 0.0010000000474974513 3859
1767904545664 0.0010000000474974513 3869
1767904546397 0.0010000000474974513 3879
1767904547130 0.0010000000474974513 3889
1767904547862 0.0010000000474974513 3899
1767904548594 0.0010000000474974513 3909
1767904549326 0.0010000000474974513 3919
1767904599634 0.0010000000474974513 3929
1767904600367 0.0010000000474974513 3939
1767904601100 0.0010000000474974513 3949
1767904601834 0.0010000000474974513 3959
1767904602566 0.0010000000474974513 3969
1767904603300 0.0010000000474974513 3979
1767904604032 0.0010000000474974513 3989
1767904604764 0.0010000000474974513 3999
1767904605499 0.0010000000474974513 4009
1767904606231 0.0010000000474974513 4019
1767904606964 0.0010000000474974513 4029
1767904607696 0.0010000000474974513 4039
1767904608428 0.0010000000474974513 4049
1767904609159 0.0010000000474974513 4059
1767904609890 0.0010000000474974513 4069
1767904660007 0.0010000000474974513 4079
1767904660740 0.0010000000474974513 4089
1767904661473 0.0010000000474974513 4099
1767904662205 0.0010000000474974513 4109
1767904662938 0.0010000000474974513 4119
1767904663670 0.0010000000474974513 4129
1767904664403 0.0010000000474974513 4139
1767904665137 0.0010000000474974513 4149
1767904665870 0.0010000000474974513 4159
1767904666603 0.0010000000474974513 4169
1767904667336 0.0010000000474974513 4179
1767904668068 0.0010000000474974513 4189
1767904668800 0.0010000000474974513 4199
1767904669533 0.0010000000474974513 4209
1767904719742 0.0010000000474974513 4219
1767904720475 0.0010000000474974513 4229
1767904721208 0.0010000000474974513 4239
1767904721940 0.0010000000474974513 4249
1767904722674 0.0010000000474974513 4259
1767904723407 0.0010000000474974513 4269
1767904724138 0.0010000000474974513 4279
1767904724871 0.0010000000474974513 4289
1767904725604 0.0010000000474974513 4299
1767904726337 0.0010000000474974513 4309
1767904727068 0.0010000000474974513 4319
1767905021614 0.0010000000474974513 4329
1767905022347 0.0010000000474974513 4339
1767905023084 0.0010000000474974513 4349
1767905023816 0.0010000000474974513 4359
1767905024548 0.0010000000474974513 4369
1767905025284 0.0010000000474974513 4379
1767905026017 0.0010000000474974513 4389
1767905079725 0.0010000000474974513 4399
1767905080458 0.0010000000474974513 4409
1767905081192 0.0010000000474974513 4419
1767905081925 0.0010000000474974513 4429
1767905082657 0.0010000000474974513 4439
1767905083390 0.0010000000474974513 4449
1767905084123 0.0010000000474974513 4459
1767905084857 0.0010000000474974513 4469
1767905085592 0.0010000000474974513 4479
1767905086325 0.0010000000474974513 4489
1767905087059 0.0010000000474974513 4499
1767905087791 0.0010000000474974513 4509
1767905088523 0.0010000000474974513 4519
1767905089256 0.0010000000474974513 4529
1767905139447 0.0010000000474974513 4539
1767905140180 0.0010000000474974513 4549
1767905140915 0.0010000000474974513 4559
1767905141648 0.0010000000474974513 4569
1767905142383 0.0010000000474974513 4579
1767905143115 0.0010000000474974513 4589
1767905143848 0.0010000000474974513 4599
1767905144583 0.0010000000474974513 4609
1767905145316 0.0010000000474974513 4619
1767905146049 0.0010000000474974513 4629
1767905146783 0.0010000000474974513 4639
1767905147515 0.0010000000474974513 4649
1767905148247 0.0010000000474974513 4659
1767905148981 0.0010000000474974513 4669
1767905149712 0.0010000000474974513 4679
1767905199879 0.0010000000474974513 4689
1767905200612 0.0010000000474974513 4699
1767905201346 0.0010000000474974513 4709
1767905202080 0.0010000000474974513 4719
1767905202812 0.0010000000474974513 4729
1767905203544 0.0010000000474974513 4739
1767905204278 0.0010000000474974513 4749
1767905205010 0.0010000000474974513 4759
1767905205743 0.0010000000474974513 4769
1767905206479 0.0010000000474974513 4779
1767905207211 0.0010000000474974513 4789
1767905207945 0.0010000000474974513 4799
1767905208677 0.0010000000474974513 4809
1767905209409 0.0010000000474974513 4819
1767905259625 0.0010000000474974513 4829
1767905260359 0.0010000000474974513 4839
1767905261092 0.0010000000474974513 4849
1767905261828 0.0010000000474974513 4859
1767905262561 0.0010000000474974513 4869
1767905263294 0.0010000000474974513 4879
1767905264028 0.0010000000474974513 4889
1767905264762 0.0010000000474974513 4899
1767905265498 0.0010000000474974513 4909
1767905266230 0.0010000000474974513 4919
1767905266964 0.0010000000474974513 4929
1767905267698 0.0010000000474974513 4939
1767905268429 0.0010000000474974513 4949
1767905269161 0.0010000000474974513 4959
1767905269894 0.0010000000474974513 4969
1767905320036 0.0010000000474974513 4979
1767905320771 0.0010000000474974513 4989
1767905321507 0.0010000000474974513 4999
1767905322242 0.0010000000474974513 5009
1767905322976 0.0010000000474974513 5019
1767905323712 0.0010000000474974513 5029
1767905324445 0.0010000000474974513 5039
1767905325180 0.0010000000474974513 5049
1767905325915 0.0010000000474974513 5059
1767905326647 0.0010000000474974513 5069
1767905327381 0.0010000000474974513 5079
1767905328115 0.0010000000474974513 5089
1767905328847 0.0010000000474974513 5099
1767905329579 0.0010000000474974513 5109
1767905379723 0.0010000000474974513 5119
1767905380455 0.0010000000474974513 5129
1767905381189 0.0010000000474974513 5139
1767905381922 0.0010000000474974513 5149
1767905382653 0.0010000000474974513 5159
1767905383386 0.0010000000474974513 5169
1767905384119 0.0010000000474974513 5179
1767905384851 0.0010000000474974513 5189
1767905385592 0.0010000000474974513 5199
1767905386326 0.0010000000474974513 5209
1767905387059 0.0010000000474974513 5219
1767905387792 0.0010000000474974513 5229
1767905388524 0.0010000000474974513 5239
1767905389257 0.0010000000474974513 5249
1767905439436 0.0010000000474974513 5259
1767905440170 0.0010000000474974513 5269
1767905440905 0.0010000000474974513 5279
1767905441639 0.0010000000474974513 5289
1767905442373 0.0010000000474974513 5299
1767905443106 0.0010000000474974513 5309
1767905443837 0.0010000000474974513 5319
1767905444571 0.0010000000474974513 5329
1767905445304 0.0010000000474974513 5339
1767905446038 0.0010000000474974513 5349
1767905446771 0.0010000000474974513 5359
1767905447504 0.0010000000474974513 5369
1767905448236 0.0010000000474974513 5379
1767905448969 0.0010000000474974513 5389
1767905449701 0.0010000000474974513 5399
1767905499899 0.0010000000474974513 5409
1767905500633 0.0010000000474974513 5419
1767905501365 0.0010000000474974513 5429
1767905502100 0.0010000000474974513 5439
1767905502833 0.0010000000474974513 5449
1767905503565 0.0010000000474974513 5459
1767905504300 0.0010000000474974513 5469
1767905505032 0.0010000000474974513 5479
1767905505765 0.0010000000474974513 5489
1767905506499 0.0010000000474974513 5499
1767905507231 0.0010000000474974513 5509
1767905507963 0.0010000000474974513 5519
1767905508696 0.0010000000474974513 5529
1767905509427 0.0010000000474974513 5539
1767905559531 0.0010000000474974513 5549
1767905560264 0.0010000000474974513 5559
1767905560997 0.0010000000474974513 5569
1767905561731 0.0010000000474974513 5579
1767905562464 0.0010000000474974513 5589
1767905563198 0.0010000000474974513 5599
1767905563933 0.0010000000474974513 5609
1767905564667 0.0010000000474974513 5619
1767905565402 0.0010000000474974513 5629
1767905566136 0.0010000000474974513 5639
1767905566868 0.0010000000474974513 5649
1767905567599 0.0010000000474974513 5659
1767905568331 0.0010000000474974513 5669
1767905569062 0.0010000000474974513 5679
1767905569793 0.0010000000474974513 5689
1767905619911 0.0010000000474974513 5699
1767905620643 0.0010000000474974513 5709
1767905621377 0.0010000000474974513 5719
1767905622110 0.0010000000474974513 5729
1767905622843 0.0010000000474974513 5739
1767905623577 0.0010000000474974513 5749
1767905624309 0.0010000000474974513 5759
1767905920786 0.0010000000474974513 5769
1767905921519 0.0010000000474974513 5779
1767905922255 0.0010000000474974513 5789
1767905922987 0.0010000000474974513 5799
1767905923722 0.0010000000474974513 5809
1767905924455 0.0010000000474974513 5819
1767905925188 0.0010000000474974513 5829
1767905925922 0.0010000000474974513 5839
1767905926654 0.0010000000474974513 5849
1767905927386 0.0010000000474974513 5859
1767905979347 0.0010000000474974513 5869
1767905980087 0.0010000000474974513 5879
1767905980819 0.0010000000474974513 5889
1767905981554 0.0010000000474974513 5899
1767905982288 0.0010000000474974513 5909
1767905983022 0.0010000000474974513 5919
1767905983758 0.0010000000474974513 5929
1767905984491 0.0010000000474974513 5939
1767905985224 0.0010000000474974513 5949
1767905985956 0.0010000000474974513 5959
1767905986688 0.0010000000474974513 5969
1767905987419 0.0010000000474974513 5979
1767905988152 0.0010000000474974513 5989
1767905988884 0.0010000000474974513 5999
1767905989617 0.0010000000474974513 6009
1767906039800 0.0010000000474974513 6019
1767906040534 0.0010000000474974513 6029
1767906041269 0.0010000000474974513 6039
1767906042002 0.0010000000474974513 6049
1767906042735 0.0010000000474974513 6059
1767906043470 0.0010000000474974513 6069
1767906044203 0.0010000000474974513 6079
1767906044937 0.0010000000474974513 6089
1767906045671 0.0010000000474974513 6099
1767906046404 0.0010000000474974513 6109
1767906047137 0.0010000000474974513 6119
1767906047870 0.0010000000474974513 6129
1767906048601 0.0010000000474974513 6139
1767906049334 0.0010000000474974513 6149
1767906099438 0.0010000000474974513 6159
1767906100172 0.0010000000474974513 6169
1767906100906 0.0010000000474974513 6179
1767906101640 0.0010000000474974513 6189
1767906102373 0.0010000000474974513 6199
1767906103108 0.0010000000474974513 6209
1767906103843 0.0010000000474974513 6219
1767906104577 0.0010000000474974513 6229
1767906105311 0.0010000000474974513 6239
1767906106044 0.0010000000474974513 6249
1767906106778 0.0010000000474974513 6259
1767906107511 0.0010000000474974513 6269
1767906108244 0.0010000000474974513 6279
1767906108976 0.0010000000474974513 6289
1767906109709 0.0010000000474974513 6299
1767906159836 0.0010000000474974513 6309
1767906160571 0.0010000000474974513 6319
1767906161304 0.0010000000474974513 6329
1767906162037 0.0010000000474974513 6339
1767906162772 0.0010000000474974513 6349
1767906163505 0.0010000000474974513 6359
1767906164239 0.0010000000474974513 6369
1767906164972 0.0010000000474974513 6379
1767906165706 0.0010000000474974513 6389
1767906166442 0.0010000000474974513 6399
1767906167174 0.0010000000474974513 6409
1767906167905 0.0010000000474974513 6419
1767906168638 0.0010000000474974513 6429
1767906169370 0.0010000000474974513 6439
1767906219589 0.0010000000474974513 6449
1767906220323 0.0010000000474974513 6459
1767906221056 0.0010000000474974513 6469
1767906221791 0.0010000000474974513 6479
1767906222524 0.0010000000474974513 6489
1767906223255 0.0010000000474974513 6499
1767906223990 0.0010000000474974513 6509
1767906224723 0.0010000000474974513 6519
1767906225456 0.0010000000474974513 6529
1767906226191 0.0010000000474974513 6539
1767906226923 0.0010000000474974513 6549
1767906227655 0.0010000000474974513 6559
1767906228388 0.0010000000474974513 6569
1767906229120 0.0010000000474974513 6579
1767906229852 0.0010000000474974513 6589
1767906269065 0.0010000000474974513 6599
1767906269803 0.0010000000474974513 6609
1767906270538 0.0010000000474974513 6619
1767906271274 0.0010000000474974513 6629
1767906272011 0.0010000000474974513 6639
1767906272746 0.0010000000474974513 6649
1767906273482 0.0010000000474974513 6659
1767906274220 0.0010000000474974513 6669
1767906274956 0.0010000000474974513 6679
1767906275691 0.0010000000474974513 6689
1767906276426 0.0010000000474974513 6699
1767906277163 0.0010000000474974513 6709
1767906277900 0.0010000000474974513 6719
1767906278635 0.0010000000474974513 6729
1767906279372 0.0010000000474974513 6739
1767906280106 0.0010000000474974513 6749
1767906280843 0.0010000000474974513 6759
1767906281580 0.0010000000474974513 6769
1767906282315 0.0010000000474974513 6779
1767906283052 0.0010000000474974513 6789
1767906283789 0.0010000000474974513 6799
1767906284525 0.0010000000474974513 6809
1767906285261 0.0010000000474974513 6819
1767906285997 0.0010000000474974513 6829
1767906286735 0.0010000000474974513 6839
1767906287473 0.0010000000474974513 6849
1767906288208 0.0010000000474974513 6859
1767906288944 0.0010000000474974513 6869
1767906289681 0.0010000000474974513 6879
1767906290416 0.0010000000474974513 6889
1767906291150 0.0010000000474974513 6899
1767906291885 0.0010000000474974513 6909
1767906292619 0.0010000000474974513 6919
1767906293355 0.0010000000474974513 6929
1767906294091 0.0010000000474974513 6939
1767906294828 0.0010000000474974513 6949
1767906295565 0.0010000000474974513 6959
1767906296301 0.0010000000474974513 6969
1767906297037 0.0010000000474974513 6979
1767906297776 0.0010000000474974513 6989
1767906298513 0.0010000000474974513 6999
1767906299249 0.0010000000474974513 7009
1767906299988 0.0010000000474974513 7019
1767906300724 0.0010000000474974513 7029
1767906301461 0.0010000000474974513 7039
1767906302198 0.0010000000474974513 7049
1767906302935 0.0010000000474974513 7059
1767906303673 0.0010000000474974513 7069
1767906304408 0.0010000000474974513 7079
1767906305146 0.0010000000474974513 7089
1767906305885 0.0010000000474974513 7099
1767906306620 0.0010000000474974513 7109
1767906307355 0.0010000000474974513 7119
1767906308092 0.0010000000474974513 7129
1767906308830 0.0010000000474974513 7139
1767906309567 0.0010000000474974513 7149
1767906310305 0.0010000000474974513 7159
1767906311041 0.0010000000474974513 7169
1767906311778 0.0010000000474974513 7179
1767906312515 0.0010000000474974513 7189
1767906313250 0.0010000000474974513 7199
1767906328353 0.0010000000474974513 7209
1767906329088 0.0010000000474974513 7219
1767906329823 0.0010000000474974513 7229
1767906330559 0.0010000000474974513 7239
1767906331296 0.0010000000474974513 7249
1767906332032 0.0010000000474974513 7259
1767906332767 0.0010000000474974513 7269
1767906333502 0.0010000000474974513 7279
1767906334238 0.0010000000474974513 7289
1767906334973 0.0010000000474974513 7299
1767906335713 0.0010000000474974513 7309
1767906336451 0.0010000000474974513 7319
1767906337189 0.0010000000474974513 7329
1767906337924 0.0010000000474974513 7339
1767906338661 0.0010000000474974513 7349
1767906339398 0.0010000000474974513 7359
1767906340137 0.0010000000474974513 7369
1767906340876 0.0010000000474974513 7379
1767906341614 0.0010000000474974513 7389
1767906342351 0.0010000000474974513 7399
1767906343087 0.0010000000474974513 7409
1767906343822 0.0010000000474974513 7419
1767906344559 0.0010000000474974513 7429
1767906345296 0.0010000000474974513 7439
1767906346032 0.0010000000474974513 7449
1767906346768 0.0010000000474974513 7459
1767906347503 0.0010000000474974513 7469
1767906348240 0.0010000000474974513 7479
1767906348980 0.0010000000474974513 7489
1767906349716 0.0010000000474974513 7499
1767906350455 0.0010000000474974513 7509
1767906351193 0.0010000000474974513 7519
1767906351931 0.0010000000474974513 7529
1767906352669 0.0010000000474974513 7539
1767906353408 0.0010000000474974513 7549
1767906354146 0.0010000000474974513 7559
1767906354884 0.0010000000474974513 7569
1767906355620 0.0010000000474974513 7579
1767906356355 0.0010000000474974513 7589
1767906357093 0.0010000000474974513 7599
1767906357827 0.0010000000474974513 7609
1767906358564 0.0010000000474974513 7619
1767906359300 0.0010000000474974513 7629
1767906360038 0.0010000000474974513 7639
1767906360775 0.0010000000474974513 7649
1767906361510 0.0010000000474974513 7659
1767906362244 0.0010000000474974513 7669
1767906362983 0.0010000000474974513 7679
1767906363719 0.0010000000474974513 7689
1767906364456 0.0010000000474974513 7699
1767906365193 0.0010000000474974513 7709
1767906365928 0.0010000000474974513 7719
1767906366662 0.0010000000474974513 7729
1767906367400 0.0010000000474974513 7739
1767906368136 0.0010000000474974513 7749
1767906368874 0.0010000000474974513 7759
1767906369611 0.0010000000474974513 7769
1767906370348 0.0010000000474974513 7779
1767906371086 0.0010000000474974513 7789
1767906371823 0.0010000000474974513 7799
1767906372560 0.0010000000474974513 7809
1767906373300 0.0010000000474974513 7819
1767906374037 0.0010000000474974513 7829
1767906374775 0.0010000000474974513 7839
1767906375513 0.0010000000474974513 7849
1767906376248 0.0010000000474974513 7859
1767906376986 0.0010000000474974513 7869
1767906377723 0.0010000000474974513 7879
1767906378457 0.0010000000474974513 7889
1767906379193 0.0010000000474974513 7899
1767906379928 0.0010000000474974513 7909
1767906380665 0.0010000000474974513 7919
1767906381401 0.0010000000474974513 7929
1767906382137 0.0010000000474974513 7939
1767906382872 0.0010000000474974513 7949
1767906383607 0.0010000000474974513 7959
1767906384343 0.0010000000474974513 7969
1767906385080 0.0010000000474974513 7979
1767906385817 0.0010000000474974513 7989
1767906386552 0.0010000000474974513 7999
1767906387287 0.0010000000474974513 8009
1767906388020 0.0010000000474974513 8019
1767906388753 0.0010000000474974513 8029
1767906389489 0.0010000000474974513 8039
1767906390225 0.0010000000474974513 8049
1767906390959 0.0010000000474974513 8059
1767906391692 0.0010000000474974513 8069
1767906392424 0.0010000000474974513 8079
1767906393155 0.0010000000474974513 8089
1767906393892 0.0010000000474974513 8099
1767906394629 0.0010000000474974513 8109
1767906395363 0.0010000000474974513 8119
1767906396097 0.0010000000474974513 8129
1767906396831 0.0010000000474974513 8139
1767906397568 0.0010000000474974513 8149
1767906398302 0.0010000000474974513 8159
1767906399037 0.0010000000474974513 8169
1767906399774 0.0010000000474974513 8179
1767906400510 0.0010000000474974513 8189
1767906401244 0.0010000000474974513 8199
1767906401979 0.0010000000474974513 8209
1767906402716 0.0010000000474974513 8219
1767906403452 0.0010000000474974513 8229
1767906404188 0.0010000000474974513 8239
1767906404924 0.0010000000474974513 8249
1767906405663 0.0010000000474974513 8259
1767906406398 0.0010000000474974513 8269
1767906407131 0.0010000000474974513 8279
1767906407868 0.0010000000474974513 8289
1767906408603 0.0010000000474974513 8299
1767906409336 0.0010000000474974513 8309
1767906410072 0.0010000000474974513 8319
1767906410806 0.0010000000474974513 8329
1767906411541 0.0010000000474974513 8339
1767906412272 0.0010000000474974513 8349
1767906413011 0.0010000000474974513 8359
1767906413746 0.0010000000474974513 8369
1767906414481 0.0010000000474974513 8379
1767906415216 0.0010000000474974513 8389
1767906415953 0.0010000000474974513 8399
1767906416687 0.0010000000474974513 8409
1767906417421 0.0010000000474974513 8419
1767906418158 0.0010000000474974513 8429
1767906418891 0.0010000000474974513 8439
1767906419625 0.0010000000474974513 8449
1767906420362 0.0010000000474974513 8459
1767906421098 0.0010000000474974513 8469
1767906421832 0.0010000000474974513 8479
1767906422565 0.0010000000474974513 8489
1767906423301 0.0010000000474974513 8499
1767906424037 0.0010000000474974513 8509
1767906424773 0.0010000000474974513 8519
1767906425509 0.0010000000474974513 8529
1767906426244 0.0010000000474974513 8539
1767906426976 0.0010000000474974513 8549
1767906427711 0.0010000000474974513 8559
1767906428446 0.0010000000474974513 8569
1767906429181 0.0010000000474974513 8579
1767906429916 0.0010000000474974513 8589
1767906430649 0.0010000000474974513 8599
1767906431384 0.0010000000474974513 8609
1767906432117 0.0010000000474974513 8619
1767906432851 0.0010000000474974513 8629
1767906433585 0.0010000000474974513 8639
1767906448545 0.0010000000474974513 8649
1767906449278 0.0010000000474974513 8659
1767906450013 0.0010000000474974513 8669
1767906450749 0.0010000000474974513 8679
1767906451482 0.0010000000474974513 8689
1767906452216 0.0010000000474974513 8699
1767906452951 0.0010000000474974513 8709
1767906453685 0.0010000000474974513 8719
1767906454421 0.0010000000474974513 8729
1767906455156 0.0010000000474974513 8739
1767906455891 0.0010000000474974513 8749
1767906456628 0.0010000000474974513 8759
1767906457363 0.0010000000474974513 8769
1767906458098 0.0010000000474974513 8779
1767906458834 0.0010000000474974513 8789
1767906459568 0.0010000000474974513 8799
1767906460300 0.0010000000474974513 8809
1767906461035 0.0010000000474974513 8819
1767906461769 0.0010000000474974513 8829
1767906462504 0.0010000000474974513 8839
1767906463238 0.0010000000474974513 8849
1767906463973 0.0010000000474974513 8859
1767906464707 0.0010000000474974513 8869
1767906465440 0.0010000000474974513 8879
1767906466172 0.0010000000474974513 8889
1767906466906 0.0010000000474974513 8899
1767906467639 0.0010000000474974513 8909
1767906468372 0.0010000000474974513 8919
1767906469106 0.0010000000474974513 8929
1767906469839 0.0010000000474974513 8939
1767906470572 0.0010000000474974513 8949
1767906471303 0.0010000000474974513 8959
1767906472034 0.0010000000474974513 8969
1767906472768 0.0010000000474974513 8979
1767906519939 0.0010000000474974513 8989
1767906520672 0.0010000000474974513 8999
1767906521406 0.0010000000474974513 9009
1767906522140 0.0010000000474974513 9019
1767906522872 0.0010000000474974513 9029
1767906523605 0.0010000000474974513 9039
1767906524341 0.0010000000474974513 9049
1767906525073 0.0010000000474974513 9059
1767906525806 0.0010000000474974513 9069
1767906526540 0.0010000000474974513 9079
1767906527272 0.0010000000474974513 9089
1767906528003 0.0010000000474974513 9099
1767906528735 0.0010000000474974513 9109
1767906529465 0.0010000000474974513 9119
1767906579700 0.0010000000474974513 9129
1767906580433 0.0010000000474974513 9139
1767906581165 0.0010000000474974513 9149
1767906581900 0.0010000000474974513 9159
1767906582633 0.0010000000474974513 9169
1767906583365 0.0010000000474974513 9179
1767906584097 0.0010000000474974513 9189
1767906584830 0.0010000000474974513 9199
1767906585564 0.0010000000474974513 9209
1767906586297 0.0010000000474974513 9219
1767906587029 0.0010000000474974513 9229
1767906587762 0.0010000000474974513 9239
1767906588494 0.0010000000474974513 9249
1767906589225 0.0010000000474974513 9259
1767906593241 0.0010000000474974513 9269
1767906593980 0.0010000000474974513 9279
1767906594717 0.0010000000474974513 9289
1767906595454 0.0010000000474974513 9299
1767906596192 0.0010000000474974513 9309
1767906596927 0.0010000000474974513 9319
1767906597661 0.0010000000474974513 9329
1767906598399 0.0010000000474974513 9339
1767906599136 0.0010000000474974513 9349
1767906599873 0.0010000000474974513 9359
1767906600609 0.0010000000474974513 9369
1767906601346 0.0010000000474974513 9379
1767906602084 0.0010000000474974513 9389
