1768074461620 53.30618667602539 9
1768074462351 62.637367248535156 19
1768074463085 29.3602294921875 29
1768074463819 24.74715805053711 39
1768074464551 20.679533004760742 49
1768074465287 30.5484561920166 59
1768074466020 45.81960678100586 69
1768074466753 17.034832000732422 79
1768074467488 16.388864517211914 89
1768074468222 8.877180099487305 99
1768074468956 7.114541053771973 109
1768074469690 21.893157958984375 119
1768074470423 6.489743709564209 129
1768074471161 11.929352760314941 139
1768074471896 5.180080413818359 149
1768074472630 7.340755462646484 159
1768074473366 6.463841915130615 169
1768074474102 9.839117050170898 179
1768074474836 5.143710136413574 189
1768074475573 10.629034996032715 199
1768074476308 8.135383605957031 209
1768074477043 6.916203498840332 219
1768074477778 4.775829315185547 229
1768074478513 5.195834159851074 239
1768074479248 8.001208305358887 249
1768074479981 2.9807679653167725 259
1768074480717 6.475856304168701 269
1768074481455 5.004234313964844 279
1768074482191 3.2677998542785645 289
1768074482925 6.7674689292907715 299
1768074483660 2.9429659843444824 309
1768074484392 2.3255345821380615 319
1768074485126 5.767752647399902 329
1768074485863 3.2875752449035645 339
1768074486595 2.871346950531006 349
1768074487330 4.902390480041504 359
1768074488064 1.8067954778671265 369
1768074488797 2.7504286766052246 379
1768074489532 2.8766093254089355 389
1768074490266 2.5176029205322266 399
1768074491001 3.0209834575653076 409
1768074491736 1.9271056652069092 419
1768074492468 1.3011682033538818 429
1768074493201 2.971132755279541 439
1768074493935 2.0810539722442627 449
1768074494667 5.179457664489746 459
1768074495400 2.5777392387390137 469
1768074496136 2.8929598331451416 479
1768074496870 2.4832451343536377 489
1768074497604 1.4651886224746704 499
1768074498338 1.7399674654006958 509
1768074499072 2.5003485679626465 519
1768074499806 2.619277238845825 529
1768074500541 1.3441153764724731 539
1768074501275 2.0803475379943848 549
1768074502010 1.937935471534729 559
1768074502742 2.4922351837158203 569
1768074503476 1.8895517587661743 579
1768074504212 1.9498485326766968 589
1768074504945 1.7850850820541382 599
1768074505679 3.4527175426483154 609
1768074506413 1.4178180694580078 619
1768074507147 1.3081201314926147 629
1768074507881 2.2564375400543213 639
1768074508615 2.1407697200775146 649
1768074509349 2.241999864578247 659
1768074510084 3.316016435623169 669
1768074510818 2.3714675903320312 679
1768074511551 1.2881100177764893 689
1768074512284 2.1733462810516357 699
1768074513016 1.4124174118041992 709
1768074513750 1.609682321548462 719
1768074514486 2.4491031169891357 729
1768074515220 1.380914330482483 739
1768074515958 2.106376886367798 749
1768074516693 1.4123852252960205 759
1768074517426 1.3859143257141113 769
1768074518162 1.4235035181045532 779
1768074518895 1.5068044662475586 789
1768074519629 1.7522448301315308 799
1768074520365 1.6107456684112549 809
1768074521099 1.2442948818206787 819
1768074521833 1.6593995094299316 829
1768074522568 1.5087215900421143 839
1768074523302 1.719006896018982 849
1768074524037 2.0214312076568604 859
1768074524773 1.2248637676239014 869
1768074525508 1.2014758586883545 879
1768074526243 2.1350550651550293 889
1768074526981 1.685009479522705 899
1768074527716 1.1232714653015137 909
1768074528451 1.0997055768966675 919
1768074529186 0.9938238263130188 929
1768074529922 1.5641446113586426 939
1768074530657 1.445037841796875 949
1768074531391 1.549539566040039 959
1768074532128 1.2921534776687622 969
1768074532863 1.2156472206115723 979
1768074533596 2.8527843952178955 989
1768074534333 1.3202521800994873 999
1768074535071 1.3918099403381348 1009
1768074535806 1.5314768552780151 1019
1768074536542 1.8428270816802979 1029
1768074537278 0.9194198250770569 1039
1768074538012 2.1977639198303223 1049
1768074538748 1.180503487586975 1059
1768074539483 1.5797576904296875 1069
1768074540219 1.1997244358062744 1079
1768074540955 0.7410051822662354 1089
1768074541689 1.382834792137146 1099
1768074542426 1.3487712144851685 1109
1768074543161 1.4332599639892578 1119
1768074543896 1.4660329818725586 1129
1768074544633 0.9120427966117859 1139
1768074545367 0.7443047761917114 1149
1768074546102 0.8894906640052795 1159
1768074546836 0.9252212047576904 1169
1768074547570 1.146321177482605 1179
1768074548305 1.225717306137085 1189
1768074549040 0.8985263109207153 1199
1768074549773 1.1252683401107788 1209
1768074550508 1.6382430791854858 1219
1768074551245 1.1998553276062012 1229
1768074551978 1.168478012084961 1239
1768074552712 1.2868504524230957 1249
1768074553448 1.4164085388183594 1259
1768074554181 1.5480166673660278 1269
1768074554916 1.2392195463180542 1279
1768074555650 1.236499309539795 1289
1768074556385 0.9220061898231506 1299
1768074557120 1.3815538883209229 1309
1768074557854 1.0405398607254028 1319
1768074558590 0.7447108030319214 1329
1768074559325 1.3676950931549072 1339
1768074560059 2.1311891078948975 1349
1768074560796 1.7358667850494385 1359
1768074561530 1.5385611057281494 1369
1768074562264 1.4187886714935303 1379
1768074562999 1.0351221561431885 1389
1768074563734 1.0864208936691284 1399
1768074564468 1.2034308910369873 1409
1768074565205 1.4319523572921753 1419
1768074565941 0.9572368264198303 1429
1768074566676 1.0186158418655396 1439
