1767223432791 0.0 1999
1767223433160 0.0 1999
1767224221296 1.0 3999
1767224221656 1.0 3999
1767225009778 2.0 5999
1767225010145 2.0 5999
1767225798181 3.0 7999
1767225798184 3.0 7999
1767226586233 4.0 9999
1767226586236 4.0 9999
1767227374292 5.0 11999
1767227374294 5.0 11999
1767228162361 6.0 13999
1767228162780 6.0 13999
1767228950804 7.0 15999
1767228950806 7.0 15999
1767229738771 8.0 17999
1767229738774 8.0 17999
1767230526700 9.0 19999
1767230526703 9.0 19999
1767231314366 10.0 21999
1767231314368 10.0 21999
1767232102098 11.0 23999
1767232102100 11.0 23999
1767232889791 12.0 25999
1767232889793 12.0 25999
1767233677483 13.0 27999
1767233677486 13.0 27999
1767234465145 14.0 29999
1767234465147 14.0 29999
1767235252939 15.0 31999
1767235252941 15.0 31999
1767236040572 16.0 33999
1767236040574 16.0 33999
1767236070752 17.0 34000
