1767222645563 0.001 0
1767223433164 0.0009990232305719944 2000
1767224221660 0.0009960967771506664 4000
1767225010149 0.0009912321891107007 6000
1767225798185 0.0009844486647586721 8000
1767226586236 0.0009757729755661009 10000
1767227374295 0.0009652393605146842 12000
1767228162784 0.0009528893909706795 14000
1767228950807 0.0009387718066217122 16000
1767229738775 0.0009229423231234972 18000
1767230526703 0.0009054634122155987 20000
1767231314369 0.0008864040551740153 22000
1767232102101 0.0008658394705735984 24000
1767232889794 0.0008438508174347006 26000
1767233677486 0.000820524874925601 28000
1767234465148 0.000795953699884774 30000
1767235252942 0.000770234263514603 32000
