1767223433160 1.2117432355880737 1999
1767224221656 0.500432014465332 3999
1767225010145 0.2688874900341034 5999
1767225798184 0.2048928588628769 7999
1767226586236 0.1645037680864334 9999
1767227374294 0.1489913910627365 11999
1767228162780 0.1268564760684967 13999
1767228950806 0.10852725058794022 15999
1767229738774 0.09172143787145615 17999
1767230526703 0.09269877523183823 19999
1767231314368 0.07813351601362228 21999
1767232102100 0.06985119730234146 23999
1767232889793 0.07477500289678574 25999
1767233677486 0.06457961350679398 27999
1767234465147 0.06250791996717453 29999
1767235252941 0.04937314614653587 31999
1767236040574 0.055096015334129333 33999
