1767223433160 0.5117390751838684 1999
1767224221656 0.8220488429069519 3999
1767225010145 0.911105215549469 5999
1767225798184 0.9311248064041138 7999
1767226586236 0.9456348419189453 9999
1767227374294 0.9508945345878601 11999
1767228162780 0.9583152532577515 13999
1767228950806 0.9641758799552917 15999
1767229738774 0.9710654616355896 17999
1767230526703 0.9699961543083191 19999
1767231314368 0.9747955799102783 21999
1767232102100 0.978316605091095 23999
1767232889793 0.9772168397903442 25999
1767233677486 0.9798868894577026 27999
1767234465147 0.9797073602676392 29999
1767235252941 0.9838671088218689 31999
1767236040574 0.98188716173172 33999
