1767906765145 29.096858978271484 9
1767906765876 43.03426742553711 19
1767906766608 8.539907455444336 29
1767906767339 5.446872234344482 39
1767906768072 8.502469062805176 49
1767906768804 6.5928168296813965 59
1767906769536 8.464667320251465 69
1767906770269 5.877028465270996 79
1767906771001 3.50386381149292 89
1767906771734 3.852283477783203 99
1767906772467 2.505178213119507 109
1767906773201 4.822137832641602 119
1767906773934 3.4545485973358154 129
1767906774666 3.987565755844116 139
1767906775396 1.3558731079101562 149
1767906776128 7.3183722496032715 159
1767906776860 1.4699957370758057 169
1767906777590 3.3857367038726807 179
1767906778322 3.0347900390625 189
1767906779053 2.05688214302063 199
1767906779784 1.7102364301681519 209
1767906780517 2.703821897506714 219
1767906781249 1.4781142473220825 229
1767906781981 2.460688352584839 239
1767906782713 4.361794471740723 249
1767906783445 1.5468692779541016 259
1767906784177 1.2063546180725098 269
1767906784910 1.4893932342529297 279
1767906785643 1.1952083110809326 289
1767906786377 2.6403868198394775 299
1767906787111 1.3431142568588257 309
1767906787843 1.3189550638198853 319
1767906788577 1.749117374420166 329
1767906789309 1.3772132396697998 339
1767906790039 1.0824898481369019 349
1767906790774 1.0555603504180908 359
1767906791506 1.6304219961166382 369
1767906792236 1.3717527389526367 379
1767906792969 1.1660491228103638 389
1767906793702 1.760892391204834 399
1767906794435 1.0900925397872925 409
1767906795169 1.404017448425293 419
1767906795904 1.003927230834961 429
1767906796637 0.8406705856323242 439
1767906797370 0.8769109845161438 449
1767906798102 1.6529195308685303 459
1767906798836 1.9881739616394043 469
1767906799567 1.156700849533081 479
1767906800299 1.2772058248519897 489
1767906801031 1.1530497074127197 499
1767906801763 0.6108077168464661 509
1767906802495 0.8406429886817932 519
1767906803227 1.08992600440979 529
1767906803960 0.9753141403198242 539
1767906804695 1.0068498849868774 549
1767906805427 1.6891264915466309 559
1767906806160 0.9836219549179077 569
1767906806893 1.8981562852859497 579
1767906807625 0.5476025342941284 589
1767906808356 1.0851178169250488 599
1767906809089 0.7317747473716736 609
1767906809821 0.8053300976753235 619
1767906810552 1.0277167558670044 629
1767906811285 0.8180439472198486 639
1767906812017 1.4454107284545898 649
1767906812748 1.0765058994293213 659
1767906813483 1.2419463396072388 669
1767906814215 1.3707451820373535 679
1767906814949 0.9241126179695129 689
1767906815682 1.1402539014816284 699
1767906816415 0.6233277320861816 709
1767906817148 0.779245138168335 719
1767906817881 1.0973554849624634 729
1767906818614 0.9476620554924011 739
1767906819348 0.6215764880180359 749
1767906820080 0.7476505637168884 759
1767906820814 0.777114987373352 769
1767906821546 0.8862825036048889 779
1767906822278 0.5113580822944641 789
1767906823010 0.9812285304069519 799
1767906823743 0.7784469723701477 809
1767906824476 0.8288418650627136 819
1767906825208 0.8851315379142761 829
1767906825942 0.5454503297805786 839
1767906826675 0.7617223858833313 849
1767906827411 0.8763118386268616 859
1767906828146 0.6967126131057739 869
1767906828880 0.7446796298027039 879
1767906829616 0.900994598865509 889
1767906830351 0.8038442134857178 899
1767906831087 0.5001853704452515 909
1767906831822 0.33779674768447876 919
1767906832555 0.7434159517288208 929
1767906833291 0.9235547184944153 939
1767906834026 0.8979884386062622 949
1767906834762 0.5012847185134888 959
1767906835497 0.9090040326118469 969
1767906836231 0.883886992931366 979
1767906836965 1.6486953496932983 989
1767906837698 0.8519057035446167 999
1767906838431 1.0402675867080688 1009
1767906839162 0.7035833597183228 1019
1767906839896 0.7946159243583679 1029
1767906840630 0.6948147416114807 1039
1767906841366 1.099647045135498 1049
1767906842097 0.8308228850364685 1059
1767906842830 0.5712620615959167 1069
1767906843564 0.741476833820343 1079
1767906844298 0.5745323896408081 1089
1767906845032 0.5078504085540771 1099
1767906845767 0.726989209651947 1109
1767906846499 1.6715377569198608 1119
1767906847231 1.5540896654129028 1129
1767906847964 0.6712602376937866 1139
1767906848696 0.4977661371231079 1149
1767906849431 0.33520764112472534 1159
1767906850164 0.5460821390151978 1169
1767906850896 0.6107378602027893 1179
1767906851629 0.6273692846298218 1189
1767906852361 0.48982715606689453 1199
1767906853092 0.49472445249557495 1209
1767906853826 0.77681565284729 1219
1767906854560 0.8149153590202332 1229
1767906855292 0.5107624530792236 1239
1767906856026 0.8859267830848694 1249
1767906856759 0.9491754174232483 1259
1767906857491 0.7675552368164062 1269
1767906858226 0.5177718997001648 1279
1767906858960 0.46410316228866577 1289
1767906859694 0.4928731322288513 1299
1767906860427 0.7116634845733643 1309
1767906861160 0.3832528591156006 1319
1767906861894 0.3667272925376892 1329
1767906862627 0.4310937523841858 1339
1767906863360 0.7279813885688782 1349
1767906864094 0.9339329600334167 1359
1767906864827 0.6129905581474304 1369
1767906865560 1.0458314418792725 1379
1767906866295 0.44577756524086 1389
1767906867029 0.8205878734588623 1399
1767906867763 0.8515540957450867 1409
1767906868496 0.5636717677116394 1419
1767906869230 0.523515522480011 1429
1767906869962 0.5580415725708008 1439
