1768074961182 0.5783055424690247 1439
1768075230309 0.7006805539131165 2879
1768075494429 0.7760000228881836 4319
1768075758857 0.8187777996063232 5759
1768076021573 0.8460694551467896 7199
1768076283887 0.8616805672645569 8639
1768076544932 0.8771805763244629 10079
1768076805758 0.8890833258628845 11519
1768077065448 0.9031111001968384 12959
1768077325585 0.9080416560173035 14399
1768077583719 0.9312083125114441 15839
1768077843815 0.9342361092567444 17279
1768078103502 0.9428611397743225 18719
1768078364007 0.9450833201408386 20159
