1768074682964 53.89113998413086 9
1768074683696 61.26730728149414 19
1768074684431 28.866119384765625 29
1768074685164 24.96624183654785 39
1768074685899 20.279666900634766 49
1768074686632 30.383642196655273 59
1768074687367 47.38654708862305 69
1768074688100 16.9683780670166 79
1768074688832 16.09633445739746 89
1768074689565 9.297383308410645 99
1768074690298 7.142397403717041 109
1768074691033 22.199892044067383 119
1768074691767 7.308494567871094 129
1768074692501 12.00501537322998 139
1768074693236 5.368783950805664 149
1768074693971 8.610020637512207 159
1768074694705 6.8148627281188965 169
1768074695439 10.433772087097168 179
1768074696175 4.8810577392578125 189
1768074696910 9.94154167175293 199
1768074697647 8.371856689453125 209
1768074698383 5.794363975524902 219
1768074699117 4.902517795562744 229
1768074699851 5.249194145202637 239
1768074700587 7.901882171630859 249
1768074701322 3.5181944370269775 259
1768074702057 6.791943073272705 269
1768074702793 5.504144191741943 279
1768074703527 3.0534746646881104 289
1768074704263 6.433588027954102 299
1768074704998 2.409074306488037 309
1768074705734 2.357011318206787 319
1768074706469 5.601870536804199 329
1768074707203 2.8244848251342773 339
1768074707939 2.992145538330078 349
1768074708675 4.469810485839844 359
1768074709408 1.6659616231918335 369
1768074710145 2.8352835178375244 379
1768074710880 2.6595165729522705 389
1768074711614 2.3118083477020264 399
1768074712350 3.394564390182495 409
1768074713086 2.0946834087371826 419
1768074713821 1.3649325370788574 429
1768074714556 2.9001481533050537 439
1768074715291 2.2373201847076416 449
1768074716025 5.20218563079834 459
1768074716760 2.6110830307006836 469
1768074717494 2.810011625289917 479
1768074718230 2.6130688190460205 489
1768074718967 1.4259401559829712 499
1768074719700 1.7282394170761108 509
1768074720435 2.8293652534484863 519
1768074721170 2.5139849185943604 529
1768074721905 1.3618085384368896 539
1768074722639 2.1037352085113525 549
1768074723374 1.9795297384262085 559
1768074724111 2.677274227142334 569
1768074724846 1.8283153772354126 579
1768074725580 1.9709466695785522 589
1768074726314 1.766408085823059 599
1768074727048 3.5687060356140137 609
1768074727781 1.491573452949524 619
1768074728517 1.3349331617355347 629
1768074729252 2.1907124519348145 639
1768074729987 2.007599115371704 649
1768074730722 2.4081733226776123 659
1768074731458 3.2382426261901855 669
1768074732193 2.2163918018341064 679
1768074732928 1.2701325416564941 689
1768074733664 2.1462759971618652 699
1768074734401 1.4811679124832153 709
1768074735137 1.435368299484253 719
1768074735872 2.4450886249542236 729
1768074736610 1.5312267541885376 739
1768074737347 2.228320837020874 749
1768074738081 1.4288450479507446 759
1768074738815 1.233440637588501 769
1768074739551 1.5691931247711182 779
1768074740285 1.414311170578003 789
1768074741018 1.6755372285842896 799
1768074741755 1.6508212089538574 809
1768074742491 1.3057727813720703 819
1768074743226 1.6216497421264648 829
1768074743960 1.4463189840316772 839
1768074744695 1.7053388357162476 849
1768074745429 1.888904333114624 859
1768074746163 1.3220406770706177 869
1768074746899 1.2375693321228027 879
1768074747636 2.002246618270874 889
1768074748374 1.7089420557022095 899
1768074749109 1.1583490371704102 909
1768074749847 1.0333362817764282 919
1768074750583 0.988081693649292 929
1768074751318 1.539369821548462 939
1768074752050 1.3403009176254272 949
1768074752785 1.4867281913757324 959
1768074753521 1.376101016998291 969
1768074754256 1.2076069116592407 979
1768074754990 2.79996395111084 989
1768074755726 1.529054880142212 999
1768074756462 1.319847583770752 1009
1768074757196 1.5566563606262207 1019
1768074757932 1.662901520729065 1029
1768074758666 1.0341355800628662 1039
1768074759402 2.0952529907226562 1049
1768074760136 1.240369439125061 1059
1768074760873 1.629801630973816 1069
1768074761608 1.2338579893112183 1079
1768074762344 0.7808675765991211 1089
1768074763079 1.346411108970642 1099
1768074763813 1.3989635705947876 1109
1768074764547 1.4373726844787598 1119
1768074765281 1.47880220413208 1129
1768074766014 0.9331867694854736 1139
1768074766749 0.692226231098175 1149
1768074767483 0.9429539442062378 1159
1768074768218 0.9358242750167847 1169
1768074768953 1.2168536186218262 1179
1768074769691 1.2444626092910767 1189
1768074770425 0.969373881816864 1199
1768074771160 1.0471187829971313 1209
1768074771896 1.614336609840393 1219
1768074772630 1.1145585775375366 1229
1768074773365 1.2189446687698364 1239
1768074774100 1.3902169466018677 1249
1768074774834 1.5386043787002563 1259
1768074775571 1.6536636352539062 1269
1768074776307 1.3730757236480713 1279
1768074777043 1.1768373250961304 1289
1768074777778 0.9634987711906433 1299
1768074778513 1.4931846857070923 1309
1768074779249 1.062034010887146 1319
1768074779988 0.6811978220939636 1329
1768074780723 1.3737499713897705 1339
1768074781459 2.156343698501587 1349
1768074782194 1.7564572095870972 1359
1768074782930 1.5694811344146729 1369
1768074783664 1.4074406623840332 1379
1768074784400 1.0814160108566284 1389
1768074785136 1.2167093753814697 1399
1768074785872 1.2087037563323975 1409
1768074786607 1.4565666913986206 1419
1768074787342 1.0546762943267822 1429
1768074788078 1.1483455896377563 1439
1768074961983 1.0185390710830688 1449
1768074962720 1.5355178117752075 1459
1768074963457 1.9533926248550415 1469
1768074964193 1.8137787580490112 1479
1768074964931 1.4493389129638672 1489
1768074965665 1.2403240203857422 1499
1768074966405 1.0551060438156128 1509
1768074967142 0.8599344491958618 1519
1768074967879 0.9972222447395325 1529
1768074968616 1.0950303077697754 1539
1768074969354 0.7656721472740173 1549
1768074970089 0.6109840869903564 1559
1768074970825 0.8302045464515686 1569
1768074971561 1.3379056453704834 1579
1768074972298 0.6810003519058228 1589
1768074973034 1.709725022315979 1599
1768074973770 1.1679502725601196 1609
1768074974507 0.9659877419471741 1619
1768074975243 0.5886839032173157 1629
1768074975980 1.4320261478424072 1639
1768074976718 0.7769822478294373 1649
1768074977457 1.540743350982666 1659
1768074978196 1.264191746711731 1669
1768074978931 0.6710550785064697 1679
1768074979668 0.942438542842865 1689
1768074980404 1.1118792295455933 1699
1768074981141 1.38946533203125 1709
1768074981876 1.014014720916748 1719
1768074982614 0.5298020243644714 1729
1768074983351 1.5290930271148682 1739
1768074984086 1.1336381435394287 1749
1768074984822 0.8904844522476196 1759
1768074985557 1.4614481925964355 1769
1768074986294 1.2283743619918823 1779
1768074987030 0.9182197451591492 1789
1768074987766 1.623528003692627 1799
1768074988501 1.2216737270355225 1809
1768074989236 1.2392436265945435 1819
1768074989972 1.3630741834640503 1829
1768074990708 0.7994955778121948 1839
1768074991446 1.1114153861999512 1849
1768074992181 0.5787138342857361 1859
1768074992916 0.8127840161323547 1869
1768074993653 1.5041275024414062 1879
1768074994387 0.6864237785339355 1889
1768074995122 1.0579382181167603 1899
1768074995859 1.1936440467834473 1909
1768074996593 1.1826300621032715 1919
1768074997327 0.9301216006278992 1929
1768074998062 0.99513179063797 1939
1768074998796 0.7963088750839233 1949
1768074999531 0.5809001326560974 1959
1768075000266 0.8881567716598511 1969
1768075001001 1.2455966472625732 1979
1768075001736 0.9056243896484375 1989
1768075002471 1.7475762367248535 1999
1768075003205 1.5085488557815552 2009
1768075003941 0.9933526515960693 2019
1768075004675 0.6817330121994019 2029
1768075005409 0.8310310244560242 2039
1768075006144 0.9086291790008545 2049
1768075006879 0.8871963024139404 2059
1768075007617 1.1470890045166016 2069
1768075008353 0.9612141251564026 2079
1768075009089 0.8329605460166931 2089
1768075009826 0.9377571940422058 2099
1768075010562 1.133959174156189 2109
1768075011297 0.7974432110786438 2119
1768075012032 1.040497064590454 2129
1768075012766 1.5836241245269775 2139
1768075013503 1.1376317739486694 2149
1768075014238 0.5311732292175293 2159
1768075014973 1.201366662979126 2169
1768075015709 1.197522521018982 2179
1768075016443 1.1251615285873413 2189
1768075017180 0.5679025053977966 2199
1768075017917 0.7192696332931519 2209
1768075018651 0.6576056480407715 2219
1768075019388 1.1695992946624756 2229
1768075020125 0.6935834884643555 2239
1768075020860 1.017861008644104 2249
1768075021597 0.7082433700561523 2259
1768075022333 0.733578085899353 2269
1768075023069 0.7972378134727478 2279
1768075023804 1.0179102420806885 2289
1768075024539 1.0466907024383545 2299
1768075025274 0.7015849947929382 2309
1768075026008 1.213415265083313 2319
1768075026744 1.0914431810379028 2329
1768075027478 1.5573506355285645 2339
1768075028215 0.7070043683052063 2349
1768075028949 0.5347774624824524 2359
1768075029685 1.0549967288970947 2369
1768075030420 0.6645777225494385 2379
1768075031154 0.9897708892822266 2389
1768075031888 0.8700630068778992 2399
1768075032623 1.5407748222351074 2409
1768075033358 1.0009936094284058 2419
1768075034093 0.49468526244163513 2429
1768075034827 0.8890268802642822 2439
1768075035561 1.439367651939392 2449
1768075036297 1.2270616292953491 2459
1768075037032 0.9089505076408386 2469
1768075037767 2.1544930934906006 2479
1768075038503 0.9179636240005493 2489
1768075039236 0.34878188371658325 2499
1768075039970 0.6736828684806824 2509
1768075040704 0.48307663202285767 2519
1768075041438 0.6582075357437134 2529
1768075042171 0.6810610890388489 2539
1768075042903 0.8687851428985596 2549
1768075043638 1.2020251750946045 2559
1768075044372 0.540431797504425 2569
1768075045105 0.3740836977958679 2579
1768075045839 0.8578324913978577 2589
1768075046574 0.6089154481887817 2599
1768075047308 1.202879786491394 2609
1768075048043 1.097634196281433 2619
1768075048778 0.5665557980537415 2629
1768075049513 0.8742172122001648 2639
1768075050250 0.8192126154899597 2649
1768075050986 0.7051722407341003 2659
1768075051721 0.7716233134269714 2669
1768075052456 1.34738290309906 2679
1768075053191 0.6378911733627319 2689
1768075053927 0.794082760810852 2699
1768075054663 0.8005548119544983 2709
1768075055398 0.881590723991394 2719
1768075056134 0.5556521415710449 2729
1768075056871 1.001935362815857 2739
1768075057604 0.4433051347732544 2749
1768075058340 0.776283860206604 2759
1768075059075 0.3842468857765198 2769
1768075059812 1.1881183385849 2779
1768075060547 1.0357400178909302 2789
1768075061281 1.1097286939620972 2799
1768075062017 0.9904821515083313 2809
1768075062753 0.7632226347923279 2819
1768075063487 0.572414755821228 2829
1768075064225 0.7069752216339111 2839
1768075064961 0.8623831272125244 2849
1768075065694 0.5527686476707458 2859
1768075066429 1.1372710466384888 2869
1768075067163 0.5756356716156006 2879
1768075231105 0.7816935777664185 2889
1768075231840 0.32552212476730347 2899
1768075232575 0.943116307258606 2909
1768075233309 0.18522901833057404 2919
1768075234045 0.8283929228782654 2929
1768075234780 0.7879694700241089 2939
1768075235515 0.8919587731361389 2949
1768075236251 1.0490431785583496 2959
1768075236984 0.6571311950683594 2969
1768075237719 0.40196317434310913 2979
1768075238454 0.6492100358009338 2989
1768075239187 0.8123127818107605 2999
1768075239922 1.2951817512512207 3009
1768075240658 0.5446066856384277 3019
1768075241396 0.7306766510009766 3029
1768075242133 0.8623908758163452 3039
1768075242867 0.4533834755420685 3049
1768075243602 0.4502779543399811 3059
1768075244338 0.6108931303024292 3069
1768075245072 0.6597672700881958 3079
1768075245806 0.889989972114563 3089
1768075246543 0.8946835398674011 3099
1768075247279 0.7639367580413818 3109
1768075248015 0.5657957196235657 3119
1768075248751 0.5520828366279602 3129
1768075249486 0.8058616518974304 3139
1768075250220 1.1252342462539673 3149
1768075250954 0.6560134887695312 3159
1768075251689 0.7984798550605774 3169
1768075252422 0.9329289197921753 3179
1768075253157 0.6992521286010742 3189
1768075253892 0.8326258659362793 3199
1768075254627 0.6435198783874512 3209
1768075255360 0.8569886684417725 3219
1768075256095 0.5733945965766907 3229
1768075256831 0.8381105661392212 3239
1768075257565 0.8581925630569458 3249
1768075258301 0.6324580311775208 3259
1768075259035 0.9809209704399109 3269
1768075259770 0.6266017556190491 3279
1768075260506 0.6237451434135437 3289
1768075261240 0.7872759103775024 3299
1768075261975 0.9005811810493469 3309
1768075262711 0.9062535166740417 3319
1768075263445 0.8505505919456482 3329
1768075264182 0.7466493844985962 3339
1768075264917 0.6852731108665466 3349
1768075265651 0.5970017313957214 3359
1768075266387 0.5953725576400757 3369
1768075267122 0.64899742603302 3379
1768075267857 0.48692092299461365 3389
1768075268595 0.5338456034660339 3399
1768075269331 1.6769970655441284 3409
1768075270069 0.3890032470226288 3419
1768075270807 0.7779034376144409 3429
1768075271544 1.1452195644378662 3439
1768075272281 0.6318052411079407 3449
1768075273016 0.34648558497428894 3459
1768075273751 0.5253463983535767 3469
1768075274485 0.6275325417518616 3479
1768075275219 0.7650681734085083 3489
1768075275955 1.0235127210617065 3499
1768075276692 0.5790235996246338 3509
1768075277426 0.3277432918548584 3519
1768075278162 0.6588625907897949 3529
1768075278897 0.757197380065918 3539
1768075279630 0.9329546689987183 3549
1768075280366 0.33967483043670654 3559
1768075281101 0.273282527923584 3569
1768075281835 0.995634913444519 3579
1768075282570 0.7792391777038574 3589
1768075283306 0.8102131485939026 3599
1768075284048 0.8559863567352295 3609
1768075284785 0.7041362524032593 3619
1768075285520 0.6592617630958557 3629
1768075286256 0.6271268129348755 3639
1768075286990 0.8833568096160889 3649
1768075287726 1.1260008811950684 3659
1768075288462 0.6194251179695129 3669
1768075289197 0.7650701999664307 3679
1768075289931 1.0161402225494385 3689
1768075290666 0.681637167930603 3699
1768075291402 0.8073963522911072 3709
1768075292137 0.44489356875419617 3719
1768075292873 1.2970839738845825 3729
1768075293608 0.6208078861236572 3739
1768075294344 0.5303274393081665 3749
1768075295081 0.6303635239601135 3759
1768075295817 0.7088610529899597 3769
1768075296554 0.9817013144493103 3779
1768075297291 0.7611427307128906 3789
1768075298028 0.4508993327617645 3799
1768075298765 0.3805149793624878 3809
1768075299502 0.8122662901878357 3819
1768075300238 0.7343795895576477 3829
1768075300974 0.5655390024185181 3839
1768075301711 0.3746723234653473 3849
1768075302448 0.9108786582946777 3859
1768075303186 0.5767444968223572 3869
1768075303923 0.6987806558609009 3879
1768075304661 0.6612962484359741 3889
1768075305400 0.4998040795326233 3899
1768075306136 0.828302264213562 3909
1768075306873 0.6636318564414978 3919
1768075307608 0.5037122368812561 3929
1768075308342 1.1012569665908813 3939
1768075309078 1.0815718173980713 3949
1768075309814 0.5099666714668274 3959
1768075310548 0.8145055174827576 3969
1768075311283 0.6044188737869263 3979
1768075312020 0.3877412974834442 3989
1768075312757 0.5063952803611755 3999
1768075313493 0.7697399854660034 4009
1768075314226 0.615021288394928 4019
1768075314962 0.7298257350921631 4029
1768075315696 0.4155471622943878 4039
1768075316431 0.49999168515205383 4049
1768075317166 0.26639410853385925 4059
1768075317902 0.6530555486679077 4069
1768075318637 0.7052168250083923 4079
1768075319373 0.8496827483177185 4089
1768075320110 0.7761012315750122 4099
1768075320846 0.47370830178260803 4109
1768075321583 0.3270362913608551 4119
1768075322316 1.1697734594345093 4129
1768075323052 0.5867767930030823 4139
1768075323788 0.8583371639251709 4149
1768075324521 0.9757777452468872 4159
1768075325257 0.3434738516807556 4169
1768075325994 0.6623761057853699 4179
1768075326727 0.8331749439239502 4189
1768075327462 0.4159998595714569 4199
1768075328198 0.6542294025421143 4209
1768075328934 0.5337250828742981 4219
1768075329668 0.2781931161880493 4229
1768075330404 0.8080132603645325 4239
1768075331140 0.3413863778114319 4249
1768075331876 0.3749006688594818 4259
1768075332612 0.6492589712142944 4269
1768075333347 0.6073856353759766 4279
1768075334083 0.5141530632972717 4289
1768075334820 0.588517427444458 4299
1768075335555 0.6726588010787964 4309
1768075336289 0.6766409277915955 4319
1768075495230 0.8582831621170044 4329
1768075495964 0.708023190498352 4339
1768075496700 1.0544198751449585 4349
1768075497434 0.38276371359825134 4359
1768075498169 0.6816264390945435 4369
1768075498903 0.6081126928329468 4379
1768075499637 0.8539941310882568 4389
1768075500372 0.7654748558998108 4399
1768075501106 1.0340359210968018 4409
1768075501843 0.41050273180007935 4419
1768075502579 0.48864272236824036 4429
1768075503312 0.5654965043067932 4439
1768075504049 0.465494841337204 4449
1768075504784 0.7866851091384888 4459
1768075505518 0.6190739870071411 4469
1768075506252 0.7938464283943176 4479
1768075506988 0.5919705629348755 4489
1768075507723 0.8444995880126953 4499
1768075508457 0.49326393008232117 4509
1768075509191 0.836208164691925 4519
1768075509927 0.5140154361724854 4529
1768075510663 0.4478151500225067 4539
1768075511397 0.5369632244110107 4549
1768075512133 0.5574623346328735 4559
1768075512870 0.339883416891098 4569
1768075513605 0.4631529152393341 4579
1768075514341 1.2240442037582397 4589
1768075515077 0.4218162000179291 4599
1768075515813 0.48702681064605713 4609
1768075516548 0.87581866979599 4619
1768075517283 0.658608615398407 4629
1768075518018 0.6974409222602844 4639
1768075518754 0.4767279326915741 4649
1768075519490 0.23782294988632202 4659
1768075520229 0.396728515625 4669
1768075520965 0.8519500494003296 4679
1768075521701 0.34484413266181946 4689
1768075522438 1.0583534240722656 4699
1768075523174 0.6037643551826477 4709
1768075523908 0.5361112356185913 4719
1768075524643 0.7836266756057739 4729
1768075525378 0.6133973598480225 4739
1768075526112 0.3223763704299927 4749
1768075526848 0.48618364334106445 4759
1768075527583 0.7291999459266663 4769
1768075528319 0.618948221206665 4779
1768075529054 0.7064670920372009 4789
1768075529788 1.1001532077789307 4799
1768075530523 0.402343213558197 4809
1768075531259 0.566970944404602 4819
1768075531994 0.5293154120445251 4829
1768075532730 0.5162743926048279 4839
1768075533465 0.2916755974292755 4849
1768075534199 0.5532355308532715 4859
1768075534933 0.789169430732727 4869
1768075535668 0.4662576913833618 4879
1768075536404 0.4286499619483948 4889
1768075537140 0.5880980491638184 4899
1768075537873 0.5601483583450317 4909
1768075538608 0.6745365262031555 4919
1768075539344 0.733990490436554 4929
1768075540079 0.5429574251174927 4939
1768075540813 0.4901585578918457 4949
1768075541549 0.4192658066749573 4959
1768075542283 0.18402835726737976 4969
1768075543020 0.5074484944343567 4979
1768075543757 0.701169490814209 4989
1768075544493 0.40553680062294006 4999
1768075545234 0.2914694845676422 5009
1768075545970 0.8009408116340637 5019
1768075546705 0.7018277645111084 5029
1768075547440 0.7227179408073425 5039
1768075548176 0.47978368401527405 5049
1768075548912 0.9058459401130676 5059
1768075549649 0.5024526715278625 5069
1768075550383 0.401507705450058 5079
1768075551119 0.5218678712844849 5089
1768075551856 0.6760159134864807 5099
1768075552590 0.7599104046821594 5109
1768075553325 0.3612177073955536 5119
1768075554061 0.18813461065292358 5129
1768075554796 0.6346781253814697 5139
1768075555532 0.7361992597579956 5149
1768075556267 0.7248528003692627 5159
1768075557003 0.49909162521362305 5169
1768075557740 0.5027902126312256 5179
1768075558474 0.7530420422554016 5189
1768075559210 0.2628403902053833 5199
1768075559945 0.6531775593757629 5209
1768075560680 1.0135924816131592 5219
1768075561415 0.2953696846961975 5229
1768075562150 0.6592701077461243 5239
1768075562886 0.6527045965194702 5249
1768075563621 0.36961254477500916 5259
1768075564354 0.9271053671836853 5269
1768075565090 0.4168771207332611 5279
1768075565825 0.5997961759567261 5289
1768075566560 0.5868018269538879 5299
1768075567295 0.9632266163825989 5309
1768075568030 0.210979163646698 5319
1768075568764 0.8143196105957031 5329
1768075569499 0.397551953792572 5339
1768075570234 0.34598493576049805 5349
1768075570968 0.5686727166175842 5359
1768075571705 0.6681755185127258 5369
1768075572438 0.2924576997756958 5379
1768075573173 0.4128411114215851 5389
1768075573909 0.22380340099334717 5399
1768075574644 0.315090537071228 5409
1768075575380 0.18599441647529602 5419
1768075576118 0.6338140368461609 5429
1768075576853 0.6789852976799011 5439
1768075577587 0.6025517582893372 5449
1768075578322 1.0159424543380737 5459
1768075579057 0.8657946586608887 5469
1768075579794 0.7485369443893433 5479
1768075580529 1.0608198642730713 5489
1768075581264 0.25867903232574463 5499
1768075582001 0.5818231701850891 5509
1768075582738 0.41507843136787415 5519
1768075583474 0.48177269101142883 5529
1768075584209 0.6373565196990967 5539
1768075584945 0.4312754273414612 5549
1768075585681 0.39387887716293335 5559
1768075586416 0.47274425625801086 5569
1768075587151 0.45258283615112305 5579
1768075587886 1.1580063104629517 5589
1768075588622 0.37823158502578735 5599
1768075589357 0.40516188740730286 5609
1768075590093 0.3639798164367676 5619
1768075590828 0.39424723386764526 5629
1768075591563 0.5898942947387695 5639
1768075592299 0.6443288326263428 5649
1768075593034 0.6571897864341736 5659
1768075593770 0.3181591331958771 5669
1768075594506 0.3763332962989807 5679
1768075595242 0.17710763216018677 5689
1768075595979 0.550834059715271 5699
1768075596716 0.6758074164390564 5709
1768075597450 0.8773844838142395 5719
1768075598187 0.42496299743652344 5729
1768075598921 0.44156408309936523 5739
1768075599656 0.5509891510009766 5749
1768075600391 0.3998027443885803 5759
1768075759669 0.6447819471359253 5769
1768075760404 0.4807541072368622 5779
1768075761138 0.44967135787010193 5789
1768075761874 0.6501547694206238 5799
1768075762609 0.5470918416976929 5809
1768075763344 0.4470237195491791 5819
1768075764082 0.3076717257499695 5829
1768075764817 1.0935720205307007 5839
1768075765554 0.37873950600624084 5849
1768075766289 0.5452807545661926 5859
1768075767024 0.6096228361129761 5869
1768075767762 0.8426370024681091 5879
1768075768500 0.4409601390361786 5889
1768075769237 0.6203182339668274 5899
1768075769973 0.7299518585205078 5909
1768075770708 0.5826833844184875 5919
1768075771442 0.6986240744590759 5929
1768075772178 0.6582866311073303 5939
1768075772912 0.49050289392471313 5949
1768075773648 0.5271724462509155 5959
1768075774383 0.47677505016326904 5969
1768075775118 0.5308234691619873 5979
1768075775853 0.6368271708488464 5989
1768075776588 1.1245203018188477 5999
1768075777323 0.31520336866378784 6009
1768075778062 0.3243848383426666 6019
1768075778798 0.3988208770751953 6029
1768075779533 0.3327344059944153 6039
1768075780269 0.25133806467056274 6049
1768075781004 0.4493868947029114 6059
1768075781740 0.7575765252113342 6069
1768075782476 0.35661089420318604 6079
1768075783210 0.6437541246414185 6089
1768075783947 0.42010271549224854 6099
1768075784682 0.20202602446079254 6109
1768075785416 0.600513219833374 6119
1768075786152 0.3362836241722107 6129
1768075786888 0.48325681686401367 6139
1768075787625 0.49074774980545044 6149
1768075788365 0.19826766848564148 6159
1768075789102 0.42711371183395386 6169
1768075789836 0.92624831199646 6179
1768075790573 0.37575942277908325 6189
1768075791309 0.5030930638313293 6199
1768075792048 0.46037596464157104 6209
1768075792785 0.24804694950580597 6219
1768075793524 0.5054019093513489 6229
1768075794261 0.7151524424552917 6239
1768075794994 0.458391398191452 6249
1768075795729 0.5664418935775757 6259
1768075796465 0.6850976943969727 6269
1768075797200 0.28969672322273254 6279
1768075797934 0.8571529984474182 6289
1768075798671 0.46606990694999695 6299
1768075799406 0.3649361729621887 6309
1768075800145 0.3958902657032013 6319
1768075800880 0.6980689764022827 6329
1768075801615 0.6499876976013184 6339
1768075802350 0.6006922125816345 6349
1768075803084 0.3777662515640259 6359
1768075803818 0.47231054306030273 6369
1768075804553 0.4739185571670532 6379
1768075805287 0.3429102897644043 6389
1768075806020 0.2039521485567093 6399
1768075806756 0.39178016781806946 6409
1768075807490 0.26053595542907715 6419
1768075808226 0.5050649046897888 6429
1768075808963 0.6876323819160461 6439
1768075809699 0.558297872543335 6449
1768075810435 0.26717886328697205 6459
1768075811169 0.5265012383460999 6469
1768075811904 0.5848037600517273 6479
1768075812639 0.4158245027065277 6489
1768075813372 0.458608478307724 6499
1768075814106 0.5590443015098572 6509
1768075814842 0.5684581398963928 6519
1768075815575 0.29141268134117126 6529
1768075816310 0.25670555233955383 6539
1768075817047 0.5044819116592407 6549
1768075817783 0.6149895191192627 6559
1768075818517 0.3345598876476288 6569
1768075819252 0.6352300643920898 6579
1768075819987 0.7459020018577576 6589
1768075820722 0.6363956928253174 6599
1768075821457 0.30038294196128845 6609
1768075822192 0.7656956911087036 6619
1768075822929 0.4158143103122711 6629
1768075823663 0.36667686700820923 6639
1768075824397 0.3905235230922699 6649
1768075825132 0.6180319786071777 6659
1768075825866 0.32156607508659363 6669
1768075826603 0.4005480408668518 6679
1768075827338 0.6786553859710693 6689
1768075828073 0.6258915662765503 6699
1768075828808 0.709907591342926 6709
1768075829543 0.6427082419395447 6719
1768075830278 0.7537177801132202 6729
1768075831016 0.5427753925323486 6739
1768075831752 0.8695249557495117 6749
1768075832486 0.7141956090927124 6759
1768075833222 0.24997715651988983 6769
1768075833956 0.2968596816062927 6779
1768075834691 0.5967997908592224 6789
1768075835426 0.44144943356513977 6799
1768075836162 0.49809348583221436 6809
1768075836899 0.29734548926353455 6819
1768075837634 0.2288961112499237 6829
1768075838369 0.7505125403404236 6839
1768075839106 0.5447660684585571 6849
1768075839841 0.15001752972602844 6859
1768075840575 0.304318368434906 6869
1768075841310 0.42031922936439514 6879
1768075842044 0.32987409830093384 6889
1768075842779 0.9327126741409302 6899
1768075843515 0.5343097448348999 6909
1768075844249 0.6231659650802612 6919
1768075844985 0.3561077117919922 6929
1768075845720 0.4610092043876648 6939
1768075846454 0.41213539242744446 6949
1768075847193 0.4242284297943115 6959
1768075847929 0.10105718672275543 6969
1768075848663 0.34294235706329346 6979
1768075849400 0.4189900755882263 6989
1768075850136 0.3999668061733246 6999
1768075850871 0.3963238298892975 7009
1768075851607 0.4708273708820343 7019
1768075852341 0.4885084331035614 7029
1768075853077 1.0415325164794922 7039
1768075853813 0.7571468353271484 7049
1768075854547 0.3527306318283081 7059
1768075855283 0.2755017876625061 7069
1768075856018 0.3110811114311218 7079
1768075856752 0.38651275634765625 7089
1768075857489 0.41941091418266296 7099
1768075858224 0.30224668979644775 7109
1768075858959 0.3208077549934387 7119
1768075859696 0.5021265149116516 7129
1768075860430 0.4754192531108856 7139
1768075861165 0.4219963848590851 7149
1768075861901 0.17541125416755676 7159
1768075862637 0.2641857862472534 7169
1768075863375 0.3483419418334961 7179
1768075864109 0.08933813869953156 7189
1768075864843 0.2373019903898239 7199
1768076022377 0.5745559334754944 7209
1768076023113 0.6394227743148804 7219
1768076023848 0.30374234914779663 7229
1768076024583 0.575810432434082 7239
1768076025319 0.2724757194519043 7249
1768076026053 0.45736435055732727 7259
1768076026790 0.24124263226985931 7269
1768076027526 0.8198870420455933 7279
1768076028260 0.4384223520755768 7289
1768076028995 0.12416019290685654 7299
1768076029729 0.6937100291252136 7309
1768076030463 0.4155436158180237 7319
1768076031201 0.6223592758178711 7329
1768076031937 0.696276843547821 7339
1768076032672 0.0901600643992424 7349
1768076033409 0.5787892937660217 7359
1768076034143 0.18149890005588531 7369
1768076034879 0.25912582874298096 7379
1768076035617 0.3104509711265564 7389
1768076036354 0.3982653021812439 7399
1768076037092 0.7175347805023193 7409
1768076037831 0.2762887477874756 7419
1768076038568 0.3053829073905945 7429
1768076039307 0.5511943697929382 7439
1768076040042 0.74103844165802 7449
1768076040778 0.4146137833595276 7459
1768076041516 0.572530210018158 7469
1768076042252 0.5581363439559937 7479
1768076042989 0.34629207849502563 7489
1768076043725 0.2441314458847046 7499
1768076044460 0.4044193923473358 7509
1768076045195 0.8962624669075012 7519
1768076045930 0.43062537908554077 7529
1768076046665 0.4613892138004303 7539
1768076047402 0.5453801155090332 7549
1768076048140 0.36899420619010925 7559
1768076048876 0.3907792568206787 7569
1768076049613 0.7377921342849731 7579
1768076050349 0.7171194553375244 7589
1768076051087 0.16597285866737366 7599
1768076051824 0.14687754213809967 7609
1768076052560 0.5426909327507019 7619
1768076053295 0.2786901891231537 7629
1768076054030 0.22049079835414886 7639
1768076054763 0.4939582645893097 7649
1768076055499 0.3681594431400299 7659
1768076056234 0.2006158083677292 7669
1768076056968 0.45994895696640015 7679
1768076057703 0.7261521816253662 7689
1768076058437 0.2754131853580475 7699
1768076059172 0.7767399549484253 7709
1768076059908 0.47845885157585144 7719
1768076060642 0.7633503675460815 7729
1768076061378 0.3558068871498108 7739
1768076062113 0.6478582620620728 7749
1768076062846 0.19940252602100372 7759
1768076063581 0.3333158791065216 7769
1768076064316 0.14299333095550537 7779
1768076065050 0.5757148861885071 7789
1768076065785 0.49209898710250854 7799
1768076066519 0.3197082579135895 7809
1768076067256 0.7056155800819397 7819
1768076067992 0.38856273889541626 7829
1768076068727 0.558141827583313 7839
1768076069462 0.5184198617935181 7849
1768076070198 0.4755009710788727 7859
1768076070933 0.4921444356441498 7869
1768076071668 0.5518060326576233 7879
1768076072404 0.27548110485076904 7889
1768076073138 0.686724841594696 7899
1768076073874 0.7616487145423889 7909
1768076074608 0.21691298484802246 7919
1768076075342 0.26525506377220154 7929
1768076076078 0.28006458282470703 7939
1768076076812 0.5902459025382996 7949
1768076077546 0.42181888222694397 7959
1768076078284 0.4418354630470276 7969
1768076079020 0.3413631319999695 7979
1768076079757 0.24366912245750427 7989
1768076080660 0.1501050889492035 7999
1768076081393 0.4194173812866211 8009
1768076082129 0.9661898612976074 8019
1768076082863 0.31441205739974976 8029
1768076083597 0.3315816819667816 8039
1768076084332 0.4502376317977905 8049
1768076085067 0.3316899538040161 8059
1768076085802 0.4338681697845459 8069
1768076086537 0.3308326005935669 8079
1768076087271 0.2951173484325409 8089
1768076088006 0.6328701376914978 8099
1768076088741 0.18700523674488068 8109
1768076089476 0.8959280252456665 8119
1768076090210 0.36622703075408936 8129
1768076090945 0.6774202585220337 8139
1768076091681 0.38973334431648254 8149
1768076092420 0.5705229640007019 8159
1768076093155 0.4998409152030945 8169
1768076093891 0.3345917761325836 8179
1768076094626 0.7142620086669922 8189
1768076095360 0.38066646456718445 8199
1768076096095 0.361591637134552 8209
1768076096829 0.476428359746933 8219
1768076097567 0.5293616652488708 8229
1768076098302 0.36668968200683594 8239
1768076099037 0.27619901299476624 8249
1768076099772 0.13579311966896057 8259
1768076100510 0.3088814616203308 8269
1768076101244 0.53842693567276 8279
1768076101980 0.12656375765800476 8289
1768076102717 0.5023924708366394 8299
1768076103451 0.5221552848815918 8309
1768076104186 1.0919970273971558 8319
1768076104924 0.4203264117240906 8329
1768076105659 0.291730135679245 8339
1768076106394 0.31368738412857056 8349
1768076107131 0.22929146885871887 8359
1768076107866 0.6343619227409363 8369
1768076108602 0.4920971691608429 8379
1768076109339 0.4725057780742645 8389
1768076110074 0.5588850378990173 8399
1768076110821 0.5083135962486267 8409
1768076111557 0.4094306230545044 8419
1768076112292 0.4587379992008209 8429
1768076113027 0.4094783365726471 8439
1768076113761 0.28534752130508423 8449
1768076114497 0.31343021988868713 8459
1768076115234 0.4306690990924835 8469
1768076115969 0.44655200839042664 8479
1768076116705 0.30190345644950867 8489
1768076117440 0.6358997821807861 8499
1768076118176 0.10410872101783752 8509
1768076118917 0.5111979246139526 8519
1768076119652 0.8832880854606628 8529
1768076120389 0.2189655601978302 8539
1768076121124 0.5164074301719666 8549
1768076121860 0.4194607138633728 8559
1768076122600 0.20461125671863556 8569
1768076123337 0.46513089537620544 8579
1768076124072 0.3371976315975189 8589
1768076124808 0.3828784227371216 8599
1768076125544 0.38323938846588135 8609
1768076126280 0.33597299456596375 8619
1768076127017 0.30005091428756714 8629
1768076127753 0.5864372849464417 8639
1768076284689 0.4526323676109314 8649
1768076285424 0.4681188762187958 8659
1768076286157 0.344632089138031 8669
1768076286891 0.47027355432510376 8679
1768076287626 0.3000883162021637 8689
1768076288360 0.8285989165306091 8699
1768076289097 0.3532330095767975 8709
1768076289831 0.42976438999176025 8719
1768076290565 0.22224505245685577 8729
1768076291300 0.23856878280639648 8739
1768076292036 0.3469580411911011 8749
1768076292770 0.483113169670105 8759
1768076293507 0.37322986125946045 8769
1768076294240 0.6507689356803894 8779
1768076294975 0.6717725992202759 8789
1768076295711 0.39666762948036194 8799
1768076296445 0.3600258529186249 8809
1768076297181 0.32626548409461975 8819
1768076297916 0.33953046798706055 8829
1768076298652 0.23173563182353973 8839
1768076299389 0.4199025332927704 8849
1768076300125 0.14275798201560974 8859
1768076300861 0.33614057302474976 8869
1768076301597 0.5406320095062256 8879
1768076302332 0.2715374529361725 8889
1768076303066 0.37827634811401367 8899
1768076303801 0.5546194911003113 8909
1768076304537 0.3201303780078888 8919
1768076305271 0.5077600479125977 8929
1768076306005 0.23934148252010345 8939
1768076306740 0.5073314309120178 8949
1768076307476 0.5255210995674133 8959
1768076308211 0.5159482359886169 8969
1768076308946 0.2610747814178467 8979
1768076309682 0.18156850337982178 8989
1768076310416 0.5809739828109741 8999
1768076311151 0.336094468832016 9009
1768076311889 0.17109675705432892 9019
1768076312628 0.1888180524110794 9029
1768076313363 0.33248862624168396 9039
1768076314099 0.21453647315502167 9049
1768076314833 0.2778780162334442 9059
1768076315569 0.4382842183113098 9069
1768076316304 0.3459455668926239 9079
1768076317040 0.32590198516845703 9089
1768076317776 0.6933152675628662 9099
1768076318510 0.4150058329105377 9109
1768076319246 0.11859215795993805 9119
1768076319983 0.5648193359375 9129
1768076320720 0.3431716859340668 9139
1768076321456 0.1647929847240448 9149
1768076322192 0.37829330563545227 9159
1768076322929 0.4368737041950226 9169
1768076323668 0.26138535141944885 9179
1768076324405 0.5450814962387085 9189
1768076325141 0.513789713382721 9199
1768076325879 0.26302438974380493 9209
1768076326615 0.3569650948047638 9219
1768076327352 0.3726038932800293 9229
1768076328092 0.41906455159187317 9239
1768076328829 0.1293218433856964 9249
1768076329566 0.6629012227058411 9259
1768076330302 0.44567248225212097 9269
1768076331039 0.4067755341529846 9279
1768076331775 0.37040144205093384 9289
1768076332513 0.24928085505962372 9299
1768076333250 0.2482040375471115 9309
1768076333987 0.23402442038059235 9319
1768076334725 0.20453162491321564 9329
1768076335461 0.303289532661438 9339
1768076336201 0.21455757319927216 9349
1768076336939 0.08204226940870285 9359
1768076337676 0.28740236163139343 9369
1768076338413 0.33717238903045654 9379
1768076339149 0.3061262369155884 9389
1768076339886 0.29252275824546814 9399
1768076340626 0.5674765706062317 9409
1768076341364 0.5844211578369141 9419
1768076342104 0.327856183052063 9429
1768076342841 0.7492371797561646 9439
1768076343577 0.14351998269557953 9449
1768076344315 0.14909715950489044 9459
1768076345051 0.21432462334632874 9469
1768076345787 0.25668224692344666 9479
1768076346525 0.1710948497056961 9489
1768076347263 0.4594578146934509 9499
1768076348001 0.5456991195678711 9509
1768076348739 0.16136640310287476 9519
1768076349478 0.3866801857948303 9529
1768076350216 0.36956995725631714 9539
1768076350952 0.41976386308670044 9549
1768076351690 0.29541170597076416 9559
1768076352428 0.36823737621307373 9569
1768076353164 0.3303796052932739 9579
1768076353902 0.18049943447113037 9589
1768076354640 0.08339592814445496 9599
1768076355376 0.5614951252937317 9609
1768076356116 0.19497989118099213 9619
1768076356855 0.1741945594549179 9629
1768076357592 0.38371482491493225 9639
1768076358331 0.29922032356262207 9649
1768076359068 0.2027236819267273 9659
1768076359806 0.0503789521753788 9669
1768076360543 0.3479040861129761 9679
1768076361279 0.5546676516532898 9689
1768076362017 0.29282355308532715 9699
1768076362755 0.5329480767250061 9709
1768076363490 0.667898952960968 9719
1768076364226 0.2730010449886322 9729
1768076364963 0.5625709295272827 9739
1768076365700 0.3733852207660675 9749
1768076366437 0.7164642810821533 9759
1768076367175 0.458577424287796 9769
1768076367913 0.1541237235069275 9779
1768076368651 0.2700060307979584 9789
1768076369388 0.5079836249351501 9799
1768076370126 0.19813020527362823 9809
1768076370865 0.3640660345554352 9819
1768076371602 0.744472324848175 9829
1768076372340 0.4488646686077118 9839
1768076373078 0.2763480842113495 9849
1768076373815 0.2457708716392517 9859
1768076374553 0.30799219012260437 9869
1768076375291 0.15658387541770935 9879
1768076376029 0.4235610067844391 9889
1768076376768 0.25328314304351807 9899
1768076377505 0.17559705674648285 9909
1768076378242 0.22723746299743652 9919
1768076378981 0.2772790193557739 9929
1768076379719 0.29752856492996216 9939
1768076380458 0.5230514407157898 9949
1768076381195 0.2798924446105957 9959
1768076381933 0.5482710003852844 9969
1768076382672 0.7143534421920776 9979
1768076383408 0.28085991740226746 9989
1768076384145 0.17644985020160675 9999
1768076384883 0.12791357934474945 10009
1768076385620 0.25136783719062805 10019
1768076386359 0.0983198806643486 10029
1768076387097 0.5252707004547119 10039
1768076387835 0.2735615074634552 10049
1768076388580 0.4247850775718689 10059
1768076389319 0.260222464799881 10069
1768076390056 0.23124071955680847 10079
1768076545729 0.1878320425748825 10089
1768076546462 0.4243736267089844 10099
1768076547197 0.27482739090919495 10109
1768076547931 0.46402376890182495 10119
1768076548665 0.6031391620635986 10129
1768076549398 0.2767321467399597 10139
1768076550132 0.1537884920835495 10149
1768076550866 0.44694218039512634 10159
1768076551600 0.2566153407096863 10169
1768076552332 0.534738302230835 10179
1768076553068 0.3561839163303375 10189
1768076553801 0.09288080781698227 10199
1768076554533 0.4961187243461609 10209
1768076555268 0.10849098861217499 10219
1768076556002 0.4883458614349365 10229
1768076556735 0.5471819043159485 10239
1768076557470 0.3215269446372986 10249
1768076558204 0.43228447437286377 10259
1768076558938 0.3131672739982605 10269
1768076559673 0.2850152254104614 10279
1768076560407 0.22467800974845886 10289
1768076561141 0.24048444628715515 10299
1768076561875 0.5153453946113586 10309
1768076562609 0.38399630784988403 10319
1768076563343 0.19201014935970306 10329
1768076564078 0.4008508622646332 10339
1768076564811 0.24893848598003387 10349
1768076565545 0.23505853116512299 10359
1768076566280 0.5285961031913757 10369
1768076567015 0.31929484009742737 10379
1768076567749 0.33337122201919556 10389
1768076568483 0.21517981588840485 10399
1768076569218 0.3208250403404236 10409
1768076569952 0.26482126116752625 10419
1768076570686 0.4370023310184479 10429
1768076571421 0.34197181463241577 10439
1768076572155 0.27874264121055603 10449
1768076572888 0.19346913695335388 10459
1768076573623 0.6263154745101929 10469
1768076574357 0.40164217352867126 10479
1768076575091 0.21570751070976257 10489
1768076575824 0.41321828961372375 10499
1768076576558 0.19003282487392426 10509
1768076577292 0.20080535113811493 10519
1768076578028 0.4751094579696655 10529
1768076578762 0.19952352344989777 10539
1768076579497 0.3601265549659729 10549
1768076580232 0.42597079277038574 10559
1768076580965 0.13037298619747162 10569
1768076581700 0.468208372592926 10579
1768076582435 0.19471152126789093 10589
1768076583170 0.22893498837947845 10599
1768076583904 0.5675919055938721 10609
1768076584639 0.17799526453018188 10619
1768076585374 0.21105220913887024 10629
1768076586108 0.7264364361763 10639
1768076586842 0.5611638426780701 10649
1768076587577 0.2724325954914093 10659
1768076588312 0.3367263674736023 10669
1768076589046 0.22518357634544373 10679
1768076589780 0.10613717138767242 10689
1768076590515 0.14058181643486023 10699
1768076591248 0.07819553464651108 10709
1768076591982 0.6654402613639832 10719
1768076592717 0.2644377052783966 10729
1768076593451 0.24637164175510406 10739
1768076594185 0.3291648030281067 10749
1768076594920 0.15362679958343506 10759
1768076595654 0.10650106519460678 10769
1768076596388 0.26428845524787903 10779
1768076597123 0.26964712142944336 10789
1768076597857 0.2235971838235855 10799
1768076598592 0.23334118723869324 10809
1768076599325 0.3238130807876587 10819
1768076600059 0.14629420638084412 10829
1768076600794 0.31079521775245667 10839
1768076601527 0.22132205963134766 10849
1768076602264 0.219721719622612 10859
1768076603002 0.26111629605293274 10869
1768076603737 0.7191441059112549 10879
1768076604476 0.5904447436332703 10889
1768076605213 0.23930421471595764 10899
1768076605950 0.13949723541736603 10909
1768076606686 0.5428812503814697 10919
1768076607420 0.08471415936946869 10929
1768076608154 0.20099015533924103 10939
1768076608889 0.367419958114624 10949
1768076609622 0.13524693250656128 10959
1768076610358 0.460662305355072 10969
1768076611094 0.19077125191688538 10979
1768076611828 0.45481887459754944 10989
1768076612564 0.3418888449668884 10999
1768076613298 0.1765652447938919 11009
1768076614032 0.34106719493865967 11019
1768076614766 0.48104891180992126 11029
1768076615500 0.23225629329681396 11039
1768076616235 0.40723827481269836 11049
1768076616969 0.4935150444507599 11059
1768076617703 0.250095397233963 11069
1768076618439 0.29355326294898987 11079
1768076619174 0.3392890989780426 11089
1768076619907 0.4790448546409607 11099
1768076620642 0.4249708950519562 11109
1768076621378 0.6098335981369019 11119
1768076622112 0.4752388596534729 11129
1768076622847 0.21502727270126343 11139
1768076623580 0.31233230233192444 11149
1768076624315 0.44114577770233154 11159
1768076625050 0.2592393159866333 11169
1768076625784 0.2913128137588501 11179
1768076626520 0.5962664484977722 11189
1768076627256 0.352908730506897 11199
1768076627990 0.31810054183006287 11209
1768076628726 0.4079549312591553 11219
1768076629460 0.3368360698223114 11229
1768076630195 0.17216812074184418 11239
1768076630931 0.4432940185070038 11249
1768076631665 0.34884560108184814 11259
1768076632401 0.24458974599838257 11269
1768076633136 0.4424605071544647 11279
1768076633870 0.17455743253231049 11289
1768076634605 0.47702285647392273 11299
1768076635340 0.6470078229904175 11309
1768076636073 0.2772785425186157 11319
1768076636809 0.33330434560775757 11329
1768076637544 0.24500487744808197 11339
1768076638278 0.2417272925376892 11349
1768076639013 0.4076034128665924 11359
1768076639748 0.3650868833065033 11369
1768076640484 0.1605243682861328 11379
1768076641220 0.2605888545513153 11389
1768076641954 0.1317187398672104 11399
1768076642690 0.2557327449321747 11409
1768076643425 0.2185281664133072 11419
1768076644159 0.1231580525636673 11429
1768076644893 0.32577240467071533 11439
1768076645629 0.36352211236953735 11449
1768076646363 0.18276599049568176 11459
1768076647098 0.20629411935806274 11469
1768076647834 0.07125777006149292 11479
1768076648568 0.18956241011619568 11489
1768076649303 0.19164305925369263 11499
1768076650038 0.275078147649765 11509
1768076650773 0.4799271523952484 11519
1768076806558 0.2628304064273834 11529
1768076807292 0.5604234337806702 11539
1768076808026 0.20584671199321747 11549
1768076808760 0.6747161746025085 11559
1768076809494 0.5503875017166138 11569
1768076810227 0.4427429139614105 11579
1768076810960 0.3602905869483948 11589
1768076811694 0.2670220732688904 11599
1768076812429 0.45206981897354126 11609
1768076813162 0.267406702041626 11619
1768076813895 0.711798369884491 11629
1768076814629 0.529662549495697 11639
1768076815363 0.2815031111240387 11649
1768076816096 0.2398926466703415 11659
1768076816830 0.09621699154376984 11669
1768076817563 0.25815486907958984 11679
1768076818297 0.36985212564468384 11689
1768076819030 0.38702392578125 11699
1768076819763 0.2577536702156067 11709
1768076820497 0.3731309473514557 11719
1768076821230 0.32465627789497375 11729
1768076821964 0.29305726289749146 11739
1768076822697 0.11951949447393417 11749
1768076823430 0.07684159278869629 11759
1768076824163 0.3036271929740906 11769
1768076824897 0.4519859850406647 11779
1768076825630 0.30754831433296204 11789
1768076826364 0.27300068736076355 11799
1768076827097 0.29075708985328674 11809
1768076827831 0.07218126207590103 11819
1768076828564 0.17756232619285583 11829
1768076829298 0.2447870522737503 11839
1768076830031 0.1434042751789093 11849
1768076830765 0.05715428292751312 11859
1768076831499 0.7638744115829468 11869
1768076832232 0.15292516350746155 11879
1768076832966 0.33173301815986633 11889
1768076833699 0.14115583896636963 11899
1768076834433 0.2544207274913788 11909
1768076835168 0.4311971962451935 11919
1768076835903 0.20522645115852356 11929
1768076836638 0.3188883066177368 11939
1768076837373 0.3272814154624939 11949
1768076838109 0.11909894645214081 11959
1768076838843 0.3579433262348175 11969
1768076839576 0.3429175615310669 11979
1768076840309 0.17450332641601562 11989
1768076841042 0.528998613357544 11999
1768076841776 0.19681377708911896 12009
1768076842509 0.21347381174564362 12019
1768076843243 0.23998798429965973 12029
1768076843976 0.3833148777484894 12039
1768076844710 0.3278774917125702 12049
1768076845444 0.41992244124412537 12059
1768076846178 0.3239269256591797 12069
1768076846912 0.4383968114852905 12079
1768076847644 0.18409880995750427 12089
1768076848378 0.29991838335990906 12099
1768076849110 0.15911425650119781 12109
1768076849842 0.2563459575176239 12119
1768076850577 0.1888965219259262 12129
1768076851310 0.10132034868001938 12139
1768076852044 0.20202967524528503 12149
1768076852777 0.24420380592346191 12159
1768076853510 0.44118160009384155 12169
1768076854243 0.08324108272790909 12179
1768076854977 0.27304893732070923 12189
1768076855710 0.23234476149082184 12199
1768076856443 0.11784306913614273 12209
1768076857177 0.2091871201992035 12219
1768076857911 0.4768429398536682 12229
1768076858644 0.4238350987434387 12239
1768076859378 0.15152175724506378 12249
1768076860111 0.5751691460609436 12259
1768076860844 0.21835669875144958 12269
1768076861578 0.09351228177547455 12279
1768076862312 0.49721071124076843 12289
1768076863046 0.34405460953712463 12299
1768076863779 0.2263430953025818 12309
1768076864514 0.5656054019927979 12319
1768076865247 0.2144862860441208 12329
1768076865981 0.16355714201927185 12339
1768076866714 0.3229110538959503 12349
1768076867448 0.056182269006967545 12359
1768076868181 0.26677942276000977 12369
1768076868915 0.15755772590637207 12379
1768076869648 0.27696022391319275 12389
1768076870382 0.09554769098758698 12399
1768076871115 0.35660088062286377 12409
1768076871848 0.5628626346588135 12419
1768076872582 0.2207944691181183 12429
1768076873315 0.36565056443214417 12439
1768076874048 0.21859870851039886 12449
1768076874782 0.24099673330783844 12459
1768076875515 0.39689940214157104 12469
1768076876248 0.26936647295951843 12479
1768076876982 0.09070322662591934 12489
1768076877715 0.11996948719024658 12499
1768076878449 0.2641141712665558 12509
1768076879183 0.15933707356452942 12519
1768076879915 0.1390496790409088 12529
1768076880649 0.35094043612480164 12539
1768076881383 0.4096088707447052 12549
1768076882117 0.41272398829460144 12559
1768076882853 0.21257489919662476 12569
1768076883588 0.0795820876955986 12579
1768076884322 0.139663428068161 12589
1768076885058 0.08143658190965652 12599
1768076885793 0.21482360363006592 12609
1768076886527 0.33062636852264404 12619
1768076887262 0.1418502926826477 12629
1768076887998 0.4452430009841919 12639
1768076888733 0.395923912525177 12649
1768076889469 0.0986877828836441 12659
1768076890206 0.1649501919746399 12669
1768076890942 0.1584452986717224 12679
1768076891676 0.18653114140033722 12689
1768076892411 0.40070852637290955 12699
1768076893145 0.011080051772296429 12709
1768076893879 0.44850608706474304 12719
1768076894613 0.2072557806968689 12729
1768076895347 0.21295340359210968 12739
1768076896080 0.28684258460998535 12749
1768076896815 0.25667712092399597 12759
1768076897549 0.09171079099178314 12769
1768076898283 0.1384633630514145 12779
1768076899017 0.4931095838546753 12789
1768076899752 0.05616810545325279 12799
1768076900486 0.1611533761024475 12809
1768076901219 0.7221196293830872 12819
1768076901954 0.2532445788383484 12829
1768076902687 0.32975080609321594 12839
1768076903420 0.2505941390991211 12849
1768076904154 0.1523178070783615 12859
1768076904888 0.4992789328098297 12869
1768076905622 0.6612838506698608 12879
1768076906356 0.44779714941978455 12889
1768076907090 0.6147226691246033 12899
1768076907824 0.22282098233699799 12909
1768076908558 0.451577752828598 12919
1768076909292 0.022045759484171867 12929
1768076910026 0.4059741199016571 12939
1768076910760 0.29426151514053345 12949
1768076911492 0.17361581325531006 12959
1768077066255 0.05746008828282356 12969
1768077066989 0.6549705266952515 12979
1768077067721 0.23573409020900726 12989
1768077068455 0.13310213387012482 12999
1768077069187 0.186703160405159 13009
1768077069920 0.3950992822647095 13019
1768077070655 0.38543426990509033 13029
1768077071387 0.6324535608291626 13039
1768077072121 0.2561683654785156 13049
1768077072854 0.3322888910770416 13059
1768077073586 0.23442129790782928 13069
1768077074319 0.29543337225914 13079
1768077075052 0.3140140175819397 13089
1768077075785 0.26480910181999207 13099
1768077076518 0.33506083488464355 13109
1768077077250 0.11719650775194168 13119
1768077077984 0.07550511509180069 13129
1768077078717 0.16157907247543335 13139
1768077079450 0.3743837773799896 13149
1768077080182 0.4520028829574585 13159
1768077080916 0.21376700699329376 13169
1768077081649 0.5580695867538452 13179
1768077082383 0.47364529967308044 13189
1768077083116 0.29015976190567017 13199
1768077083850 0.1640998274087906 13209
1768077084583 0.3560570478439331 13219
1768077085316 0.2472124993801117 13229
1768077086050 0.15752552449703217 13239
1768077086784 0.2700435519218445 13249
1768077087517 0.14735813438892365 13259
1768077088251 0.5344614386558533 13269
1768077088984 0.2809734642505646 13279
1768077089718 0.06993627548217773 13289
1768077090452 0.32995113730430603 13299
1768077091186 0.3019621968269348 13309
1768077091919 0.24435454607009888 13319
1768077092653 0.20368434488773346 13329
1768077093386 0.7560888528823853 13339
1768077094120 0.4652567207813263 13349
1768077094854 0.22141163051128387 13359
1768077095587 0.30509108304977417 13369
1768077096320 0.042813170701265335 13379
1768077097054 0.433580607175827 13389
1768077097787 1.0911155939102173 13399
1768077098519 0.20322421193122864 13409
1768077099253 0.2716769278049469 13419
1768077099987 0.468688040971756 13429
1768077100722 0.1438639760017395 13439
1768077101456 0.4707756042480469 13449
1768077102190 0.46197065711021423 13459
1768077102924 0.204641655087471 13469
1768077103658 0.25544309616088867 13479
1768077104391 0.22195400297641754 13489
1768077105125 0.4778890013694763 13499
1768077105859 0.466667503118515 13509
1768077106592 0.202293261885643 13519
1768077107326 0.20214484632015228 13529
1768077108060 0.30588582158088684 13539
1768077108794 0.16378076374530792 13549
1768077109527 0.4315145015716553 13559
1768077110261 0.17850913107395172 13569
1768077110995 0.21679158508777618 13579
1768077111729 0.19844172894954681 13589
1768077112463 0.565494954586029 13599
1768077113196 0.7651236057281494 13609
1768077113931 0.20856434106826782 13619
1768077114665 0.2819092273712158 13629
1768077115399 0.7110179662704468 13639
1768077116133 0.1960720717906952 13649
1768077116867 0.05800425261259079 13659
1768077117601 0.45493292808532715 13669
1768077118335 0.39824149012565613 13679
1768077119069 0.11686257272958755 13689
1768077119803 0.1383083164691925 13699
1768077120538 0.4525054395198822 13709
1768077121272 0.23275232315063477 13719
1768077122006 0.054921820759773254 13729
1768077122739 0.4167507588863373 13739
1768077123473 0.2712148129940033 13749
1768077124206 0.21397079527378082 13759
1768077124940 0.20606596767902374 13769
1768077125674 0.4618156850337982 13779
1768077126407 0.16700062155723572 13789
1768077127141 0.5649948716163635 13799
1768077127874 0.2886446416378021 13809
1768077128607 0.27589845657348633 13819
1768077129340 0.22105315327644348 13829
1768077130074 0.22441598773002625 13839
1768077130810 0.03496434912085533 13849
1768077131542 0.33938080072402954 13859
1768077132277 0.17292608320713043 13869
1768077133011 0.6114537119865417 13879
1768077133744 0.2362556755542755 13889
1768077134478 0.27900904417037964 13899
1768077135213 0.3142610788345337 13909
1768077135946 0.3133370876312256 13919
1768077136680 0.21167613565921783 13929
1768077137415 0.181365966796875 13939
1768077138150 0.1691921353340149 13949
1768077138884 0.10755853354930878 13959
1768077139620 0.581616997718811 13969
1768077140354 0.26488199830055237 13979
1768077141089 0.13062214851379395 13989
1768077141823 0.18066787719726562 13999
1768077142558 0.7143059968948364 14009
1768077143291 0.5598388314247131 14019
1768077144025 0.22573359310626984 14029
1768077144758 0.3886767625808716 14039
1768077145492 0.2266729325056076 14049
1768077146226 0.05313187837600708 14059
1768077146961 0.2575836181640625 14069
1768077147694 0.15355873107910156 14079
1768077148428 0.5715329051017761 14089
1768077149161 0.4026827812194824 14099
1768077149895 0.4332469701766968 14109
1768077150628 0.6765711307525635 14119
1768077151362 0.6658200621604919 14129
1768077152095 0.05131984502077103 14139
1768077152829 0.3479715585708618 14149
1768077153562 0.36971738934516907 14159
1768077154294 0.30468490719795227 14169
1768077155028 0.5402064323425293 14179
1768077155762 0.3087864816188812 14189
1768077156495 0.4087708592414856 14199
1768077157227 0.3432057201862335 14209
1768077157961 0.20179995894432068 14219
1768077158695 0.24513015151023865 14229
1768077159429 0.3352586328983307 14239
1768077160162 0.11404924839735031 14249
1768077160896 0.05482795462012291 14259
1768077161630 0.2508814036846161 14269
1768077162364 0.31993934512138367 14279
1768077163099 0.15347200632095337 14289
1768077163831 0.36269015073776245 14299
1768077164564 0.23303468525409698 14309
1768077165298 0.20683297514915466 14319
1768077166032 0.207587331533432 14329
1768077166764 0.2056034356355667 14339
1768077167497 0.2987935245037079 14349
1768077168231 0.23501212894916534 14359
1768077168964 0.16548201441764832 14369
1768077169699 0.21886290609836578 14379
1768077170432 0.5361213684082031 14389
1768077171163 0.6979091763496399 14399
1768077326389 0.12504814565181732 14409
1768077327123 0.310668408870697 14419
1768077327858 0.1920696347951889 14429
1768077328591 0.8022159934043884 14439
1768077329325 0.12066151946783066 14449
1768077330058 0.14672331511974335 14459
1768077330793 0.06499433517456055 14469
1768077331527 0.059364479035139084 14479
1768077332260 0.09435221552848816 14489
1768077332996 0.19995036721229553 14499
1768077333730 0.5220643281936646 14509
1768077334463 0.17948882281780243 14519
1768077335196 0.23325049877166748 14529
1768077335930 0.11507415771484375 14539
1768077336663 0.20565833151340485 14549
1768077337397 0.40158507227897644 14559
1768077338130 0.16732701659202576 14569
1768077338863 0.20311972498893738 14579
1768077339596 0.07886374741792679 14589
1768077340330 0.36909544467926025 14599
1768077341062 0.300957590341568 14609
1768077341796 0.2670367658138275 14619
1768077342529 0.2915525436401367 14629
1768077343264 0.02336111292243004 14639
1768077343998 0.08100701123476028 14649
1768077344731 0.09691174328327179 14659
1768077345464 0.18196459114551544 14669
1768077346197 0.20843663811683655 14679
1768077346931 0.08772136270999908 14689
1768077347664 0.09829531610012054 14699
1768077348397 0.07519393414258957 14709
1768077349131 0.3568113148212433 14719
1768077349865 0.18737424910068512 14729
1768077350598 0.1642138510942459 14739
1768077351332 0.3945447504520416 14749
1768077352066 0.3979203999042511 14759
1768077352800 0.22973863780498505 14769
1768077353532 0.2500474154949188 14779
1768077354266 0.18298186361789703 14789
1768077355001 0.3320057690143585 14799
1768077355735 0.34023475646972656 14809
1768077356469 0.2965269088745117 14819
1768077357203 0.1925925612449646 14829
1768077357938 0.3266482949256897 14839
1768077358671 0.10206303000450134 14849
1768077359405 0.23980747163295746 14859
1768077360141 0.10469342023134232 14869
1768077360875 0.3960478901863098 14879
1768077361610 0.16037866473197937 14889
1768077362344 0.2598971426486969 14899
1768077363078 0.26143312454223633 14909
1768077363812 0.10665199160575867 14919
1768077364546 0.03035893850028515 14929
1768077365280 0.20823577046394348 14939
1768077366014 0.4032205045223236 14949
1768077366749 0.134674534201622 14959
1768077367482 0.38295236229896545 14969
1768077368215 0.2477053850889206 14979
1768077368948 0.15720224380493164 14989
1768077369682 0.318433552980423 14999
1768077370417 0.2204442024230957 15009
1768077371151 0.35014015436172485 15019
1768077371886 0.13489937782287598 15029
1768077372620 0.12110216170549393 15039
1768077373355 0.24900931119918823 15049
1768077374089 0.023471757769584656 15059
1768077374824 0.18556274473667145 15069
1768077375557 0.033956337720155716 15079
1768077376291 0.031171638518571854 15089
1768077377025 0.21577030420303345 15099
1768077377759 0.09838040173053741 15109
1768077378493 0.23218660056591034 15119
1768077379227 0.11408165842294693 15129
1768077379961 0.28306815028190613 15139
1768077380695 0.24432171881198883 15149
1768077381429 0.45420005917549133 15159
1768077382164 0.1459226757287979 15169
1768077382897 0.0807972252368927 15179
1768077383636 0.5782374739646912 15189
1768077384371 0.1617492139339447 15199
1768077385105 0.328454852104187 15209
1768077385838 0.2490832656621933 15219
1768077386572 0.051872994750738144 15229
1768077387306 0.044871289283037186 15239
1768077388040 0.2587487995624542 15249
1768077388774 0.32355743646621704 15259
1768077389510 0.26891329884529114 15269
1768077390245 0.14979109168052673 15279
1768077390979 0.2513950765132904 15289
1768077391712 0.13340134918689728 15299
1768077392446 0.3429376184940338 15309
1768077393180 0.21539294719696045 15319
1768077393915 0.08236871659755707 15329
1768077394648 0.20080412924289703 15339
1768077395383 0.223546102643013 15349
1768077396118 0.4725968837738037 15359
1768077396852 0.34138694405555725 15369
1768077397587 0.7274867296218872 15379
1768077398321 0.12926563620567322 15389
1768077399055 0.21830926835536957 15399
1768077399789 0.023401398211717606 15409
1768077400524 0.04520828649401665 15419
1768077401257 0.2696389853954315 15429
1768077401992 0.09549427032470703 15439
1768077402726 0.1220507025718689 15449
1768077403461 0.17885558307170868 15459
1768077404195 0.19001875817775726 15469
1768077404930 0.016419244930148125 15479
1768077405664 0.16382314264774323 15489
1768077406398 0.20544467866420746 15499
1768077407133 0.14776478707790375 15509
1768077407867 0.0892389789223671 15519
1768077408601 0.2510795295238495 15529
1768077409336 0.2546784579753876 15539
1768077410070 0.022476470097899437 15549
1768077410804 0.0396321602165699 15559
1768077411538 0.07104744017124176 15569
1768077412272 0.17501278221607208 15579
1768077413006 0.19969573616981506 15589
1768077413740 0.032822612673044205 15599
1768077414473 0.4366838335990906 15609
1768077415206 0.1724177896976471 15619
1768077415940 0.2765175998210907 15629
1768077416674 0.1555233746767044 15639
1768077417408 0.22352038323879242 15649
1768077418142 0.17919322848320007 15659
1768077418876 0.3165632486343384 15669
1768077419610 0.6079467535018921 15679
1768077420344 0.03926534950733185 15689
1768077421079 0.3726891875267029 15699
1768077421813 0.4727335274219513 15709
1768077422547 0.1366257667541504 15719
1768077423281 0.14169108867645264 15729
1768077424014 0.1578054279088974 15739
1768077424748 0.02213900536298752 15749
1768077425481 0.0945451632142067 15759
1768077426215 0.2668780982494354 15769
1768077426948 0.25689852237701416 15779
1768077427682 0.253860741853714 15789
1768077428415 0.122611403465271 15799
1768077429149 0.208168163895607 15809
1768077429883 0.25357091426849365 15819
1768077430617 0.06941215693950653 15829
1768077431349 0.12000623345375061 15839
1768077584520 0.09348795562982559 15849
1768077585255 0.4508623480796814 15859
1768077585987 0.3266293406486511 15869
1768077586720 0.1741797924041748 15879
1768077587453 0.18317027390003204 15889
1768077588186 0.14027050137519836 15899
1768077588918 0.2930545508861542 15909
1768077589652 0.3267271816730499 15919
1768077590384 0.43619635701179504 15929
1768077591116 0.32566893100738525 15939
1768077591847 0.2201704978942871 15949
1768077592579 0.12927764654159546 15959
1768077593311 0.0655035451054573 15969
1768077594042 0.01326154638081789 15979
1768077594774 0.20538276433944702 15989
1768077595506 0.10360055416822433 15999
1768077596240 0.15328826010227203 16009
1768077596974 0.16283684968948364 16019
1768077597706 0.1668298840522766 16029
1768077598440 0.10853325575590134 16039
1768077599173 0.14617112278938293 16049
1768077599906 0.24250715970993042 16059
1768077600639 0.226749449968338 16069
1768077601372 0.08510857075452805 16079
1768077602107 0.2773228585720062 16089
1768077602840 0.24241890013217926 16099
1768077603573 0.12664324045181274 16109
1768077604307 0.6608622074127197 16119
1768077605040 0.2970399260520935 16129
1768077605774 0.34066736698150635 16139
1768077606508 0.45337462425231934 16149
1768077607242 0.16406475007534027 16159
1768077607975 0.12486077845096588 16169
1768077608708 0.11633609235286713 16179
1768077609442 0.19689323008060455 16189
1768077610176 0.2650989592075348 16199
1768077610911 0.2906596064567566 16209
1768077611644 0.04157488793134689 16219
1768077612378 0.11440403759479523 16229
1768077613112 0.2086706906557083 16239
1768077613846 0.14936953783035278 16249
1768077614581 0.09769655019044876 16259
1768077615315 0.04679448902606964 16269
1768077616047 0.3195427656173706 16279
1768077616780 0.062231600284576416 16289
1768077617513 0.08164094388484955 16299
1768077618246 0.18642085790634155 16309
1768077618980 0.3213903605937958 16319
1768077619713 0.32824772596359253 16329
1768077620448 0.21439814567565918 16339
1768077621181 0.08016148209571838 16349
1768077621915 0.43492674827575684 16359
1768077622648 0.4153694808483124 16369
1768077623382 0.2610941529273987 16379
1768077624115 0.14567798376083374 16389
1768077624848 0.19172079861164093 16399
1768077625583 0.11507643759250641 16409
1768077626317 0.18283353745937347 16419
1768077627050 0.2776400148868561 16429
1768077627784 0.10136888921260834 16439
1768077628517 0.18083985149860382 16449
1768077629251 0.4627821147441864 16459
1768077629984 0.17149177193641663 16469
1768077630717 0.1735273003578186 16479
1768077631450 0.23406481742858887 16489
1768077632182 0.10526638478040695 16499
1768077632915 0.1913948655128479 16509
1768077633647 0.4247199296951294 16519
1768077634381 0.19452323019504547 16529
1768077635115 0.20593604445457458 16539
1768077635849 0.4220254421234131 16549
1768077636582 0.15625563263893127 16559
1768077637315 0.2966722548007965 16569
1768077638049 0.319119393825531 16579
1768077638781 0.11327585577964783 16589
1768077639514 0.1703614741563797 16599
1768077640247 0.22568106651306152 16609
1768077640981 0.07286420464515686 16619
1768077641714 0.12704406678676605 16629
1768077642447 0.06612668931484222 16639
1768077643182 0.25629714131355286 16649
1768077643915 0.3775613009929657 16659
1768077644649 0.17218852043151855 16669
1768077645380 0.41297101974487305 16679
1768077646114 0.3033141493797302 16689
1768077646848 0.35064834356307983 16699
1768077647581 0.05591103062033653 16709
1768077648315 0.21714836359024048 16719
1768077649048 0.18250270187854767 16729
1768077649782 0.13230331242084503 16739
1768077650516 0.3928549885749817 16749
1768077651250 0.23130011558532715 16759
1768077651982 0.18515048921108246 16769
1768077652715 0.29057246446609497 16779
1768077653449 0.19422397017478943 16789
1768077654181 0.23792484402656555 16799
1768077654914 0.19664603471755981 16809
1768077655648 0.12248735129833221 16819
1768077656381 0.0907328873872757 16829
1768077657115 0.09110356867313385 16839
1768077657848 0.17102690041065216 16849
1768077658581 0.11572746187448502 16859
1768077659314 0.09614864736795425 16869
1768077660049 0.5665096044540405 16879
1768077660783 0.005119512788951397 16889
1768077661517 0.02689690701663494 16899
1768077662250 0.06443221122026443 16909
1768077662984 0.2891504168510437 16919
1768077663718 0.12599554657936096 16929
1768077664452 0.1921624094247818 16939
1768077665186 0.05713816359639168 16949
1768077665920 0.030345765873789787 16959
1768077666654 0.39020124077796936 16969
1768077667388 0.03119676001369953 16979
1768077668122 0.30080801248550415 16989
1768077668855 0.4036383032798767 16999
1768077669590 0.2896237373352051 17009
1768077670324 0.10987995564937592 17019
1768077671057 0.03326316922903061 17029
1768077671791 0.14885862171649933 17039
1768077672524 0.07044223695993423 17049
1768077673256 0.23727363348007202 17059
1768077673991 0.2605094611644745 17069
1768077674724 0.04734843969345093 17079
1768077675457 0.21463924646377563 17089
1768077676191 0.08281809836626053 17099
1768077676924 0.09518156200647354 17109
1768077677658 0.19024382531642914 17119
1768077678392 0.08770586550235748 17129
1768077679126 0.30750834941864014 17139
1768077679860 0.21963752806186676 17149
1768077680594 0.3552206754684448 17159
1768077681327 0.04181361943483353 17169
1768077682060 0.0875680148601532 17179
1768077682794 0.15596319735050201 17189
1768077683704 0.5441288948059082 17199
1768077684435 0.6121448278427124 17209
1768077685168 0.09418956190347672 17219
1768077685901 0.019887883216142654 17229
1768077686635 0.3270967900753021 17239
1768077687368 0.029309485107660294 17249
1768077688102 0.1248774304986 17259
1768077688835 0.06421080976724625 17269
1768077689567 0.11597074568271637 17279
1768077844620 0.11542386561632156 17289
1768077845356 0.09333368390798569 17299
1768077846091 0.13929350674152374 17309
1768077846826 0.07977950572967529 17319
1768077847561 0.2806747853755951 17329
1768077848296 0.06027136370539665 17339
1768077849031 0.08242814242839813 17349
1768077849766 0.06861468404531479 17359
1768077850503 0.2950638234615326 17369
1768077851238 0.38465628027915955 17379
1768077851974 0.14231540262699127 17389
1768077852707 0.06686405837535858 17399
1768077853440 0.09323067218065262 17409
1768077854174 0.13475677371025085 17419
1768077854907 0.10934223234653473 17429
1768077855640 0.49425920844078064 17439
1768077856374 0.1231580451130867 17449
1768077857108 0.28076669573783875 17459
1768077857842 0.030545132234692574 17469
1768077858575 0.03369664028286934 17479
1768077859308 0.19320498406887054 17489
1768077860042 0.08606211841106415 17499
1768077860776 0.3264392912387848 17509
1768077861510 0.1816554218530655 17519
1768077862252 0.81988126039505 17529
1768077862986 0.17018112540245056 17539
1768077863720 0.1775323897600174 17549
1768077864453 0.01552516408264637 17559
1768077865187 0.07243029773235321 17569
1768077865921 0.09706933051347733 17579
1768077866654 0.2991032004356384 17589
1768077867388 0.19104018807411194 17599
1768077868123 0.0397990345954895 17609
1768077868856 0.12256272882223129 17619
1768077869591 0.07843247056007385 17629
1768077870325 0.009729510173201561 17639
1768077871059 0.228938028216362 17649
1768077871793 0.2920660078525543 17659
1768077872527 0.07144385576248169 17669
1768077873261 0.10048863291740417 17679
1768077873994 0.13486681878566742 17689
1768077874728 0.15997838973999023 17699
1768077875462 0.13253310322761536 17709
1768077876195 0.21488745510578156 17719
1768077876929 0.022454960271716118 17729
1768077877663 0.06559053063392639 17739
1768077878398 0.05380570888519287 17749
1768077879133 0.20415587723255157 17759
1768077879869 0.11410100758075714 17769
1768077880604 0.22357356548309326 17779
1768077881338 0.10442915558815002 17789
1768077882072 0.06176481023430824 17799
1768077882807 0.03606978431344032 17809
1768077883541 0.19909639656543732 17819
1768077884275 0.08422660827636719 17829
1768077885008 0.12773345410823822 17839
1768077885742 0.06740745902061462 17849
1768077886476 0.1684698462486267 17859
1768077887210 0.36377742886543274 17869
1768077887943 0.2266698032617569 17879
1768077888677 0.023918699473142624 17889
1768077889411 0.27396732568740845 17899
1768077890145 0.05330986902117729 17909
1768077890879 0.19851645827293396 17919
1768077891613 0.14108547568321228 17929
1768077892349 0.1890777200460434 17939
1768077893083 0.15651774406433105 17949
1768077893816 0.3305895924568176 17959
1768077894550 0.24941720068454742 17969
1768077895282 0.032241180539131165 17979
1768077896016 0.4036697745323181 17989
1768077896749 0.05255889147520065 17999
1768077897481 0.11992332339286804 18009
1768077898214 0.16208869218826294 18019
1768077898947 0.22387157380580902 18029
1768077899680 0.21351779997348785 18039
1768077900415 0.3126775622367859 18049
1768077901149 0.22685427963733673 18059
1768077901882 0.07501115649938583 18069
1768077902616 0.10635656118392944 18079
1768077903349 0.1597282588481903 18089
1768077904082 0.11432944983243942 18099
1768077904815 0.15970490872859955 18109
1768077905548 0.0615096278488636 18119
1768077906281 0.18143101036548615 18129
1768077907015 0.03489544615149498 18139
1768077907748 0.42747488617897034 18149
1768077908482 0.10517048835754395 18159
1768077909215 0.11177095770835876 18169
1768077909948 0.2434241771697998 18179
1768077910683 0.28977563977241516 18189
1768077911416 0.1712895929813385 18199
1768077912150 0.0722670704126358 18209
1768077912884 0.017771705985069275 18219
1768077913617 0.24313049018383026 18229
1768077914350 0.011367950588464737 18239
1768077915083 0.05713801085948944 18249
1768077915816 0.2544836699962616 18259
1768077916549 0.021575000137090683 18269
1768077917283 0.17702826857566833 18279
1768077918016 0.015527908690273762 18289
1768077918750 0.13345469534397125 18299
1768077919484 0.11108189076185226 18309
1768077920217 0.10556712001562119 18319
1768077920951 0.14899525046348572 18329
1768077921685 0.2286366969347 18339
1768077922417 0.20029807090759277 18349
1768077923151 0.05441348999738693 18359
1768077923884 0.11708010733127594 18369
1768077924617 0.20284277200698853 18379
1768077925351 0.5740445852279663 18389
1768077926084 0.13019098341464996 18399
1768077926817 0.19475534558296204 18409
1768077927551 0.39745473861694336 18419
1768077928284 0.058571841567754745 18429
1768077929018 0.2041923701763153 18439
1768077929753 0.16378848254680634 18449
1768077930486 0.052206963300704956 18459
1768077931219 0.30657070875167847 18469
1768077931952 0.39138293266296387 18479
1768077932685 0.5435243844985962 18489
1768077933417 0.04363728314638138 18499
1768077934150 0.07737928628921509 18509
1768077934884 0.16998648643493652 18519
1768077935617 0.10395078361034393 18529
1768077936349 0.03234497085213661 18539
1768077937083 0.09292524307966232 18549
1768077937816 0.03833403065800667 18559
1768077938550 0.12333761155605316 18569
1768077939283 0.23553147912025452 18579
1768077940016 0.26758766174316406 18589
1768077940751 0.17286063730716705 18599
1768077941486 0.24711616337299347 18609
1768077942221 0.12401257455348969 18619
1768077942956 0.25209474563598633 18629
1768077943690 0.12438423931598663 18639
1768077944426 0.14884187281131744 18649
1768077945162 0.2268853336572647 18659
1768077945896 0.4251709282398224 18669
1768077946631 0.007444914896041155 18679
1768077947367 0.2856379747390747 18689
1768077948102 0.20893411338329315 18699
1768077948835 0.006529016420245171 18709
1768077949567 0.15155993402004242 18719
1768078104310 0.459221750497818 18729
1768078105043 0.0781887099146843 18739
1768078105777 0.04701574146747589 18749
1768078106508 0.003735132748261094 18759
1768078107240 0.05600667744874954 18769
1768078107972 0.14136825501918793 18779
1768078108703 0.26325157284736633 18789
1768078109436 0.5562506914138794 18799
1768078110168 0.17257730662822723 18809
1768078110902 0.13803713023662567 18819
1768078111634 0.20654034614562988 18829
1768078112368 0.16772423684597015 18839
1768078113101 0.1371873915195465 18849
1768078113834 0.38900259137153625 18859
1768078114567 0.12535034120082855 18869
1768078115300 0.07486984133720398 18879
1768078116034 0.2791174352169037 18889
1768078116768 0.16495276987552643 18899
1768078117501 0.09053751081228256 18909
1768078118234 0.09457685053348541 18919
1768078118967 0.046871088445186615 18929
1768078119701 0.16684174537658691 18939
1768078120434 0.08683493733406067 18949
1768078121167 0.026660114526748657 18959
1768078121901 0.04467368125915527 18969
1768078122634 0.052269380539655685 18979
1768078123367 0.1190716028213501 18989
1768078124100 0.13369117677211761 18999
1768078124834 0.11757785826921463 19009
1768078125566 0.13048946857452393 19019
1768078126299 0.4257354140281677 19029
1768078127032 0.17668959498405457 19039
1768078127766 0.04808690771460533 19049
1768078128499 0.30882543325424194 19059
1768078129232 0.2855772078037262 19069
1768078129964 0.13575682044029236 19079
1768078130698 0.07564462721347809 19089
1768078131431 0.21695689857006073 19099
1768078132164 0.14853963255882263 19109
1768078132898 0.18360547721385956 19119
1768078133631 0.05420202761888504 19129
1768078134364 0.41438817977905273 19139
1768078135098 0.07269316166639328 19149
1768078135832 0.44427192211151123 19159
1768078136565 0.1949329972267151 19169
1768078137299 0.37731054425239563 19179
1768078138033 0.16083675622940063 19189
1768078138766 0.17549563944339752 19199
1768078139499 0.11764722317457199 19209
1768078140233 0.0652257427573204 19219
1768078140966 0.17927734553813934 19229
1768078141698 0.028420081362128258 19239
1768078142432 0.05397379398345947 19249
1768078143165 0.061006803065538406 19259
1768078143898 0.03792699798941612 19269
1768078144631 0.26321882009506226 19279
1768078145364 0.1794423758983612 19289
1768078146098 0.4480404853820801 19299
1768078146831 0.2309071272611618 19309
1768078147564 0.04227682203054428 19319
1768078148299 0.15989084541797638 19329
1768078149034 0.2650131285190582 19339
1768078149770 0.2328069657087326 19349
1768078150504 0.04140263795852661 19359
1768078151236 0.04378402605652809 19369
1768078151969 0.2711952030658722 19379
1768078152700 0.2210816890001297 19389
1768078153431 0.005039768759161234 19399
1768078154163 0.36247581243515015 19409
1768078154895 0.14469419419765472 19419
1768078155626 0.3354779779911041 19429
1768078156357 0.04400079324841499 19439
1768078157088 0.22539901733398438 19449
1768078157819 0.2214074432849884 19459
1768078158551 0.27492257952690125 19469
1768078159283 0.06241976097226143 19479
1768078160015 0.22460269927978516 19489
1768078160746 0.14806686341762543 19499
1768078161477 0.4252128601074219 19509
1768078162208 0.08204197883605957 19519
1768078162938 0.21419042348861694 19529
1768078163668 0.031629033386707306 19539
1768078164398 0.13278207182884216 19549
1768078165130 0.14038734138011932 19559
1768078165862 0.23176833987236023 19569
1768078166594 0.051735229790210724 19579
1768078167325 0.16799993813037872 19589
1768078168059 0.06803474575281143 19599
1768078168793 0.1289442479610443 19609
1768078169526 0.12098430097103119 19619
1768078170259 0.10342612117528915 19629
1768078170993 0.04828556999564171 19639
1768078171727 0.19388501346111298 19649
1768078172460 0.2057708352804184 19659
1768078173193 0.10303137451410294 19669
1768078173925 0.04283301904797554 19679
1768078174657 0.32024890184402466 19689
1768078175389 0.12210594117641449 19699
1768078176120 0.18583407998085022 19709
1768078176853 0.130219504237175 19719
1768078177584 0.08447566628456116 19729
1768078178316 0.06212742254137993 19739
1768078179048 0.35192856192588806 19749
1768078179780 0.2512795031070709 19759
1768078180512 0.14817257225513458 19769
1768078181243 0.28762680292129517 19779
1768078181974 0.2878264784812927 19789
1768078182708 0.1422964632511139 19799
1768078183442 0.07580302655696869 19809
1768078184175 0.11726430803537369 19819
1768078184909 0.15991772711277008 19829
1768078185642 0.190692737698555 19839
1768078186375 0.07628894597291946 19849
1768078187109 0.24266810715198517 19859
1768078187843 0.25603577494621277 19869
1768078188576 0.19177691638469696 19879
1768078189310 0.14258547127246857 19889
1768078190045 0.07652974873781204 19899
1768078190779 0.020154912024736404 19909
1768078191513 0.1625937670469284 19919
1768078192248 0.11946975439786911 19929
1768078192981 0.09173543751239777 19939
1768078193715 0.31974083185195923 19949
1768078194448 0.05847063288092613 19959
1768078195182 0.1532459259033203 19969
1768078195915 0.014195154421031475 19979
1768078196649 0.16521351039409637 19989
1768078197382 0.13984282314777374 19999
1768078198116 0.17247295379638672 20009
1768078198850 0.008155034855008125 20019
1768078199584 0.11992625147104263 20029
1768078200318 0.020243491977453232 20039
1768078201052 0.21050406992435455 20049
1768078201787 0.09509018808603287 20059
1768078202521 0.5684362053871155 20069
1768078203254 0.22457212209701538 20079
1768078203988 0.12469160556793213 20089
1768078204722 0.17524118721485138 20099
1768078205456 0.008280190639197826 20109
1768078206190 0.03856034576892853 20119
1768078206925 0.3437979519367218 20129
1768078207658 0.07657895237207413 20139
1768078208392 0.5447940826416016 20149
1768078209125 0.13920630514621735 20159
