1768074961182 6.31647253036499 1439
1768075230309 1.0012694597244263 2879
1768075494429 0.718776524066925 4319
1768075758857 0.5676314830780029 5759
1768076021573 0.4720952808856964 7199
1768076283887 0.42374423146247864 8639
1768076544932 0.36864450573921204 10079
1768076805758 0.3307688236236572 11519
1768077065448 0.29012712836265564 12959
1768077325585 0.2736041247844696 14399
1768077583719 0.2031603902578354 15839
1768077843815 0.1960703581571579 17279
1768078103502 0.17061206698417664 18719
1768078364007 0.16208073496818542 20159
