1767889780998 0.0 9
1767889781154 0.0 19
1767889781310 0.0 29
1767889781468 0.0 39
1767889781625 0.0 49
1767889781780 0.0 59
1767889781937 0.0 69
1767889782094 0.0 79
1767889782250 0.0 89
1767889782409 0.0 99
1767889782566 0.0 109
1767889782724 0.0 119
1767889782879 0.0 129
1767889783036 0.0 139
1767889783191 0.0 149
1767889783346 0.0 159
1767889783502 0.0 169
1767889783653 0.0 179
1767889783804 0.0 189
1767889783957 0.0 199
1767889784107 0.0 209
1767889784260 0.0 219
1767889784412 0.0 229
1767889784565 0.0 239
1767889784721 0.0 249
1767889784876 0.0 259
1767889785030 0.0 269
1767889785186 0.0 279
1767889785341 0.0 289
1767889785493 0.0 299
1767889785645 0.0 309
1767889785797 0.0 319
1767889785949 0.0 329
1767889786101 0.0 339
1767889786252 0.0 349
1767889786403 0.0 359
1767889786555 0.0 369
1767889786706 0.0 379
1767889786858 0.0 389
1767889787011 0.0 399
1767889787162 0.0 409
1767889787314 0.0 419
1767889787468 0.0 429
1767889787623 0.0 439
1767889787776 0.0 449
1767889787928 0.0 459
1767889788081 0.0 469
1767889788233 0.0 479
1767889788385 0.0 489
1767889788538 0.0 499
1767889788690 0.0 509
1767889788843 0.0 519
1767889788996 0.0 529
1767889789149 0.0 539
1767889789302 0.0 549
1767889789454 0.0 559
1767889789610 0.0 569
1767889789763 0.0 579
1767889789915 0.0 589
1767889790067 0.0 599
1767889790218 0.0 609
1767889790370 0.0 619
1767889790521 0.0 629
1767889790674 0.0 639
1767889790829 0.0 649
1767889790982 0.0 659
1767889791136 0.0 669
1767889791288 0.0 679
1767889791442 0.0 689
1767889791597 0.0 699
1767889791752 0.0 709
1767889791906 0.0 719
1767889792057 0.0 729
1767889792209 0.0 739
1767889792361 0.0 749
1767889792515 0.0 759
1767889792667 0.0 769
1767889792819 0.0 779
1767889792970 0.0 789
1767889793122 0.0 799
1767889793274 0.0 809
1767889793427 0.0 819
1767889793581 0.0 829
1767889793737 0.0 839
1767889793889 0.0 849
1767889794040 0.0 859
1767889794193 0.0 869
1767889794346 0.0 879
1767889794500 0.0 889
1767889794653 0.0 899
1767889794806 0.0 909
1767889794959 0.0 919
1767889795111 0.0 929
1767889795262 0.0 939
1767889795415 0.0 949
1767889795568 0.0 959
1767889795724 0.0 969
1767889795877 0.0 979
1767889796031 0.0 989
1767889796184 0.0 999
1767889796339 0.0 1009
1767889796492 0.0 1019
1767889796645 0.0 1029
1767889796799 0.0 1039
1767889796952 0.0 1049
1767889797107 0.0 1059
1767889797259 0.0 1069
1767889797413 0.0 1079
1767889797567 0.0 1089
1767889797723 0.0 1099
1767889797877 0.0 1109
1767889798032 0.0 1119
1767889798186 0.0 1129
1767889798340 0.0 1139
1767889798496 0.0 1149
1767889798650 0.0 1159
1767889798804 0.0 1169
1767889798958 0.0 1179
1767889799112 0.0 1189
1767889799266 0.0 1199
1767889799418 0.0 1209
1767889799570 0.0 1219
1767889799723 0.0 1229
1767889799878 0.0 1239
1767889800032 0.0 1249
1767889800184 0.0 1259
1767889800337 0.0 1269
1767889800489 0.0 1279
1767889800644 0.0 1289
1767889800796 0.0 1299
1767889800948 0.0 1309
1767889801100 0.0 1319
1767889801253 0.0 1329
1767889801406 0.0 1339
1767889801558 0.0 1349
1767889801710 0.0 1359
1767889801866 0.0 1369
1767889802019 0.0 1379
1767889802172 0.0 1389
1767889802324 0.0 1399
1767889802478 0.0 1409
1767889802630 0.0 1419
1767889802783 0.0 1429
1767889802932 0.0 1439
1767889805522 0.0 1439
1767889805733 0.0 1439
1767889805948 1.0 1449
1767889806102 1.0 1459
1767889806255 1.0 1469
1767889806409 1.0 1479
1767889806565 1.0 1489
1767889806719 1.0 1499
1767889806873 1.0 1509
1767889807027 1.0 1519
1767889807181 1.0 1529
1767889807335 1.0 1539
1767889807491 1.0 1549
1767889807646 1.0 1559
1767889807801 1.0 1569
1767889807959 1.0 1579
1767889808115 1.0 1589
1767889808270 1.0 1599
1767889808425 1.0 1609
1767889808578 1.0 1619
1767889808734 1.0 1629
1767889808888 1.0 1639
1767889809042 1.0 1649
1767889809197 1.0 1659
1767889809351 1.0 1669
1767889809505 1.0 1679
1767889809662 1.0 1689
1767889809816 1.0 1699
1767889809972 1.0 1709
1767889810127 1.0 1719
1767889810281 1.0 1729
1767889810436 1.0 1739
1767889810590 1.0 1749
1767889810745 1.0 1759
1767889810899 1.0 1769
1767889811053 1.0 1779
1767889811209 1.0 1789
1767889811365 1.0 1799
1767889811521 1.0 1809
1767889811673 1.0 1819
1767889811826 1.0 1829
1767889811982 1.0 1839
1767889812136 1.0 1849
1767889812289 1.0 1859
1767889812443 1.0 1869
1767889812598 1.0 1879
1767889812751 1.0 1889
1767889812907 1.0 1899
1767889813061 1.0 1909
1767889813218 1.0 1919
1767889813374 1.0 1929
1767889813531 1.0 1939
1767889813688 1.0 1949
1767889813845 1.0 1959
1767889814004 1.0 1969
1767889814160 1.0 1979
1767889814315 1.0 1989
1767889814468 1.0 1999
1767889814622 1.0 2009
1767889814776 1.0 2019
1767889814930 1.0 2029
1767889815085 1.0 2039
1767889815240 1.0 2049
1767889815396 1.0 2059
1767889815553 1.0 2069
1767889815708 1.0 2079
1767889815863 1.0 2089
1767889816021 1.0 2099
1767889816178 1.0 2109
1767889816332 1.0 2119
1767889816487 1.0 2129
1767889816642 1.0 2139
1767889816796 1.0 2149
1767889816951 1.0 2159
1767889817106 1.0 2169
1767889817262 1.0 2179
1767889817418 1.0 2189
1767889817574 1.0 2199
1767889817729 1.0 2209
1767889817884 1.0 2219
1767889818041 1.0 2229
1767889818198 1.0 2239
1767889818354 1.0 2249
1767889818510 1.0 2259
1767889818665 1.0 2269
1767889818821 1.0 2279
1767889818975 1.0 2289
1767889819131 1.0 2299
1767889819285 1.0 2309
1767889819438 1.0 2319
1767889819593 1.0 2329
1767889819748 1.0 2339
1767889819904 1.0 2349
1767889820060 1.0 2359
1767889820217 1.0 2369
1767889820371 1.0 2379
1767889820526 1.0 2389
1767889820680 1.0 2399
1767889820836 1.0 2409
1767889820991 1.0 2419
1767889821145 1.0 2429
1767889821300 1.0 2439
1767889821456 1.0 2449
1767889821609 1.0 2459
1767889821763 1.0 2469
1767889821916 1.0 2479
1767889822070 1.0 2489
1767889822226 1.0 2499
1767889822380 1.0 2509
1767889822535 1.0 2519
1767889822689 1.0 2529
1767889822844 1.0 2539
1767889822999 1.0 2549
1767889823152 1.0 2559
1767889823306 1.0 2569
1767889823460 1.0 2579
1767889823617 1.0 2589
1767889823773 1.0 2599
1767889823928 1.0 2609
1767889824085 1.0 2619
1767889824242 1.0 2629
1767889824396 1.0 2639
1767889824551 1.0 2649
1767889824705 1.0 2659
1767889824858 1.0 2669
1767889825012 1.0 2679
1767889825166 1.0 2689
1767889825320 1.0 2699
1767889825474 1.0 2709
1767889825628 1.0 2719
1767889825784 1.0 2729
1767889825937 1.0 2739
1767889826091 1.0 2749
1767889826247 1.0 2759
1767889826401 1.0 2769
1767889826556 1.0 2779
1767889826710 1.0 2789
1767889826864 1.0 2799
1767889827018 1.0 2809
1767889827173 1.0 2819
1767889827328 1.0 2829
1767889827485 1.0 2839
1767889827639 1.0 2849
1767889827794 1.0 2859
1767889827949 1.0 2869
1767889828103 1.0 2879
1767889830804 1.0 2879
1767889830805 1.0 2879
1767889831024 2.0 2889
1767889831177 2.0 2899
1767889831330 2.0 2909
1767889831485 2.0 2919
1767889831639 2.0 2929
1767889831793 2.0 2939
1767889831947 2.0 2949
1767889832103 2.0 2959
1767889832257 2.0 2969
1767889832413 2.0 2979
1767889832567 2.0 2989
1767889832721 2.0 2999
1767889832875 2.0 3009
1767889833031 2.0 3019
1767889833186 2.0 3029
1767889833340 2.0 3039
1767889833496 2.0 3049
1767889833650 2.0 3059
1767889833803 2.0 3069
1767889833957 2.0 3079
1767889834110 2.0 3089
1767889834263 2.0 3099
1767889834422 2.0 3109
1767889834578 2.0 3119
1767889834731 2.0 3129
1767889834883 2.0 3139
1767889835036 2.0 3149
1767889835190 2.0 3159
1767889835344 2.0 3169
1767889835498 2.0 3179
1767889835652 2.0 3189
1767889835808 2.0 3199
1767889835967 2.0 3209
1767889836127 2.0 3219
1767889836285 2.0 3229
1767889836447 2.0 3239
1767889836606 2.0 3249
1767889836764 2.0 3259
1767889836923 2.0 3269
1767889837081 2.0 3279
1767889837240 2.0 3289
1767889837401 2.0 3299
1767889837559 2.0 3309
1767889837718 2.0 3319
1767889837876 2.0 3329
1767889838035 2.0 3339
1767889838194 2.0 3349
1767889838352 2.0 3359
1767889838511 2.0 3369
1767889838665 2.0 3379
1767889838818 2.0 3389
1767889838973 2.0 3399
1767889839129 2.0 3409
1767889839282 2.0 3419
1767889839435 2.0 3429
1767889839589 2.0 3439
1767889839742 2.0 3449
1767889839895 2.0 3459
1767889840048 2.0 3469
1767889840202 2.0 3479
1767889840355 2.0 3489
1767889840511 2.0 3499
1767889840666 2.0 3509
1767889840820 2.0 3519
1767889840973 2.0 3529
1767889841126 2.0 3539
1767889841281 2.0 3549
1767889841435 2.0 3559
1767889841590 2.0 3569
1767889841744 2.0 3579
1767889841898 2.0 3589
1767889842051 2.0 3599
1767889842203 2.0 3609
1767889842356 2.0 3619
1767889842515 2.0 3629
1767889842669 2.0 3639
1767889899378 2.0 3649
1767889899532 2.0 3659
1767889899686 2.0 3669
1767889899841 2.0 3679
1767889899995 2.0 3689
1767889900151 2.0 3699
1767889900304 2.0 3709
1767889900459 2.0 3719
1767889900612 2.0 3729
1767889900766 2.0 3739
1767889900920 2.0 3749
1767889901076 2.0 3759
1767889901230 2.0 3769
1767889901383 2.0 3779
1767889901533 2.0 3789
1767889901683 2.0 3799
1767889901833 2.0 3809
1767889901984 2.0 3819
1767889959412 2.0 3829
1767889959566 2.0 3839
1767889959722 2.0 3849
1767889959880 2.0 3859
1767889960034 2.0 3869
1767889960188 2.0 3879
1767889960341 2.0 3889
1767889960494 2.0 3899
1767889960646 2.0 3909
1767889960798 2.0 3919
1767889960951 2.0 3929
1767889961103 2.0 3939
1767889961256 2.0 3949
1767889961410 2.0 3959
1767889961562 2.0 3969
1767889961714 2.0 3979
1767889961869 2.0 3989
1767889962020 2.0 3999
1767890019348 2.0 4009
1767890019508 2.0 4019
1767890019662 2.0 4029
1767890019816 2.0 4039
1767890019970 2.0 4049
1767890020124 2.0 4059
1767890020278 2.0 4069
1767890020433 2.0 4079
1767890020585 2.0 4089
1767890020738 2.0 4099
1767890020891 2.0 4109
1767890021045 2.0 4119
1767890021200 2.0 4129
1767890021355 2.0 4139
1767890021513 2.0 4149
1767890021665 2.0 4159
1767890021818 2.0 4169
1767890021969 2.0 4179
1767890079289 2.0 4189
1767890079452 2.0 4199
1767890079605 2.0 4209
1767890079759 2.0 4219
1767890079912 2.0 4229
1767890080066 2.0 4239
1767890080220 2.0 4249
1767890080374 2.0 4259
1767890080526 2.0 4269
1767890080679 2.0 4279
1767890080832 2.0 4289
1767890080985 2.0 4299
1767890081138 2.0 4309
1767890081292 2.0 4319
1767890319844 2.0 4319
1767890319845 2.0 4319
1767890320064 3.0 4329
1767890320215 3.0 4339
1767890320366 3.0 4349
1767890320519 3.0 4359
1767890379332 3.0 4369
1767890379487 3.0 4379
1767890379641 3.0 4389
1767890379802 3.0 4399
1767890379955 3.0 4409
1767890380107 3.0 4419
1767890380260 3.0 4429
1767890380415 3.0 4439
1767890380569 3.0 4449
1767890380722 3.0 4459
1767890380876 3.0 4469
1767890381030 3.0 4479
1767890381184 3.0 4489
1767890381337 3.0 4499
1767890381490 3.0 4509
1767890381642 3.0 4519
1767890381797 3.0 4529
1767890381948 3.0 4539
1767890439334 3.0 4549
1767890439488 3.0 4559
1767890439640 3.0 4569
1767890439792 3.0 4579
1767890439945 3.0 4589
1767890440097 3.0 4599
1767890440250 3.0 4609
1767890440403 3.0 4619
1767890440555 3.0 4629
1767890440708 3.0 4639
1767890440860 3.0 4649
1767890441014 3.0 4659
1767890441167 3.0 4669
1767890441320 3.0 4679
1767890441474 3.0 4689
1767890441623 3.0 4699
1767890441772 3.0 4709
1767890441921 3.0 4719
1767890499328 3.0 4729
1767890499481 3.0 4739
1767890499631 3.0 4749
1767890499782 3.0 4759
1767890499933 3.0 4769
1767890500085 3.0 4779
1767890500237 3.0 4789
1767890500391 3.0 4799
1767890500543 3.0 4809
1767890500694 3.0 4819
1767890500845 3.0 4829
1767890500997 3.0 4839
1767890501151 3.0 4849
1767890501302 3.0 4859
1767890501460 3.0 4869
1767890501609 3.0 4879
1767890501759 3.0 4889
1767890501907 3.0 4899
1767890502056 3.0 4909
1767890559467 3.0 4919
1767890559620 3.0 4929
1767890559774 3.0 4939
1767890559927 3.0 4949
1767890560081 3.0 4959
1767890560235 3.0 4969
1767890560389 3.0 4979
1767890560545 3.0 4989
1767890560700 3.0 4999
1767890560856 3.0 5009
1767890561011 3.0 5019
1767890561166 3.0 5029
1767890561320 3.0 5039
1767890561474 3.0 5049
1767890561628 3.0 5059
1767890561780 3.0 5069
1767890561933 3.0 5079
1767890562084 3.0 5089
1767890619424 3.0 5099
1767890619578 3.0 5109
1767890619732 3.0 5119
1767890619886 3.0 5129
1767890620039 3.0 5139
1767890620193 3.0 5149
1767890620347 3.0 5159
1767890620503 3.0 5169
1767890620654 3.0 5179
1767890620806 3.0 5189
1767890620957 3.0 5199
1767890621109 3.0 5209
1767890621260 3.0 5219
1767890621412 3.0 5229
1767890621563 3.0 5239
1767890621715 3.0 5249
1767890621867 3.0 5259
1767890622019 3.0 5269
1767890679484 3.0 5279
1767890679639 3.0 5289
1767890679794 3.0 5299
1767890679950 3.0 5309
1767890680106 3.0 5319
1767890680261 3.0 5329
1767890680416 3.0 5339
1767890680572 3.0 5349
1767890680727 3.0 5359
1767890680881 3.0 5369
1767890681036 3.0 5379
1767890681190 3.0 5389
1767890681343 3.0 5399
1767890681494 3.0 5409
1767890681643 3.0 5419
1767890681792 3.0 5429
1767890681941 3.0 5439
1767890682091 3.0 5449
1767890739386 3.0 5459
1767890739538 3.0 5469
1767890739689 3.0 5479
1767890739846 3.0 5489
1767890740001 3.0 5499
1767890740155 3.0 5509
1767890740309 3.0 5519
1767890740465 3.0 5529
1767890740619 3.0 5539
1767890740773 3.0 5549
1767890740926 3.0 5559
1767890741081 3.0 5569
1767890741234 3.0 5579
1767890741388 3.0 5589
1767890741541 3.0 5599
1767890741693 3.0 5609
1767890741847 3.0 5619
1767890741999 3.0 5629
1767890799373 3.0 5639
1767890799530 3.0 5649
1767890799683 3.0 5659
1767890799836 3.0 5669
1767890799987 3.0 5679
1767890800139 3.0 5689
1767890800290 3.0 5699
1767890800443 3.0 5709
1767890800595 3.0 5719
1767890800748 3.0 5729
1767890800901 3.0 5739
1767890801055 3.0 5749
1767890801206 3.0 5759
1767891039845 3.0 5759
1767891039846 3.0 5759
1767891040063 4.0 5769
1767891040217 4.0 5779
1767891040372 4.0 5789
1767891040526 4.0 5799
1767891040678 4.0 5809
1767891099398 4.0 5819
1767891099554 4.0 5829
1767891099709 4.0 5839
1767891099863 4.0 5849
1767891100020 4.0 5859
1767891100175 4.0 5869
1767891100329 4.0 5879
1767891100483 4.0 5889
1767891100637 4.0 5899
1767891100791 4.0 5909
1767891100945 4.0 5919
1767891101099 4.0 5929
1767891101253 4.0 5939
1767891101407 4.0 5949
1767891101560 4.0 5959
1767891101713 4.0 5969
1767891101866 4.0 5979
1767891102020 4.0 5989
1767891159386 4.0 5999
1767891159539 4.0 6009
1767891159698 4.0 6019
1767891159855 4.0 6029
1767891160012 4.0 6039
1767891160169 4.0 6049
1767891160326 4.0 6059
1767891160484 4.0 6069
1767891160641 4.0 6079
1767891160798 4.0 6089
1767891160955 4.0 6099
1767891161114 4.0 6109
1767891161271 4.0 6119
1767891161428 4.0 6129
1767891161585 4.0 6139
1767891161743 4.0 6149
1767891161899 4.0 6159
1767891162054 4.0 6169
1767891219356 4.0 6179
1767891219509 4.0 6189
1767891219662 4.0 6199
1767891219816 4.0 6209
1767891219970 4.0 6219
1767891220124 4.0 6229
1767891220278 4.0 6239
1767891220433 4.0 6249
1767891220587 4.0 6259
1767891220742 4.0 6269
1767891220896 4.0 6279
1767891221050 4.0 6289
1767891221205 4.0 6299
1767891221361 4.0 6309
1767891221511 4.0 6319
1767891221660 4.0 6329
1767891221810 4.0 6339
1767891221959 4.0 6349
1767891279341 4.0 6359
1767891279493 4.0 6369
1767891279645 4.0 6379
1767891279797 4.0 6389
1767891279949 4.0 6399
1767891280101 4.0 6409
1767891280253 4.0 6419
1767891280406 4.0 6429
1767891280558 4.0 6439
1767891280710 4.0 6449
1767891280862 4.0 6459
1767891281014 4.0 6469
1767891281170 4.0 6479
1767891281321 4.0 6489
1767891281472 4.0 6499
1767891281622 4.0 6509
1767891281772 4.0 6519
1767891281922 4.0 6529
1767891339309 4.0 6539
1767891339470 4.0 6549
1767891339623 4.0 6559
1767891339776 4.0 6569
1767891339929 4.0 6579
1767891340081 4.0 6589
1767891340233 4.0 6599
1767891340387 4.0 6609
1767891340539 4.0 6619
1767891340691 4.0 6629
1767891340857 4.0 6639
1767891341011 4.0 6649
1767891341164 4.0 6659
1767891341317 4.0 6669
1767891341470 4.0 6679
1767891341623 4.0 6689
1767891341776 4.0 6699
1767891341929 4.0 6709
1767891399316 4.0 6719
1767891399477 4.0 6729
1767891399630 4.0 6739
1767891399783 4.0 6749
1767891399934 4.0 6759
1767891400084 4.0 6769
1767891400235 4.0 6779
1767891400386 4.0 6789
1767891400540 4.0 6799
1767891400691 4.0 6809
1767891400842 4.0 6819
1767891400994 4.0 6829
1767891401145 4.0 6839
1767891401296 4.0 6849
1767891401447 4.0 6859
1767891401597 4.0 6869
1767891401747 4.0 6879
1767891401896 4.0 6889
1767891402046 4.0 6899
1767891459428 4.0 6909
1767891459580 4.0 6919
1767891459732 4.0 6929
1767891459884 4.0 6939
1767891460036 4.0 6949
1767891460191 4.0 6959
1767891460344 4.0 6969
1767891460496 4.0 6979
1767891460648 4.0 6989
1767891460800 4.0 6999
1767891460952 4.0 7009
1767891461103 4.0 7019
1767891461255 4.0 7029
1767891461405 4.0 7039
1767891461553 4.0 7049
1767891461702 4.0 7059
1767891461852 4.0 7069
1767891462001 4.0 7079
1767891519402 4.0 7089
1767891519553 4.0 7099
1767891519705 4.0 7109
1767891519867 4.0 7119
1767891520020 4.0 7129
1767891520172 4.0 7139
1767891520326 4.0 7149
1767891520478 4.0 7159
1767891520631 4.0 7169
1767891520783 4.0 7179
1767891520935 4.0 7189
1767891521086 4.0 7199
1767891759748 4.0 7199
1767891759749 4.0 7199
1767891759966 5.0 7209
1767891760119 5.0 7219
1767891760272 5.0 7229
1767891760426 5.0 7239
1767891760582 5.0 7249
1767891760732 5.0 7259
1767891819457 5.0 7269
1767891819611 5.0 7279
1767891819765 5.0 7289
1767891819920 5.0 7299
1767891820074 5.0 7309
1767891820228 5.0 7319
1767891820385 5.0 7329
1767891820538 5.0 7339
1767891820691 5.0 7349
1767891820845 5.0 7359
1767891820997 5.0 7369
1767891821150 5.0 7379
1767891821304 5.0 7389
1767891821457 5.0 7399
1767891821609 5.0 7409
1767891821762 5.0 7419
1767891821915 5.0 7429
1767891822068 5.0 7439
1767891879424 5.0 7449
1767891879576 5.0 7459
1767891879728 5.0 7469
1767891879881 5.0 7479
1767891880038 5.0 7489
1767891880191 5.0 7499
1767891880346 5.0 7509
1767891880499 5.0 7519
1767891880652 5.0 7529
1767891880805 5.0 7539
1767891880958 5.0 7549
1767891881111 5.0 7559
1767891881264 5.0 7569
1767891881418 5.0 7579
1767891881572 5.0 7589
1767891881725 5.0 7599
1767891881878 5.0 7609
1767891882033 5.0 7619
1767891939422 5.0 7629
1767891939576 5.0 7639
1767891939731 5.0 7649
1767891939886 5.0 7659
1767891940040 5.0 7669
1767891940195 5.0 7679
1767891940350 5.0 7689
1767891940506 5.0 7699
1767891940661 5.0 7709
1767891940815 5.0 7719
1767891940971 5.0 7729
1767891941128 5.0 7739
1767891941283 5.0 7749
1767891941437 5.0 7759
1767891941590 5.0 7769
1767891941747 5.0 7779
1767891941900 5.0 7789
1767891942053 5.0 7799
1767891966535 5.0 7809
1767891966692 5.0 7819
1767891966850 5.0 7829
1767891967005 5.0 7839
1767891967162 5.0 7849
1767891967319 5.0 7859
1767891967475 5.0 7869
1767891967631 5.0 7879
1767891967786 5.0 7889
1767891967941 5.0 7899
1767891968097 5.0 7909
1767891968251 5.0 7919
1767891968409 5.0 7929
1767891968566 5.0 7939
1767891968721 5.0 7949
1767891968877 5.0 7959
1767891969033 5.0 7969
1767891969189 5.0 7979
1767891969345 5.0 7989
1767891969501 5.0 7999
1767891969658 5.0 8009
1767891969813 5.0 8019
1767891969969 5.0 8029
1767891970125 5.0 8039
1767891970283 5.0 8049
1767891970440 5.0 8059
1767891970594 5.0 8069
1767891970747 5.0 8079
1767891970902 5.0 8089
1767891971056 5.0 8099
1767891971209 5.0 8109
1767891971363 5.0 8119
1767891971518 5.0 8129
1767891971673 5.0 8139
1767891971828 5.0 8149
1767891971985 5.0 8159
1767891972142 5.0 8169
1767891972298 5.0 8179
1767891972458 5.0 8189
1767891972614 5.0 8199
1767891972767 5.0 8209
1767891972922 5.0 8219
1767891973076 5.0 8229
1767891973231 5.0 8239
1767891973385 5.0 8249
1767891973540 5.0 8259
1767891973694 5.0 8269
1767891973848 5.0 8279
1767891974003 5.0 8289
1767891974157 5.0 8299
1767891974311 5.0 8309
1767891974465 5.0 8319
1767891974622 5.0 8329
1767891974775 5.0 8339
1767891974930 5.0 8349
1767891975084 5.0 8359
1767891975240 5.0 8369
1767891975394 5.0 8379
1767891975549 5.0 8389
1767891975704 5.0 8399
1767891975861 5.0 8409
1767891976016 5.0 8419
1767891976171 5.0 8429
1767891976325 5.0 8439
1767891976480 5.0 8449
1767891976636 5.0 8459
1767891976791 5.0 8469
1767891976947 5.0 8479
1767891977101 5.0 8489
1767891977256 5.0 8499
1767891977410 5.0 8509
1767891977567 5.0 8519
1767891977722 5.0 8529
1767891977878 5.0 8539
1767891978032 5.0 8549
1767891978188 5.0 8559
1767891978344 5.0 8569
1767891978500 5.0 8579
1767891978658 5.0 8589
1767891978814 5.0 8599
1767891978970 5.0 8609
1767891979126 5.0 8619
1767891979281 5.0 8629
1767891979434 5.0 8639
1767891982137 5.0 8639
1767891982139 5.0 8639
1767891982350 6.0 8649
1767891982506 6.0 8659
1767891982665 6.0 8669
1767891982821 6.0 8679
1767891982976 6.0 8689
1767891983130 6.0 8699
1767891983285 6.0 8709
1767891983439 6.0 8719
1767891983595 6.0 8729
1767891983748 6.0 8739
1767891983902 6.0 8749
1767891984057 6.0 8759
1767891984211 6.0 8769
1767891984365 6.0 8779
1767891984520 6.0 8789
1767891984677 6.0 8799
1767891984831 6.0 8809
1767891984986 6.0 8819
1767891985140 6.0 8829
1767891985293 6.0 8839
1767891985448 6.0 8849
1767891985602 6.0 8859
1767891985757 6.0 8869
1767891985912 6.0 8879
1767891986067 6.0 8889
1767891986221 6.0 8899
1767891986375 6.0 8909
1767891986530 6.0 8919
1767891986686 6.0 8929
1767891986842 6.0 8939
1767891986997 6.0 8949
1767891987150 6.0 8959
1767891987303 6.0 8969
1767891987459 6.0 8979
1767891987613 6.0 8989
1767891987766 6.0 8999
1767891987920 6.0 9009
1767891988073 6.0 9019
1767891988227 6.0 9029
1767891988381 6.0 9039
1767891988536 6.0 9049
1767891988689 6.0 9059
1767891988846 6.0 9069
1767891989000 6.0 9079
1767891989154 6.0 9089
1767891989308 6.0 9099
1767891989463 6.0 9109
1767891989618 6.0 9119
1767891989773 6.0 9129
1767891989928 6.0 9139
1767891990082 6.0 9149
1767891990236 6.0 9159
1767891990390 6.0 9169
1767891990545 6.0 9179
1767891990701 6.0 9189
1767891990858 6.0 9199
1767891991014 6.0 9209
1767891991169 6.0 9219
1767891991323 6.0 9229
1767891991478 6.0 9239
1767891991633 6.0 9249
1767891991788 6.0 9259
1767891991945 6.0 9269
1767891992101 6.0 9279
1767891992256 6.0 9289
1767891992409 6.0 9299
1767891992565 6.0 9309
1767891992718 6.0 9319
1767891992873 6.0 9329
1767891993029 6.0 9339
1767891993183 6.0 9349
1767891993339 6.0 9359
1767891993495 6.0 9369
1767891993650 6.0 9379
1767891993804 6.0 9389
1767891993958 6.0 9399
1767891994112 6.0 9409
1767891994267 6.0 9419
1767891994422 6.0 9429
1767891994576 6.0 9439
1767891994731 6.0 9449
1767891994895 6.0 9459
1767891995049 6.0 9469
1767891995202 6.0 9479
1767891995357 6.0 9489
1767891995511 6.0 9499
1767891995664 6.0 9509
1767891995818 6.0 9519
1767891995972 6.0 9529
1767891996125 6.0 9539
1767891996278 6.0 9549
1767891996431 6.0 9559
1767891996584 6.0 9569
1767891996736 6.0 9579
1767891996890 6.0 9589
1767891997046 6.0 9599
1767891997199 6.0 9609
1767891997353 6.0 9619
1767891997509 6.0 9629
1767891997663 6.0 9639
1767891997818 6.0 9649
1767891997973 6.0 9659
1767891998126 6.0 9669
1767891998279 6.0 9679
1767891998433 6.0 9689
1767891998587 6.0 9699
1767891998742 6.0 9709
1767891998896 6.0 9719
1767891999053 6.0 9729
1767891999206 6.0 9739
1767891999360 6.0 9749
1767891999515 6.0 9759
1767891999670 6.0 9769
1767891999825 6.0 9779
1767891999979 6.0 9789
1767892000131 6.0 9799
1767892000285 6.0 9809
1767892000439 6.0 9819
1767892000593 6.0 9829
1767892000748 6.0 9839
1767892000902 6.0 9849
1767892001060 6.0 9859
1767892001217 6.0 9869
1767892001373 6.0 9879
1767892001529 6.0 9889
1767892001683 6.0 9899
1767892001839 6.0 9909
1767892001994 6.0 9919
1767892002149 6.0 9929
1767892002304 6.0 9939
1767892002462 6.0 9949
1767892002617 6.0 9959
1767892002772 6.0 9969
1767892002928 6.0 9979
1767892003086 6.0 9989
1767892003244 6.0 9999
1767892003399 6.0 10009
1767892003555 6.0 10019
1767892003709 6.0 10029
1767892003863 6.0 10039
1767892004017 6.0 10049
1767892004172 6.0 10059
1767892004326 6.0 10069
1767892004478 6.0 10079
1767892007210 6.0 10079
1767892007211 6.0 10079
1767892007422 7.0 10089
1767892007579 7.0 10099
1767892007733 7.0 10109
1767892007890 7.0 10119
1767892008044 7.0 10129
1767892008200 7.0 10139
1767892008355 7.0 10149
1767892008510 7.0 10159
1767892008665 7.0 10169
1767892008820 7.0 10179
1767892008974 7.0 10189
1767892009133 7.0 10199
1767892009287 7.0 10209
1767892009441 7.0 10219
1767892009594 7.0 10229
1767892009748 7.0 10239
1767892009902 7.0 10249
1767892010058 7.0 10259
1767892010212 7.0 10269
1767892010367 7.0 10279
1767892010523 7.0 10289
1767892010679 7.0 10299
1767892010835 7.0 10309
1767892010991 7.0 10319
1767892011148 7.0 10329
1767892011304 7.0 10339
1767892011459 7.0 10349
1767892011614 7.0 10359
1767892011770 7.0 10369
1767892011926 7.0 10379
1767892012081 7.0 10389
1767892012240 7.0 10399
1767892012395 7.0 10409
1767892012553 7.0 10419
1767892012709 7.0 10429
1767892012865 7.0 10439
1767892013019 7.0 10449
1767892013175 7.0 10459
1767892013332 7.0 10469
1767892013489 7.0 10479
1767892013643 7.0 10489
1767892013799 7.0 10499
1767892013955 7.0 10509
1767892014109 7.0 10519
1767892014264 7.0 10529
1767892014418 7.0 10539
1767892014573 7.0 10549
1767892014728 7.0 10559
1767892014884 7.0 10569
1767892015038 7.0 10579
1767892015192 7.0 10589
1767892015349 7.0 10599
1767892015502 7.0 10609
1767892015656 7.0 10619
1767892015810 7.0 10629
1767892015964 7.0 10639
1767892016117 7.0 10649
1767892016271 7.0 10659
1767892016425 7.0 10669
1767892016578 7.0 10679
1767892016732 7.0 10689
1767892016885 7.0 10699
1767892017039 7.0 10709
1767892017194 7.0 10719
1767892017351 7.0 10729
1767892017507 7.0 10739
1767892017661 7.0 10749
1767892017817 7.0 10759
1767892017973 7.0 10769
1767892018130 7.0 10779
1767892018288 7.0 10789
1767892018443 7.0 10799
1767892018598 7.0 10809
1767892018753 7.0 10819
1767892018908 7.0 10829
1767892019065 7.0 10839
1767892019222 7.0 10849
1767892019382 7.0 10859
1767892019537 7.0 10869
1767892019694 7.0 10879
1767892019851 7.0 10889
1767892020007 7.0 10899
1767892020166 7.0 10909
1767892020322 7.0 10919
1767892020477 7.0 10929
1767892020630 7.0 10939
1767892020785 7.0 10949
1767892020939 7.0 10959
1767892021094 7.0 10969
1767892021250 7.0 10979
1767892021408 7.0 10989
1767892021565 7.0 10999
1767892021721 7.0 11009
1767892021877 7.0 11019
1767892022031 7.0 11029
1767892022187 7.0 11039
1767892022343 7.0 11049
1767892022501 7.0 11059
1767892022657 7.0 11069
1767892022812 7.0 11079
1767892022968 7.0 11089
1767892023123 7.0 11099
1767892023278 7.0 11109
1767892023436 7.0 11119
1767892023592 7.0 11129
1767892023750 7.0 11139
1767892023906 7.0 11149
1767892024072 7.0 11159
1767892024229 7.0 11169
1767892024386 7.0 11179
1767892024543 7.0 11189
1767892024698 7.0 11199
1767892024858 7.0 11209
1767892025016 7.0 11219
1767892025174 7.0 11229
1767892025335 7.0 11239
1767892025513 7.0 11249
1767892025668 7.0 11259
1767892025826 7.0 11269
1767892025982 7.0 11279
1767892026137 7.0 11289
1767892026293 7.0 11299
1767892026451 7.0 11309
1767892026606 7.0 11319
1767892026761 7.0 11329
1767892026916 7.0 11339
1767892027071 7.0 11349
1767892027226 7.0 11359
1767892027382 7.0 11369
1767892027539 7.0 11379
1767892027697 7.0 11389
1767892027856 7.0 11399
1767892028016 7.0 11409
1767892028175 7.0 11419
1767892028336 7.0 11429
1767892028495 7.0 11439
1767892028654 7.0 11449
1767892028815 7.0 11459
1767892028974 7.0 11469
1767892029134 7.0 11479
1767892029293 7.0 11489
1767892029448 7.0 11499
1767892029607 7.0 11509
1767892029759 7.0 11519
1767892032517 7.0 11519
1767892032519 7.0 11519
1767892032738 8.0 11529
1767892032896 8.0 11539
1767892033053 8.0 11549
1767892033211 8.0 11559
1767892033368 8.0 11569
1767892033525 8.0 11579
1767892033685 8.0 11589
1767892033841 8.0 11599
1767892033997 8.0 11609
1767892034152 8.0 11619
1767892034307 8.0 11629
1767892034462 8.0 11639
1767892034618 8.0 11649
1767892034773 8.0 11659
1767892034930 8.0 11669
1767892035087 8.0 11679
1767892035242 8.0 11689
1767892035398 8.0 11699
1767892035552 8.0 11709
1767892035710 8.0 11719
1767892035864 8.0 11729
1767892036018 8.0 11739
1767892036174 8.0 11749
1767892036331 8.0 11759
1767892036486 8.0 11769
1767892036644 8.0 11779
1767892036805 8.0 11789
1767892036965 8.0 11799
1767892037125 8.0 11809
1767892037286 8.0 11819
1767892037447 8.0 11829
1767892037603 8.0 11839
1767892037759 8.0 11849
1767892037913 8.0 11859
1767892038068 8.0 11869
1767892038222 8.0 11879
1767892038376 8.0 11889
1767892038531 8.0 11899
1767892038686 8.0 11909
1767892038842 8.0 11919
1767892038998 8.0 11929
1767892039152 8.0 11939
1767892039306 8.0 11949
1767892039461 8.0 11959
1767892039616 8.0 11969
1767892039773 8.0 11979
1767892039930 8.0 11989
1767892040086 8.0 11999
1767892040241 8.0 12009
1767892040398 8.0 12019
1767892040553 8.0 12029
1767892040708 8.0 12039
1767892040863 8.0 12049
1767892041019 8.0 12059
1767892041175 8.0 12069
1767892041331 8.0 12079
1767892041487 8.0 12089
1767892041644 8.0 12099
1767892041809 8.0 12109
1767892041967 8.0 12119
1767892042125 8.0 12129
1767892042285 8.0 12139
1767892042451 8.0 12149
1767892042612 8.0 12159
1767892042772 8.0 12169
1767892042932 8.0 12179
1767892043091 8.0 12189
1767892043251 8.0 12199
1767892043411 8.0 12209
1767892043571 8.0 12219
1767892043732 8.0 12229
1767892043894 8.0 12239
1767892044054 8.0 12249
1767892044214 8.0 12259
1767892044373 8.0 12269
1767892044534 8.0 12279
1767892044695 8.0 12289
1767892044855 8.0 12299
1767892045015 8.0 12309
1767892045172 8.0 12319
1767892045328 8.0 12329
1767892045486 8.0 12339
1767892045642 8.0 12349
1767892045802 8.0 12359
1767892045963 8.0 12369
1767892046122 8.0 12379
1767892046282 8.0 12389
1767892046442 8.0 12399
1767892046602 8.0 12409
1767892046762 8.0 12419
1767892046923 8.0 12429
1767892047083 8.0 12439
1767892047243 8.0 12449
1767892047402 8.0 12459
1767892047563 8.0 12469
1767892047723 8.0 12479
1767892047884 8.0 12489
1767892048043 8.0 12499
1767892048200 8.0 12509
1767892048360 8.0 12519
1767892048520 8.0 12529
1767892048678 8.0 12539
1767892048836 8.0 12549
1767892048993 8.0 12559
1767892049147 8.0 12569
1767892049301 8.0 12579
1767892049456 8.0 12589
1767892049611 8.0 12599
1767892049766 8.0 12609
1767892049924 8.0 12619
1767892050082 8.0 12629
1767892050237 8.0 12639
1767892050393 8.0 12649
1767892050549 8.0 12659
1767892050705 8.0 12669
1767892050862 8.0 12679
1767892051018 8.0 12689
1767892051175 8.0 12699
1767892051331 8.0 12709
1767892051488 8.0 12719
1767892051644 8.0 12729
1767892051801 8.0 12739
1767892051961 8.0 12749
1767892052118 8.0 12759
1767892052275 8.0 12769
1767892052430 8.0 12779
1767892052586 8.0 12789
1767892052743 8.0 12799
1767892052901 8.0 12809
1767892053058 8.0 12819
1767892053217 8.0 12829
1767892053373 8.0 12839
1767892053531 8.0 12849
1767892053689 8.0 12859
1767892053847 8.0 12869
1767892054008 8.0 12879
1767892054164 8.0 12889
1767892054321 8.0 12899
1767892054478 8.0 12909
1767892054636 8.0 12919
1767892054796 8.0 12929
1767892054953 8.0 12939
1767892055111 8.0 12949
1767892055267 8.0 12959
1767892057991 8.0 12959
1767892057992 8.0 12959
1767892058213 9.0 12969
1767892058368 9.0 12979
1767892058525 9.0 12989
1767892058681 9.0 12999
1767892058838 9.0 13009
1767892058993 9.0 13019
1767892059150 9.0 13029
1767892059305 9.0 13039
1767892059458 9.0 13049
1767892059612 9.0 13059
1767892059767 9.0 13069
1767892059920 9.0 13079
1767892060075 9.0 13089
1767892060230 9.0 13099
1767892060383 9.0 13109
1767892060539 9.0 13119
1767892060694 9.0 13129
1767892060847 9.0 13139
1767892061001 9.0 13149
1767892061155 9.0 13159
1767892061312 9.0 13169
1767892061468 9.0 13179
1767892061622 9.0 13189
1767892061777 9.0 13199
1767892061931 9.0 13209
1767892062085 9.0 13219
1767892062245 9.0 13229
1767892062400 9.0 13239
1767892062556 9.0 13249
1767892062712 9.0 13259
1767892062869 9.0 13269
1767892063025 9.0 13279
1767892063185 9.0 13289
1767892063341 9.0 13299
1767892063501 9.0 13309
1767892063657 9.0 13319
1767892063812 9.0 13329
1767892063968 9.0 13339
1767892064125 9.0 13349
1767892064284 9.0 13359
1767892064439 9.0 13369
1767892064594 9.0 13379
1767892064750 9.0 13389
1767892064906 9.0 13399
1767892065062 9.0 13409
1767892065218 9.0 13419
1767892065374 9.0 13429
1767892065529 9.0 13439
1767892065685 9.0 13449
1767892065840 9.0 13459
1767892065996 9.0 13469
1767892066152 9.0 13479
1767892066309 9.0 13489
1767892066465 9.0 13499
1767892066620 9.0 13509
1767892066775 9.0 13519
1767892066930 9.0 13529
1767892067087 9.0 13539
1767892067242 9.0 13549
1767892067397 9.0 13559
1767892067554 9.0 13569
1767892067710 9.0 13579
1767892067868 9.0 13589
1767892068025 9.0 13599
1767892068183 9.0 13609
1767892068342 9.0 13619
1767892068498 9.0 13629
1767892068653 9.0 13639
1767892068810 9.0 13649
1767892068967 9.0 13659
1767892069123 9.0 13669
1767892069282 9.0 13679
1767892069440 9.0 13689
1767892069595 9.0 13699
1767892069752 9.0 13709
1767892069907 9.0 13719
1767892070063 9.0 13729
1767892070219 9.0 13739
1767892070377 9.0 13749
1767892070533 9.0 13759
1767892070689 9.0 13769
1767892070845 9.0 13779
1767892071001 9.0 13789
1767892071158 9.0 13799
1767892071318 9.0 13809
1767892071486 9.0 13819
1767892071646 9.0 13829
1767892071805 9.0 13839
1767892071962 9.0 13849
1767892072122 9.0 13859
1767892072281 9.0 13869
1767892072441 9.0 13879
1767892072602 9.0 13889
1767892072769 9.0 13899
1767892072940 9.0 13909
1767892073169 9.0 13919
1767892073366 9.0 13929
1767892073548 9.0 13939
1767892073726 9.0 13949
1767892073899 9.0 13959
1767892074054 9.0 13969
1767892074209 9.0 13979
1767892074367 9.0 13989
1767892074530 9.0 13999
1767892074692 9.0 14009
1767892074854 9.0 14019
1767892075015 9.0 14029
1767892075170 9.0 14039
1767892075326 9.0 14049
1767892075481 9.0 14059
1767892075637 9.0 14069
1767892075791 9.0 14079
1767892075945 9.0 14089
1767892076098 9.0 14099
1767892076252 9.0 14109
1767892076407 9.0 14119
1767892076563 9.0 14129
1767892076718 9.0 14139
1767892076872 9.0 14149
1767892077026 9.0 14159
1767892077180 9.0 14169
1767892077339 9.0 14179
1767892077494 9.0 14189
1767892077649 9.0 14199
1767892077804 9.0 14209
1767892077961 9.0 14219
1767892078115 9.0 14229
1767892078270 9.0 14239
1767892078426 9.0 14249
1767892078583 9.0 14259
1767892078737 9.0 14269
1767892078892 9.0 14279
1767892079048 9.0 14289
1767892079204 9.0 14299
1767892079358 9.0 14309
1767892079513 9.0 14319
1767892079667 9.0 14329
1767892079820 9.0 14339
1767892079976 9.0 14349
1767892080133 9.0 14359
1767892080289 9.0 14369
1767892080445 9.0 14379
1767892080601 9.0 14389
1767892080757 9.0 14399
1767892083859 9.0 14399
1767892083861 9.0 14399
1767892084082 10.0 14409
1767892084242 10.0 14419
1767892084401 10.0 14429
1767892084559 10.0 14439
1767892084715 10.0 14449
1767892084872 10.0 14459
1767892085031 10.0 14469
1767892085187 10.0 14479
1767892085344 10.0 14489
1767892085500 10.0 14499
1767892085654 10.0 14509
1767892085811 10.0 14519
1767892085967 10.0 14529
1767892086123 10.0 14539
1767892086280 10.0 14549
1767892086437 10.0 14559
1767892086595 10.0 14569
1767892086751 10.0 14579
1767892086907 10.0 14589
1767892087065 10.0 14599
1767892087222 10.0 14609
1767892087379 10.0 14619
1767892087536 10.0 14629
1767892087691 10.0 14639
1767892087846 10.0 14649
1767892088003 10.0 14659
1767892088159 10.0 14669
1767892088317 10.0 14679
1767892088473 10.0 14689
1767892088630 10.0 14699
1767892088789 10.0 14709
1767892088948 10.0 14719
1767892089105 10.0 14729
1767892089264 10.0 14739
1767892089421 10.0 14749
1767892089580 10.0 14759
1767892089735 10.0 14769
1767892089890 10.0 14779
1767892090045 10.0 14789
1767892090200 10.0 14799
1767892090355 10.0 14809
1767892090509 10.0 14819
1767892090663 10.0 14829
1767892090820 10.0 14839
1767892090975 10.0 14849
1767892091130 10.0 14859
1767892091284 10.0 14869
1767892091438 10.0 14879
1767892091593 10.0 14889
1767892091748 10.0 14899
1767892091902 10.0 14909
1767892092055 10.0 14919
1767892092208 10.0 14929
1767892092362 10.0 14939
1767892092518 10.0 14949
1767892092675 10.0 14959
1767892092833 10.0 14969
1767892092990 10.0 14979
1767892093146 10.0 14989
1767892093303 10.0 14999
1767892093459 10.0 15009
1767892093616 10.0 15019
1767892093771 10.0 15029
1767892093929 10.0 15039
1767892094085 10.0 15049
1767892094241 10.0 15059
1767892094398 10.0 15069
1767892094554 10.0 15079
1767892094711 10.0 15089
1767892094871 10.0 15099
1767892095027 10.0 15109
1767892095183 10.0 15119
1767892095339 10.0 15129
1767892095494 10.0 15139
1767892095650 10.0 15149
1767892095807 10.0 15159
1767892095964 10.0 15169
1767892096119 10.0 15179
1767892096273 10.0 15189
1767892096427 10.0 15199
1767892096581 10.0 15209
1767892096734 10.0 15219
1767892096893 10.0 15229
1767892097047 10.0 15239
1767892097202 10.0 15249
1767892097358 10.0 15259
1767892097514 10.0 15269
1767892097671 10.0 15279
1767892097828 10.0 15289
1767892097983 10.0 15299
1767892098139 10.0 15309
1767892098294 10.0 15319
1767892098449 10.0 15329
1767892098610 10.0 15339
1767892098770 10.0 15349
1767892098934 10.0 15359
1767892099093 10.0 15369
1767892099251 10.0 15379
1767892099410 10.0 15389
1767892099569 10.0 15399
1767892099727 10.0 15409
1767892099886 10.0 15419
1767892100047 10.0 15429
1767892100206 10.0 15439
1767892100365 10.0 15449
1767892100525 10.0 15459
1767892100683 10.0 15469
1767892100843 10.0 15479
1767892101004 10.0 15489
1767892101162 10.0 15499
1767892101321 10.0 15509
1767892101476 10.0 15519
1767892101630 10.0 15529
1767892101785 10.0 15539
1767892101939 10.0 15549
1767892102093 10.0 15559
1767892102248 10.0 15569
1767892102402 10.0 15579
1767892102559 10.0 15589
1767892102715 10.0 15599
1767892102873 10.0 15609
1767892103029 10.0 15619
1767892103184 10.0 15629
1767892103338 10.0 15639
1767892103494 10.0 15649
1767892103649 10.0 15659
1767892103804 10.0 15669
1767892103960 10.0 15679
1767892104115 10.0 15689
1767892104270 10.0 15699
1767892104425 10.0 15709
1767892104580 10.0 15719
1767892104735 10.0 15729
1767892104890 10.0 15739
1767892105052 10.0 15749
1767892105207 10.0 15759
1767892105362 10.0 15769
1767892105519 10.0 15779
1767892105675 10.0 15789
1767892105832 10.0 15799
1767892105987 10.0 15809
1767892106143 10.0 15819
1767892106300 10.0 15829
1767892106453 10.0 15839
1767892109286 10.0 15839
1767892109288 10.0 15839
