1767897204847 0.0 9
1767897205579 0.0 19
1767897206311 0.0 29
1767897207044 0.0 39
1767897207775 0.0 49
1767897208507 0.0 59
1767897209239 0.0 69
1767897209969 0.0 79
1767897210700 0.0 89
1767897211432 0.0 99
1767897212163 0.0 109
1767897212895 0.0 119
1767897213626 0.0 129
1767897214357 0.0 139
1767897215089 0.0 149
1767897215820 0.0 159
1767897216551 0.0 169
1767897217283 0.0 179
1767897218014 0.0 189
1767897218744 0.0 199
1767897219479 0.0 209
1767897220210 0.0 219
1767897220941 0.0 229
1767897221671 0.0 239
1767897222403 0.0 249
1767897223135 0.0 259
1767897223867 0.0 269
1767897224598 0.0 279
1767897225331 0.0 289
1767897226064 0.0 299
1767897226796 0.0 309
1767897227529 0.0 319
1767897228261 0.0 329
1767897228993 0.0 339
1767897229725 0.0 349
1767897230459 0.0 359
1767897231191 0.0 369
1767897231923 0.0 379
1767897232655 0.0 389
1767897233389 0.0 399
1767897234121 0.0 409
1767897234853 0.0 419
1767897235587 0.0 429
1767897236319 0.0 439
1767897237051 0.0 449
1767897237783 0.0 459
1767897238514 0.0 469
1767897239246 0.0 479
1767897239977 0.0 489
1767897240709 0.0 499
1767897241441 0.0 509
1767897242173 0.0 519
1767897242904 0.0 529
1767897243636 0.0 539
1767897244368 0.0 549
1767897245099 0.0 559
1767897245831 0.0 569
1767897246562 0.0 579
1767897247293 0.0 589
1767897248025 0.0 599
1767897279540 0.0 609
1767897280275 0.0 619
1767897281008 0.0 629
1767897281740 0.0 639
1767897282473 0.0 649
1767897283205 0.0 659
1767897283937 0.0 669
1767897284669 0.0 679
1767897285400 0.0 689
1767897286133 0.0 699
1767897286865 0.0 709
1767897287596 0.0 719
1767897288327 0.0 729
1767897289059 0.0 739
1767897289791 0.0 749
1767897290523 0.0 759
1767897291256 0.0 769
1767897291988 0.0 779
1767897292720 0.0 789
1767897293452 0.0 799
1767897294184 0.0 809
1767897294917 0.0 819
1767897295648 0.0 829
1767897296379 0.0 839
1767897297112 0.0 849
1767897297841 0.0 859
1767897298572 0.0 869
1767897299305 0.0 879
1767897300036 0.0 889
1767897300768 0.0 899
1767897301500 0.0 909
1767897339685 0.0 919
1767897340419 0.0 929
1767897341150 0.0 939
1767897341883 0.0 949
1767897342615 0.0 959
1767897343346 0.0 969
1767897344083 0.0 979
1767897344816 0.0 989
1767897345548 0.0 999
1767897346281 0.0 1009
1767897347013 0.0 1019
1767897347745 0.0 1029
1767897348480 0.0 1039
1767897349211 0.0 1049
1767897349943 0.0 1059
1767897350676 0.0 1069
1767897351408 0.0 1079
1767897352144 0.0 1089
1767897352875 0.0 1099
1767897353607 0.0 1109
1767897354339 0.0 1119
1767897355070 0.0 1129
1767897355802 0.0 1139
1767897356533 0.0 1149
1767897357263 0.0 1159
1767897357993 0.0 1169
1767897358725 0.0 1179
1767897359455 0.0 1189
1767897360185 0.0 1199
1767897360918 0.0 1209
1767897361649 0.0 1219
1767897399353 0.0 1229
1767897400091 0.0 1239
1767897400822 0.0 1249
1767897401556 0.0 1259
1767897402287 0.0 1269
1767897403019 0.0 1279
1767897403752 0.0 1289
1767897404483 0.0 1299
1767897405213 0.0 1309
1767897405946 0.0 1319
1767897406677 0.0 1329
1767897407409 0.0 1339
1767897408142 0.0 1349
1767897408873 0.0 1359
1767897409605 0.0 1369
1767897410337 0.0 1379
1767897411070 0.0 1389
1767897411804 0.0 1399
1767897412536 0.0 1409
1767897413268 0.0 1419
1767897414005 0.0 1429
1767897414736 0.0 1439
1767897435491 0.0 1439
1767897435715 0.0 1439
1767897436515 1.0 1449
1767897437251 1.0 1459
1767897437990 1.0 1469
1767897438729 1.0 1479
1767897439466 1.0 1489
1767897440202 1.0 1499
1767897440938 1.0 1509
1767897441674 1.0 1519
1767897442409 1.0 1529
1767897443144 1.0 1539
1767897443880 1.0 1549
1767897444617 1.0 1559
1767897445354 1.0 1569
1767897446090 1.0 1579
1767897446826 1.0 1589
1767897447561 1.0 1599
1767897448299 1.0 1609
1767897449037 1.0 1619
1767897449774 1.0 1629
1767897450510 1.0 1639
1767897451245 1.0 1649
1767897451980 1.0 1659
1767897452719 1.0 1669
1767897453454 1.0 1679
1767897454189 1.0 1689
1767897454927 1.0 1699
1767897455663 1.0 1709
1767897456399 1.0 1719
1767897457136 1.0 1729
1767897457873 1.0 1739
1767897458609 1.0 1749
1767897459345 1.0 1759
1767897460080 1.0 1769
1767897460818 1.0 1779
1767897461553 1.0 1789
1767897462289 1.0 1799
1767897463024 1.0 1809
1767897463760 1.0 1819
1767897464495 1.0 1829
1767897465232 1.0 1839
1767897465968 1.0 1849
1767897466705 1.0 1859
1767897467440 1.0 1869
1767897468176 1.0 1879
1767897468912 1.0 1889
1767897469648 1.0 1899
1767897470384 1.0 1909
1767897471121 1.0 1919
1767897471855 1.0 1929
1767897472591 1.0 1939
1767897473327 1.0 1949
1767897474064 1.0 1959
1767897474801 1.0 1969
1767897475536 1.0 1979
1767897476272 1.0 1989
1767897477008 1.0 1999
1767897477745 1.0 2009
1767897478481 1.0 2019
1767897479219 1.0 2029
1767897479957 1.0 2039
1767897480695 1.0 2049
1767897481433 1.0 2059
1767897482168 1.0 2069
1767897482905 1.0 2079
1767897483640 1.0 2089
1767897484374 1.0 2099
1767897485111 1.0 2109
1767897485847 1.0 2119
1767897486583 1.0 2129
1767897487319 1.0 2139
1767897488054 1.0 2149
1767897488788 1.0 2159
1767897489524 1.0 2169
1767897490260 1.0 2179
1767897490996 1.0 2189
1767897491733 1.0 2199
1767897492468 1.0 2209
1767897493206 1.0 2219
1767897493942 1.0 2229
1767897494679 1.0 2239
1767897495415 1.0 2249
1767897496149 1.0 2259
1767897496884 1.0 2269
1767897497622 1.0 2279
1767897498356 1.0 2289
1767897499093 1.0 2299
1767897499828 1.0 2309
1767897500565 1.0 2319
1767897501301 1.0 2329
1767897502038 1.0 2339
1767897502774 1.0 2349
1767897503513 1.0 2359
1767897504250 1.0 2369
1767897504987 1.0 2379
1767897505724 1.0 2389
1767897506460 1.0 2399
1767897507197 1.0 2409
1767897507935 1.0 2419
1767897508670 1.0 2429
1767897509406 1.0 2439
1767897510143 1.0 2449
1767897510880 1.0 2459
1767897511617 1.0 2469
1767897512354 1.0 2479
1767897513090 1.0 2489
1767897513830 1.0 2499
1767897514567 1.0 2509
1767897515304 1.0 2519
1767897516041 1.0 2529
1767897516778 1.0 2539
1767897517515 1.0 2549
1767897518252 1.0 2559
1767897518989 1.0 2569
1767897519725 1.0 2579
1767897520461 1.0 2589
1767897521200 1.0 2599
1767897521936 1.0 2609
1767897522672 1.0 2619
1767897523407 1.0 2629
1767897524145 1.0 2639
1767897524879 1.0 2649
1767897525615 1.0 2659
1767897526349 1.0 2669
1767897527084 1.0 2679
1767897527819 1.0 2689
1767897528555 1.0 2699
1767897529291 1.0 2709
1767897530028 1.0 2719
1767897530764 1.0 2729
1767897531499 1.0 2739
1767897532235 1.0 2749
1767897532972 1.0 2759
1767897533709 1.0 2769
1767897534446 1.0 2779
1767897535181 1.0 2789
1767897535919 1.0 2799
1767897536656 1.0 2809
1767897537391 1.0 2819
1767897538128 1.0 2829
1767897538864 1.0 2839
1767897539600 1.0 2849
1767897540340 1.0 2859
1767897541076 1.0 2869
1767897541812 1.0 2879
1767897556133 1.0 2879
1767897556227 1.0 2879
1767897557028 2.0 2889
1767897557766 2.0 2899
1767897558501 2.0 2909
1767897559236 2.0 2919
1767897559972 2.0 2929
1767897560709 2.0 2939
1767897561444 2.0 2949
1767897562180 2.0 2959
1767897562917 2.0 2969
1767897563653 2.0 2979
1767897564391 2.0 2989
1767897565128 2.0 2999
1767897565865 2.0 3009
1767897566602 2.0 3019
1767897567339 2.0 3029
1767897568074 2.0 3039
1767897568809 2.0 3049
1767897569543 2.0 3059
1767897570279 2.0 3069
1767897571017 2.0 3079
1767897571753 2.0 3089
1767897572488 2.0 3099
1767897573223 2.0 3109
1767897573960 2.0 3119
1767897574696 2.0 3129
1767897575434 2.0 3139
1767897576171 2.0 3149
1767897576908 2.0 3159
1767897577643 2.0 3169
1767897578377 2.0 3179
1767897579115 2.0 3189
1767897579850 2.0 3199
1767897580588 2.0 3209
1767897581326 2.0 3219
1767897582061 2.0 3229
1767897582799 2.0 3239
1767897583535 2.0 3249
1767897584273 2.0 3259
1767897585010 2.0 3269
1767897585748 2.0 3279
1767897586484 2.0 3289
1767897587221 2.0 3299
1767897587956 2.0 3309
1767897588692 2.0 3319
1767897589429 2.0 3329
1767897590165 2.0 3339
1767897590901 2.0 3349
1767897591639 2.0 3359
1767897592375 2.0 3369
1767897593110 2.0 3379
1767897593847 2.0 3389
1767897594583 2.0 3399
1767897595319 2.0 3409
1767897596055 2.0 3419
1767897596792 2.0 3429
1767897597527 2.0 3439
1767897598264 2.0 3449
1767897599001 2.0 3459
1767897599736 2.0 3469
1767897600474 2.0 3479
1767897601211 2.0 3489
1767897601950 2.0 3499
1767897602685 2.0 3509
1767897603420 2.0 3519
1767897604157 2.0 3529
1767897604893 2.0 3539
1767897605630 2.0 3549
1767897606366 2.0 3559
1767897607103 2.0 3569
1767897607839 2.0 3579
1767897608575 2.0 3589
1767897609313 2.0 3599
1767897610047 2.0 3609
1767897610784 2.0 3619
1767897611520 2.0 3629
1767897612257 2.0 3639
1767897612992 2.0 3649
1767897613728 2.0 3659
1767897614465 2.0 3669
1767897615201 2.0 3679
1767897615940 2.0 3689
1767897616678 2.0 3699
1767897617416 2.0 3709
1767897618153 2.0 3719
1767897618889 2.0 3729
1767897619627 2.0 3739
1767897620361 2.0 3749
1767897621100 2.0 3759
1767897621837 2.0 3769
1767897622573 2.0 3779
1767897623311 2.0 3789
1767897624048 2.0 3799
1767897624787 2.0 3809
1767897625524 2.0 3819
1767897626262 2.0 3829
1767897626999 2.0 3839
1767897627737 2.0 3849
1767897628473 2.0 3859
1767897629209 2.0 3869
1767897629946 2.0 3879
1767897630683 2.0 3889
1767897631421 2.0 3899
1767897632159 2.0 3909
1767897632897 2.0 3919
1767897633633 2.0 3929
1767897634368 2.0 3939
1767897635106 2.0 3949
1767897635842 2.0 3959
1767897636579 2.0 3969
1767897637315 2.0 3979
1767897638051 2.0 3989
1767897638786 2.0 3999
1767897639520 2.0 4009
1767897640255 2.0 4019
1767897640992 2.0 4029
1767897641729 2.0 4039
1767897642465 2.0 4049
1767897643202 2.0 4059
1767897643939 2.0 4069
1767897644676 2.0 4079
1767897645413 2.0 4089
1767897646149 2.0 4099
1767897646885 2.0 4109
1767897647620 2.0 4119
1767897648357 2.0 4129
1767897649094 2.0 4139
1767897649831 2.0 4149
1767897650569 2.0 4159
1767897651306 2.0 4169
1767897652044 2.0 4179
1767897652780 2.0 4189
1767897653516 2.0 4199
1767897654255 2.0 4209
1767897654991 2.0 4219
1767897655728 2.0 4229
1767897656466 2.0 4239
1767897657201 2.0 4249
1767897657938 2.0 4259
1767897658675 2.0 4269
1767897659410 2.0 4279
1767897660146 2.0 4289
1767897660883 2.0 4299
1767897661621 2.0 4309
1767897662359 2.0 4319
1767897676714 2.0 4319
1767897676820 2.0 4319
1767897677616 3.0 4329
1767897678352 3.0 4339
1767897679086 3.0 4349
1767897679820 3.0 4359
1767897680557 3.0 4369
1767897681292 3.0 4379
1767897682027 3.0 4389
1767897682764 3.0 4399
1767897683499 3.0 4409
1767897684236 3.0 4419
1767897684973 3.0 4429
1767897685712 3.0 4439
1767897686449 3.0 4449
1767897687189 3.0 4459
1767897687925 3.0 4469
1767897688661 3.0 4479
1767897689398 3.0 4489
1767897690133 3.0 4499
1767897690871 3.0 4509
1767897691609 3.0 4519
1767897692346 3.0 4529
1767897693082 3.0 4539
1767897693817 3.0 4549
1767897694553 3.0 4559
1767897695292 3.0 4569
1767897696029 3.0 4579
1767897696766 3.0 4589
1767897697503 3.0 4599
1767897698239 3.0 4609
1767897698975 3.0 4619
1767897699709 3.0 4629
1767897700446 3.0 4639
1767897701182 3.0 4649
1767897701917 3.0 4659
1767897702652 3.0 4669
1767897703388 3.0 4679
1767897704124 3.0 4689
1767897704859 3.0 4699
1767897705594 3.0 4709
1767897706328 3.0 4719
1767897707064 3.0 4729
1767897707801 3.0 4739
1767897708536 3.0 4749
1767897709272 3.0 4759
1767897710009 3.0 4769
1767897710744 3.0 4779
1767897711480 3.0 4789
1767897712212 3.0 4799
1767897712949 3.0 4809
1767897713684 3.0 4819
1767897714420 3.0 4829
1767897715157 3.0 4839
1767897715893 3.0 4849
1767897716628 3.0 4859
1767897717363 3.0 4869
1767897718101 3.0 4879
1767897718836 3.0 4889
1767897719571 3.0 4899
1767897720307 3.0 4909
1767897721043 3.0 4919
1767897721781 3.0 4929
1767897722517 3.0 4939
1767897723253 3.0 4949
1767897723989 3.0 4959
1767897724723 3.0 4969
1767897725460 3.0 4979
1767897726197 3.0 4989
1767897726931 3.0 4999
1767897727667 3.0 5009
1767897728403 3.0 5019
1767897729139 3.0 5029
1767897729875 3.0 5039
1767897730612 3.0 5049
1767897731348 3.0 5059
1767897732083 3.0 5069
1767897732817 3.0 5079
1767897733557 3.0 5089
1767897734295 3.0 5099
1767897735030 3.0 5109
1767897735767 3.0 5119
1767897736504 3.0 5129
1767897737241 3.0 5139
1767897737977 3.0 5149
1767897738714 3.0 5159
1767897739452 3.0 5169
1767897740187 3.0 5179
1767897740924 3.0 5189
1767897741660 3.0 5199
1767897742395 3.0 5209
1767897743131 3.0 5219
1767897743868 3.0 5229
1767897744606 3.0 5239
1767897745341 3.0 5249
1767897746080 3.0 5259
1767897746817 3.0 5269
1767897747555 3.0 5279
1767897748291 3.0 5289
1767897749028 3.0 5299
1767897749766 3.0 5309
1767897750505 3.0 5319
1767897751241 3.0 5329
1767897751981 3.0 5339
1767897752719 3.0 5349
1767897753457 3.0 5359
1767897754195 3.0 5369
1767897754933 3.0 5379
1767897755669 3.0 5389
1767897756407 3.0 5399
1767897757144 3.0 5409
1767897757880 3.0 5419
1767897758616 3.0 5429
1767897759354 3.0 5439
1767897760091 3.0 5449
1767897760828 3.0 5459
1767897761565 3.0 5469
1767897762303 3.0 5479
1767897763038 3.0 5489
1767897763774 3.0 5499
1767897764511 3.0 5509
1767897765246 3.0 5519
1767897765983 3.0 5529
1767897766720 3.0 5539
1767897767456 3.0 5549
1767897768192 3.0 5559
1767897768931 3.0 5569
1767897769666 3.0 5579
1767897770405 3.0 5589
1767897771142 3.0 5599
1767897771879 3.0 5609
1767897772617 3.0 5619
1767897773351 3.0 5629
1767897774088 3.0 5639
1767897774823 3.0 5649
1767897775560 3.0 5659
1767897776296 3.0 5669
1767897777031 3.0 5679
1767897777766 3.0 5689
1767897778504 3.0 5699
1767897779241 3.0 5709
1767897779976 3.0 5719
1767897780715 3.0 5729
1767897781451 3.0 5739
1767897782187 3.0 5749
1767897782924 3.0 5759
1767897797247 3.0 5759
1767897797349 3.0 5759
1767897798155 4.0 5769
1767897798892 4.0 5779
1767897799627 4.0 5789
1767897800363 4.0 5799
1767897801102 4.0 5809
1767897801839 4.0 5819
1767897802575 4.0 5829
1767897803312 4.0 5839
1767897804047 4.0 5849
1767897804784 4.0 5859
1767897805519 4.0 5869
1767897806254 4.0 5879
1767897806990 4.0 5889
1767897807725 4.0 5899
1767897808460 4.0 5909
1767897809196 4.0 5919
1767897809933 4.0 5929
1767897810670 4.0 5939
1767897811407 4.0 5949
1767897812144 4.0 5959
1767897812881 4.0 5969
1767897813618 4.0 5979
1767897814355 4.0 5989
1767897815092 4.0 5999
1767897815827 4.0 6009
1767897816561 4.0 6019
1767897817298 4.0 6029
1767897818033 4.0 6039
1767897818769 4.0 6049
1767897819506 4.0 6059
1767897820242 4.0 6069
1767897820978 4.0 6079
1767897821714 4.0 6089
1767897822449 4.0 6099
1767897823185 4.0 6109
1767897823921 4.0 6119
1767897824657 4.0 6129
1767897825393 4.0 6139
1767897826129 4.0 6149
1767897826865 4.0 6159
1767897827601 4.0 6169
1767897828336 4.0 6179
1767897829072 4.0 6189
1767897829806 4.0 6199
1767897830540 4.0 6209
1767897831276 4.0 6219
1767897832011 4.0 6229
1767897832745 4.0 6239
1767897833482 4.0 6249
1767897834218 4.0 6259
1767897834955 4.0 6269
1767897835693 4.0 6279
1767897836430 4.0 6289
1767897837166 4.0 6299
1767897837903 4.0 6309
1767897838637 4.0 6319
1767897839373 4.0 6329
1767897840106 4.0 6339
1767897840843 4.0 6349
1767897841580 4.0 6359
1767897842316 4.0 6369
1767897843053 4.0 6379
1767897843790 4.0 6389
1767897844525 4.0 6399
1767897845262 4.0 6409
1767897846001 4.0 6419
1767897846738 4.0 6429
1767897847475 4.0 6439
1767897848211 4.0 6449
1767897848945 4.0 6459
1767897849681 4.0 6469
1767897850417 4.0 6479
1767897851153 4.0 6489
1767897851892 4.0 6499
1767897852627 4.0 6509
1767897853364 4.0 6519
1767897854100 4.0 6529
1767897854836 4.0 6539
1767897855573 4.0 6549
1767897856310 4.0 6559
1767897857047 4.0 6569
1767897857784 4.0 6579
1767897858520 4.0 6589
1767897859257 4.0 6599
1767897859996 4.0 6609
1767897860733 4.0 6619
1767897861470 4.0 6629
1767897862206 4.0 6639
1767897862942 4.0 6649
1767897863680 4.0 6659
1767897864416 4.0 6669
1767897865153 4.0 6679
1767897865890 4.0 6689
1767897866625 4.0 6699
1767897867361 4.0 6709
1767897868097 4.0 6719
1767897868832 4.0 6729
1767897869569 4.0 6739
1767897870305 4.0 6749
1767897871040 4.0 6759
1767897871776 4.0 6769
1767897872512 4.0 6779
1767897873247 4.0 6789
1767897873984 4.0 6799
1767897874723 4.0 6809
1767897875461 4.0 6819
1767897876198 4.0 6829
1767897876936 4.0 6839
1767897877673 4.0 6849
1767897878410 4.0 6859
1767897879147 4.0 6869
1767897879884 4.0 6879
1767897880623 4.0 6889
1767897881361 4.0 6899
1767897882100 4.0 6909
1767897882835 4.0 6919
1767897883571 4.0 6929
1767897884309 4.0 6939
1767897885044 4.0 6949
1767897885782 4.0 6959
1767897886520 4.0 6969
1767897887257 4.0 6979
1767897887994 4.0 6989
1767897888732 4.0 6999
1767897889468 4.0 7009
1767897890206 4.0 7019
1767897890942 4.0 7029
1767897891678 4.0 7039
1767897892415 4.0 7049
1767897893151 4.0 7059
1767897893888 4.0 7069
1767897894625 4.0 7079
1767897895363 4.0 7089
1767897896100 4.0 7099
1767897896836 4.0 7109
1767897897574 4.0 7119
1767897898312 4.0 7129
1767897899048 4.0 7139
1767897899784 4.0 7149
1767897900521 4.0 7159
1767897901256 4.0 7169
1767897901993 4.0 7179
1767897902729 4.0 7189
1767897903464 4.0 7199
1767897917759 4.0 7199
1767897917858 4.0 7199
1767897918657 5.0 7209
1767897919395 5.0 7219
1767897920129 5.0 7229
1767897920866 5.0 7239
1767897921602 5.0 7249
1767897922337 5.0 7259
1767897923074 5.0 7269
1767897923809 5.0 7279
1767897924544 5.0 7289
1767897925280 5.0 7299
1767897926017 5.0 7309
1767897926752 5.0 7319
1767897927489 5.0 7329
1767897928224 5.0 7339
1767897928961 5.0 7349
1767897929697 5.0 7359
1767897930433 5.0 7369
1767897931172 5.0 7379
1767897931909 5.0 7389
1767897932646 5.0 7399
1767897933381 5.0 7409
1767897934119 5.0 7419
1767897934857 5.0 7429
1767897935594 5.0 7439
1767897936331 5.0 7449
1767897937069 5.0 7459
1767897937805 5.0 7469
1767897938539 5.0 7479
1767897939276 5.0 7489
1767897940012 5.0 7499
1767897940749 5.0 7509
1767897941488 5.0 7519
1767897942225 5.0 7529
1767897942962 5.0 7539
1767897943699 5.0 7549
1767897944436 5.0 7559
1767897945173 5.0 7569
1767897945909 5.0 7579
1767897946646 5.0 7589
1767897947381 5.0 7599
1767897948116 5.0 7609
1767897948852 5.0 7619
1767897949589 5.0 7629
1767897950325 5.0 7639
1767897951060 5.0 7649
1767897951797 5.0 7659
1767897952533 5.0 7669
1767897953269 5.0 7679
1767897954005 5.0 7689
1767897954741 5.0 7699
1767897955477 5.0 7709
1767897956213 5.0 7719
1767897956950 5.0 7729
1767897957687 5.0 7739
1767897958422 5.0 7749
1767897959157 5.0 7759
1767897959895 5.0 7769
1767897960633 5.0 7779
1767897961369 5.0 7789
1767897962106 5.0 7799
1767897962842 5.0 7809
1767897963580 5.0 7819
1767897964317 5.0 7829
1767897965055 5.0 7839
1767897965794 5.0 7849
1767897966530 5.0 7859
1767897967267 5.0 7869
1767897968004 5.0 7879
1767897968739 5.0 7889
1767897969474 5.0 7899
1767897970212 5.0 7909
1767897970949 5.0 7919
1767897971686 5.0 7929
1767897972422 5.0 7939
1767897973158 5.0 7949
1767897973894 5.0 7959
1767897974632 5.0 7969
1767897975369 5.0 7979
1767897976106 5.0 7989
1767897976843 5.0 7999
1767897977579 5.0 8009
1767897978316 5.0 8019
1767897979052 5.0 8029
1767897979790 5.0 8039
1767897980527 5.0 8049
1767897981265 5.0 8059
1767897982003 5.0 8069
1767897982739 5.0 8079
1767897983475 5.0 8089
1767897984212 5.0 8099
1767897984949 5.0 8109
1767897985685 5.0 8119
1767897986423 5.0 8129
1767897987160 5.0 8139
1767897987898 5.0 8149
1767897988634 5.0 8159
1767897989372 5.0 8169
1767897990108 5.0 8179
1767897990845 5.0 8189
1767897991582 5.0 8199
1767897992316 5.0 8209
1767897993052 5.0 8219
1767897993788 5.0 8229
1767897994526 5.0 8239
1767897995264 5.0 8249
1767897996002 5.0 8259
1767897996740 5.0 8269
1767897997475 5.0 8279
1767897998212 5.0 8289
1767897998948 5.0 8299
1767897999683 5.0 8309
1767898000419 5.0 8319
1767898001155 5.0 8329
1767898001889 5.0 8339
1767898002625 5.0 8349
1767898003362 5.0 8359
1767898004098 5.0 8369
1767898004832 5.0 8379
1767898005567 5.0 8389
1767898006304 5.0 8399
1767898007040 5.0 8409
1767898007775 5.0 8419
1767898008515 5.0 8429
1767898009250 5.0 8439
1767898009985 5.0 8449
1767898010721 5.0 8459
1767898011456 5.0 8469
1767898012191 5.0 8479
1767898012928 5.0 8489
1767898013664 5.0 8499
1767898014400 5.0 8509
1767898015136 5.0 8519
1767898015873 5.0 8529
1767898016609 5.0 8539
1767898017345 5.0 8549
1767898018081 5.0 8559
1767898018818 5.0 8569
1767898019553 5.0 8579
1767898020287 5.0 8589
1767898021023 5.0 8599
1767898021757 5.0 8609
1767898022492 5.0 8619
1767898023229 5.0 8629
1767898023965 5.0 8639
1767898038300 5.0 8639
1767898038398 5.0 8639
1767898039203 6.0 8649
1767898039938 6.0 8659
1767898040674 6.0 8669
1767898041410 6.0 8679
1767898042144 6.0 8689
1767898042880 6.0 8699
1767898043615 6.0 8709
1767898044351 6.0 8719
1767898045099 6.0 8729
1767898045835 6.0 8739
1767898046571 6.0 8749
1767898047307 6.0 8759
1767898048045 6.0 8769
1767898048784 6.0 8779
1767898049520 6.0 8789
1767898050255 6.0 8799
1767898050990 6.0 8809
1767898051725 6.0 8819
1767898052459 6.0 8829
1767898053194 6.0 8839
1767898053929 6.0 8849
1767898054663 6.0 8859
1767898055400 6.0 8869
1767898056138 6.0 8879
1767898056875 6.0 8889
1767898057611 6.0 8899
1767898058350 6.0 8909
1767898059086 6.0 8919
1767898059821 6.0 8929
1767898060556 6.0 8939
1767898061293 6.0 8949
1767898062028 6.0 8959
1767898062763 6.0 8969
1767898063498 6.0 8979
1767898064234 6.0 8989
1767898064970 6.0 8999
1767898065707 6.0 9009
1767898066441 6.0 9019
1767898067177 6.0 9029
1767898067913 6.0 9039
1767898068648 6.0 9049
1767898069384 6.0 9059
1767898070119 6.0 9069
1767898070856 6.0 9079
1767898071594 6.0 9089
1767898072330 6.0 9099
1767898073065 6.0 9109
1767898073801 6.0 9119
1767898074536 6.0 9129
1767898075272 6.0 9139
1767898076009 6.0 9149
1767898076745 6.0 9159
1767898077483 6.0 9169
1767898078219 6.0 9179
1767898078954 6.0 9189
1767898079691 6.0 9199
1767898080428 6.0 9209
1767898081164 6.0 9219
1767898081900 6.0 9229
1767898082636 6.0 9239
1767898083371 6.0 9249
1767898084109 6.0 9259
1767898084845 6.0 9269
1767898085583 6.0 9279
1767898086320 6.0 9289
1767898087060 6.0 9299
1767898087796 6.0 9309
1767898088532 6.0 9319
1767898089267 6.0 9329
1767898090003 6.0 9339
1767898090740 6.0 9349
1767898091476 6.0 9359
1767898092213 6.0 9369
1767898092949 6.0 9379
1767898093684 6.0 9389
1767898094419 6.0 9399
1767898095155 6.0 9409
1767898095893 6.0 9419
1767898096629 6.0 9429
1767898097365 6.0 9439
1767898098100 6.0 9449
1767898098834 6.0 9459
1767898099569 6.0 9469
1767898100305 6.0 9479
1767898101040 6.0 9489
1767898101776 6.0 9499
1767898102513 6.0 9509
1767898103249 6.0 9519
1767898103986 6.0 9529
1767898104721 6.0 9539
1767898105457 6.0 9549
1767898106194 6.0 9559
1767898106930 6.0 9569
1767898107665 6.0 9579
1767898108403 6.0 9589
1767898109140 6.0 9599
1767898109876 6.0 9609
1767898110613 6.0 9619
1767898111347 6.0 9629
1767898112084 6.0 9639
1767898112819 6.0 9649
1767898113555 6.0 9659
1767898114292 6.0 9669
1767898115026 6.0 9679
1767898115762 6.0 9689
1767898116501 6.0 9699
1767898117238 6.0 9709
1767898117975 6.0 9719
1767898118712 6.0 9729
1767898119446 6.0 9739
1767898120181 6.0 9749
1767898120917 6.0 9759
1767898121652 6.0 9769
1767898122388 6.0 9779
1767898123124 6.0 9789
1767898123858 6.0 9799
1767898124594 6.0 9809
1767898125329 6.0 9819
1767898126065 6.0 9829
1767898126802 6.0 9839
1767898127539 6.0 9849
1767898128274 6.0 9859
1767898129009 6.0 9869
1767898129744 6.0 9879
1767898130479 6.0 9889
1767898131216 6.0 9899
1767898131952 6.0 9909
1767898132688 6.0 9919
1767898133423 6.0 9929
1767898134156 6.0 9939
1767898134892 6.0 9949
1767898135627 6.0 9959
1767898136359 6.0 9969
1767898137095 6.0 9979
1767898137829 6.0 9989
1767898138567 6.0 9999
1767898139302 6.0 10009
1767898140039 6.0 10019
1767898140777 6.0 10029
1767898141513 6.0 10039
1767898142248 6.0 10049
1767898142984 6.0 10059
1767898143719 6.0 10069
1767898144454 6.0 10079
1767898158758 6.0 10079
1767898158759 6.0 10079
1767898159565 7.0 10089
1767898160300 7.0 10099
1767898161036 7.0 10109
1767898161773 7.0 10119
1767898162508 7.0 10129
1767898163244 7.0 10139
1767898163981 7.0 10149
1767898164715 7.0 10159
1767898165451 7.0 10169
1767898166187 7.0 10179
1767898166922 7.0 10189
1767898167658 7.0 10199
1767898168393 7.0 10209
1767898169131 7.0 10219
1767898169867 7.0 10229
1767898170603 7.0 10239
1767898171340 7.0 10249
1767898172075 7.0 10259
1767898172809 7.0 10269
1767898173543 7.0 10279
1767898174276 7.0 10289
1767898175011 7.0 10299
1767898175748 7.0 10309
1767898176485 7.0 10319
1767898177221 7.0 10329
1767898177956 7.0 10339
1767898178689 7.0 10349
1767898179427 7.0 10359
1767898180162 7.0 10369
1767898180896 7.0 10379
1767898181632 7.0 10389
1767898182366 7.0 10399
1767898183101 7.0 10409
1767898183837 7.0 10419
1767898184573 7.0 10429
1767898185308 7.0 10439
1767898186042 7.0 10449
1767898186780 7.0 10459
1767898187516 7.0 10469
1767898188251 7.0 10479
1767898188987 7.0 10489
1767898189723 7.0 10499
1767898190459 7.0 10509
1767898191194 7.0 10519
1767898191930 7.0 10529
1767898192664 7.0 10539
1767898193398 7.0 10549
1767898194134 7.0 10559
1767898194872 7.0 10569
1767898195608 7.0 10579
1767898196343 7.0 10589
1767898197078 7.0 10599
1767898197813 7.0 10609
1767898198547 7.0 10619
1767898199282 7.0 10629
1767898200018 7.0 10639
1767898200752 7.0 10649
1767898201488 7.0 10659
1767898202224 7.0 10669
1767898202960 7.0 10679
1767898203697 7.0 10689
1767898204433 7.0 10699
1767898205170 7.0 10709
1767898205907 7.0 10719
1767898206643 7.0 10729
1767898207378 7.0 10739
1767898208117 7.0 10749
1767898208854 7.0 10759
1767898209591 7.0 10769
1767898210328 7.0 10779
1767898211065 7.0 10789
1767898211801 7.0 10799
1767898212537 7.0 10809
1767898213273 7.0 10819
1767898214009 7.0 10829
1767898214744 7.0 10839
1767898215480 7.0 10849
1767898216217 7.0 10859
1767898216951 7.0 10869
1767898217687 7.0 10879
1767898218423 7.0 10889
1767898219159 7.0 10899
1767898219893 7.0 10909
1767898220629 7.0 10919
1767898221364 7.0 10929
1767898222099 7.0 10939
1767898222833 7.0 10949
1767898223566 7.0 10959
1767898224306 7.0 10969
1767898225043 7.0 10979
1767898225781 7.0 10989
1767898226519 7.0 10999
1767898227254 7.0 11009
1767898227988 7.0 11019
1767898228724 7.0 11029
1767898229460 7.0 11039
1767898230195 7.0 11049
1767898230931 7.0 11059
1767898231666 7.0 11069
1767898232403 7.0 11079
1767898233138 7.0 11089
1767898233873 7.0 11099
1767898234609 7.0 11109
1767898235349 7.0 11119
1767898236084 7.0 11129
1767898236821 7.0 11139
1767898237559 7.0 11149
1767898238296 7.0 11159
1767898239033 7.0 11169
1767898239771 7.0 11179
1767898240508 7.0 11189
1767898241244 7.0 11199
1767898241981 7.0 11209
1767898242719 7.0 11219
1767898243454 7.0 11229
1767898244189 7.0 11239
1767898244926 7.0 11249
1767898245662 7.0 11259
1767898246399 7.0 11269
1767898247135 7.0 11279
1767898247871 7.0 11289
1767898248607 7.0 11299
1767898249342 7.0 11309
1767898250076 7.0 11319
1767898250812 7.0 11329
1767898251549 7.0 11339
1767898252284 7.0 11349
1767898253021 7.0 11359
1767898253759 7.0 11369
1767898254496 7.0 11379
1767898255231 7.0 11389
1767898255967 7.0 11399
1767898256703 7.0 11409
1767898257437 7.0 11419
1767898258174 7.0 11429
1767898258910 7.0 11439
1767898259646 7.0 11449
1767898260381 7.0 11459
1767898261117 7.0 11469
1767898261852 7.0 11479
1767898262589 7.0 11489
1767898263326 7.0 11499
1767898264061 7.0 11509
1767898264796 7.0 11519
1767898279118 7.0 11519
1767898279120 7.0 11519
1767898279920 8.0 11529
1767898280655 8.0 11539
1767898281392 8.0 11549
1767898282128 8.0 11559
1767898282863 8.0 11569
1767898283600 8.0 11579
1767898284336 8.0 11589
1767898285070 8.0 11599
1767898285809 8.0 11609
1767898286546 8.0 11619
1767898287282 8.0 11629
1767898288019 8.0 11639
1767898288755 8.0 11649
1767898289491 8.0 11659
1767898290227 8.0 11669
1767898290964 8.0 11679
1767898291700 8.0 11689
1767898292436 8.0 11699
1767898293171 8.0 11709
1767898293907 8.0 11719
1767898294641 8.0 11729
1767898295380 8.0 11739
1767898296116 8.0 11749
1767898296853 8.0 11759
1767898297592 8.0 11769
1767898298331 8.0 11779
1767898299071 8.0 11789
1767898299812 8.0 11799
1767898300551 8.0 11809
1767898301289 8.0 11819
1767898302026 8.0 11829
1767898302762 8.0 11839
1767898303498 8.0 11849
1767898304235 8.0 11859
1767898304972 8.0 11869
1767898305709 8.0 11879
1767898306445 8.0 11889
1767898307182 8.0 11899
1767898307919 8.0 11909
1767898308656 8.0 11919
1767898309392 8.0 11929
1767898310128 8.0 11939
1767898310865 8.0 11949
1767898311602 8.0 11959
1767898312339 8.0 11969
1767898313078 8.0 11979
1767898313817 8.0 11989
1767898314555 8.0 11999
1767898315289 8.0 12009
1767898316027 8.0 12019
1767898316762 8.0 12029
1767898317499 8.0 12039
1767898318237 8.0 12049
1767898318973 8.0 12059
1767898319710 8.0 12069
1767898320446 8.0 12079
1767898321182 8.0 12089
1767898321919 8.0 12099
1767898322656 8.0 12109
1767898323392 8.0 12119
1767898324128 8.0 12129
1767898324865 8.0 12139
1767898325601 8.0 12149
1767898326337 8.0 12159
1767898327073 8.0 12169
1767898327810 8.0 12179
1767898328551 8.0 12189
1767898329292 8.0 12199
1767898330034 8.0 12209
1767898330777 8.0 12219
1767898331517 8.0 12229
1767898332259 8.0 12239
1767898332997 8.0 12249
1767898333736 8.0 12259
1767898334472 8.0 12269
1767898335209 8.0 12279
1767898335944 8.0 12289
1767898336681 8.0 12299
1767898337415 8.0 12309
1767898338151 8.0 12319
1767898338886 8.0 12329
1767898339620 8.0 12339
1767898340357 8.0 12349
1767898341093 8.0 12359
1767898341827 8.0 12369
1767898342562 8.0 12379
1767898343297 8.0 12389
1767898344032 8.0 12399
1767898344768 8.0 12409
1767898345504 8.0 12419
1767898346240 8.0 12429
1767898346974 8.0 12439
1767898347709 8.0 12449
1767898348444 8.0 12459
1767898349179 8.0 12469
1767898349914 8.0 12479
1767898350650 8.0 12489
1767898351385 8.0 12499
1767898352119 8.0 12509
1767898352855 8.0 12519
1767898353590 8.0 12529
1767898354328 8.0 12539
1767898355063 8.0 12549
1767898355799 8.0 12559
1767898356534 8.0 12569
1767898357268 8.0 12579
1767898358003 8.0 12589
1767898358739 8.0 12599
1767898359476 8.0 12609
1767898360212 8.0 12619
1767898360952 8.0 12629
1767898361686 8.0 12639
1767898362421 8.0 12649
1767898363157 8.0 12659
1767898363891 8.0 12669
1767898364627 8.0 12679
1767898365363 8.0 12689
1767898366098 8.0 12699
1767898366835 8.0 12709
1767898367568 8.0 12719
1767898368304 8.0 12729
1767898369039 8.0 12739
1767898369773 8.0 12749
1767898370509 8.0 12759
1767898371244 8.0 12769
1767898371978 8.0 12779
1767898372715 8.0 12789
1767898373450 8.0 12799
1767898374186 8.0 12809
1767898374923 8.0 12819
1767898375659 8.0 12829
1767898376394 8.0 12839
1767898377128 8.0 12849
1767898377862 8.0 12859
1767898378598 8.0 12869
1767898379335 8.0 12879
1767898380071 8.0 12889
1767898380807 8.0 12899
1767898381544 8.0 12909
1767898382277 8.0 12919
1767898383012 8.0 12929
1767898383749 8.0 12939
1767898384484 8.0 12949
1767898385219 8.0 12959
1767898399504 8.0 12959
1767898399506 8.0 12959
1767898400309 9.0 12969
1767898401047 9.0 12979
1767898401786 9.0 12989
1767898402523 9.0 12999
1767898403259 9.0 13009
1767898403996 9.0 13019
1767898404730 9.0 13029
1767898405467 9.0 13039
1767898406202 9.0 13049
1767898406938 9.0 13059
1767898407673 9.0 13069
1767898408408 9.0 13079
1767898409142 9.0 13089
1767898409877 9.0 13099
1767898410612 9.0 13109
1767898411348 9.0 13119
1767898412084 9.0 13129
1767898412818 9.0 13139
1767898413554 9.0 13149
1767898414289 9.0 13159
1767898415024 9.0 13169
1767898415762 9.0 13179
1767898416499 9.0 13189
1767898417233 9.0 13199
1767898417970 9.0 13209
1767898418705 9.0 13219
1767898419441 9.0 13229
1767898420176 9.0 13239
1767898420911 9.0 13249
1767898421649 9.0 13259
1767898422391 9.0 13269
1767898423127 9.0 13279
1767898423863 9.0 13289
1767898424598 9.0 13299
1767898425333 9.0 13309
1767898426070 9.0 13319
1767898426806 9.0 13329
1767898427540 9.0 13339
1767898428275 9.0 13349
1767898429009 9.0 13359
1767898479499 9.0 13369
1767898480235 9.0 13379
1767898480970 9.0 13389
1767898481707 9.0 13399
1767898482442 9.0 13409
1767898483177 9.0 13419
1767898483911 9.0 13429
1767898484644 9.0 13439
1767898485378 9.0 13449
1767898486110 9.0 13459
1767898539310 9.0 13469
1767898540048 9.0 13479
1767898540784 9.0 13489
1767898541520 9.0 13499
1767898542256 9.0 13509
1767898542993 9.0 13519
1767898543728 9.0 13529
1767898544462 9.0 13539
1767898545196 9.0 13549
1767898545929 9.0 13559
1767898546661 9.0 13569
1767898599964 9.0 13579
1767898600670 9.0 13589
1767898601376 9.0 13599
1767898602082 9.0 13609
1767898602789 9.0 13619
1767898603493 9.0 13629
1767898604197 9.0 13639
1767898604905 9.0 13649
1767898605611 9.0 13659
1767898606317 9.0 13669
1767898659602 9.0 13679
1767898660308 9.0 13689
1767898661011 9.0 13699
1767898661716 9.0 13709
1767898662421 9.0 13719
1767898663125 9.0 13729
1767898663830 9.0 13739
1767898664533 9.0 13749
1767898665234 9.0 13759
1767898665936 9.0 13769
1767898666641 9.0 13779
1767898720018 9.0 13789
1767898720750 9.0 13799
1767898721484 9.0 13809
1767898722217 9.0 13819
1767898722950 9.0 13829
1767898723687 9.0 13839
1767898724420 9.0 13849
1767898725151 9.0 13859
1767898725885 9.0 13869
1767898726618 9.0 13879
1767898779682 9.0 13889
1767898780416 9.0 13899
1767898781151 9.0 13909
1767898781886 9.0 13919
1767898782619 9.0 13929
1767898783354 9.0 13939
1767898784089 9.0 13949
1767898784822 9.0 13959
1767898785555 9.0 13969
1767898786285 9.0 13979
1767898787016 9.0 13989
1767898839968 9.0 13999
1767898840702 9.0 14009
1767898841436 9.0 14019
1767898842169 9.0 14029
1767898842902 9.0 14039
1767898843636 9.0 14049
1767898844371 9.0 14059
1767898845103 9.0 14069
1767898845844 9.0 14079
1767898846576 9.0 14089
1767898899699 9.0 14099
1767898900432 9.0 14109
1767898901166 9.0 14119
1767898901901 9.0 14129
1767898902633 9.0 14139
1767898903367 9.0 14149
1767898904100 9.0 14159
1767898904836 9.0 14169
1767898905570 9.0 14179
1767898906302 9.0 14189
1767898959574 9.0 14199
1767898960310 9.0 14209
1767898961045 9.0 14219
1767898961780 9.0 14229
1767898962516 9.0 14239
1767898963251 9.0 14249
1767898963986 9.0 14259
1767898964720 9.0 14269
1767898965453 9.0 14279
1767898966185 9.0 14289
1767898966919 9.0 14299
1767899019998 9.0 14309
1767899020733 9.0 14319
1767899021466 9.0 14329
1767899022203 9.0 14339
1767899022937 9.0 14349
1767899023670 9.0 14359
1767899024403 9.0 14369
1767899025135 9.0 14379
1767899025869 9.0 14389
1767899026600 9.0 14399
1767899439351 9.0 14399
1767899439353 9.0 14399
1767899440153 10.0 14409
1767899440888 10.0 14419
1767899441622 10.0 14429
1767899442355 10.0 14439
1767899443089 10.0 14449
1767899443823 10.0 14459
1767899444557 10.0 14469
1767899445289 10.0 14479
1767899446022 10.0 14489
1767899446756 10.0 14499
1767899499934 10.0 14509
1767899500668 10.0 14519
1767899501400 10.0 14529
1767899502132 10.0 14539
1767899502864 10.0 14549
1767899503597 10.0 14559
1767899504330 10.0 14569
1767899505061 10.0 14579
1767899505795 10.0 14589
1767899506527 10.0 14599
1767899559664 10.0 14609
1767899560398 10.0 14619
1767899561131 10.0 14629
1767899561866 10.0 14639
1767899562600 10.0 14649
1767899563333 10.0 14659
1767899564067 10.0 14669
1767899564800 10.0 14679
1767899565534 10.0 14689
1767899566267 10.0 14699
1767899619321 10.0 14709
1767899620059 10.0 14719
1767899620792 10.0 14729
1767899621527 10.0 14739
1767899622260 10.0 14749
1767899622993 10.0 14759
1767899623727 10.0 14769
1767899624460 10.0 14779
1767899625192 10.0 14789
1767899625925 10.0 14799
1767899626656 10.0 14809
1767899679702 10.0 14819
1767899680435 10.0 14829
1767899681169 10.0 14839
1767899681902 10.0 14849
1767899682635 10.0 14859
1767899683368 10.0 14869
1767899684101 10.0 14879
1767899684834 10.0 14889
1767899685568 10.0 14899
1767899686300 10.0 14909
1767899739390 10.0 14919
1767899740126 10.0 14929
1767899740860 10.0 14939
1767899741593 10.0 14949
1767899742327 10.0 14959
1767899743060 10.0 14969
1767899743795 10.0 14979
1767899744530 10.0 14989
1767899745262 10.0 14999
1767899745994 10.0 15009
1767899746727 10.0 15019
1767899799758 10.0 15029
1767899800493 10.0 15039
1767899801226 10.0 15049
1767899801959 10.0 15059
1767899802693 10.0 15069
1767899803427 10.0 15079
1767899804161 10.0 15089
1767899804894 10.0 15099
1767899805626 10.0 15109
1767899806360 10.0 15119
1767899859569 10.0 15129
1767899860304 10.0 15139
1767899861039 10.0 15149
1767899861774 10.0 15159
1767899862508 10.0 15169
1767899863242 10.0 15179
1767899863976 10.0 15189
1767899864708 10.0 15199
1767899865440 10.0 15209
1767899866174 10.0 15219
1767899866906 10.0 15229
1767899919979 10.0 15239
1767899920713 10.0 15249
1767899921449 10.0 15259
1767899922185 10.0 15269
1767899922920 10.0 15279
1767899923657 10.0 15289
1767899924392 10.0 15299
1767899925124 10.0 15309
1767899925859 10.0 15319
1767899926592 10.0 15329
1767899979747 10.0 15339
1767899980481 10.0 15349
1767899981217 10.0 15359
1767899981951 10.0 15369
1767899982684 10.0 15379
1767899983420 10.0 15389
1767899984154 10.0 15399
1767899984888 10.0 15409
1767899985623 10.0 15419
1767899986354 10.0 15429
1767900039440 10.0 15439
1767900040175 10.0 15449
1767900040910 10.0 15459
1767900041643 10.0 15469
1767900042375 10.0 15479
1767900043109 10.0 15489
1767900043842 10.0 15499
1767900044575 10.0 15509
1767900045308 10.0 15519
1767900046041 10.0 15529
1767900046772 10.0 15539
1767900099851 10.0 15549
1767900100586 10.0 15559
1767900101320 10.0 15569
1767900102054 10.0 15579
1767900102788 10.0 15589
1767900103522 10.0 15599
1767900104254 10.0 15609
1767900104987 10.0 15619
1767900105720 10.0 15629
1767900106451 10.0 15639
1767900159619 10.0 15649
1767900160353 10.0 15659
1767900161087 10.0 15669
1767900161821 10.0 15679
1767900162555 10.0 15689
1767900163288 10.0 15699
1767900164022 10.0 15709
1767900164756 10.0 15719
1767900165488 10.0 15729
1767900166221 10.0 15739
1767900166955 10.0 15749
1767900220055 10.0 15759
1767900220790 10.0 15769
1767900221525 10.0 15779
1767900222261 10.0 15789
1767900222996 10.0 15799
1767900223730 10.0 15809
1767900224466 10.0 15819
1767900225200 10.0 15829
1767900225932 10.0 15839
1767900581531 10.0 15839
1767900581532 10.0 15839
1767900639529 11.0 15849
1767900640264 11.0 15859
1767900640996 11.0 15869
1767900641728 11.0 15879
1767900642460 11.0 15889
1767900643191 11.0 15899
1767900643923 11.0 15909
1767900644656 11.0 15919
1767900645388 11.0 15929
1767900646122 11.0 15939
1767900646854 11.0 15949
1767900699992 11.0 15959
1767900700726 11.0 15969
1767900701460 11.0 15979
1767900702194 11.0 15989
1767900702928 11.0 15999
1767900703660 11.0 16009
1767900704394 11.0 16019
1767900705127 11.0 16029
1767900705861 11.0 16039
1767900706594 11.0 16049
1767900759688 11.0 16059
1767900760420 11.0 16069
1767900761155 11.0 16079
1767900761890 11.0 16089
1767900762624 11.0 16099
1767900763358 11.0 16109
1767900764092 11.0 16119
1767900764824 11.0 16129
1767900765557 11.0 16139
1767900766289 11.0 16149
1767900767021 11.0 16159
1767900819981 11.0 16169
1767900820714 11.0 16179
1767900821448 11.0 16189
1767900822181 11.0 16199
1767900822914 11.0 16209
1767900823647 11.0 16219
1767900824380 11.0 16229
1767900825112 11.0 16239
1767900825847 11.0 16249
1767900826578 11.0 16259
1767900879711 11.0 16269
1767900880443 11.0 16279
1767900881181 11.0 16289
1767900881914 11.0 16299
1767900882646 11.0 16309
1767900883380 11.0 16319
1767900884113 11.0 16329
1767900884844 11.0 16339
1767900885579 11.0 16349
1767900886310 11.0 16359
1767900939411 11.0 16369
1767900940144 11.0 16379
1767900940879 11.0 16389
1767900941613 11.0 16399
1767900942346 11.0 16409
1767900943080 11.0 16419
1767900943812 11.0 16429
1767900944544 11.0 16439
1767900945285 11.0 16449
1767900946016 11.0 16459
1767900946750 11.0 16469
1767900999861 11.0 16479
1767901000597 11.0 16489
1767901001331 11.0 16499
1767901002065 11.0 16509
1767901002800 11.0 16519
1767901003533 11.0 16529
1767901004267 11.0 16539
1767901005000 11.0 16549
1767901005734 11.0 16559
1767901006467 11.0 16569
1767901059601 11.0 16579
1767901060336 11.0 16589
1767901061069 11.0 16599
1767901061803 11.0 16609
1767901062536 11.0 16619
1767901063268 11.0 16629
1767901064003 11.0 16639
1767901064736 11.0 16649
1767901065475 11.0 16659
1767901066207 11.0 16669
1767901119319 11.0 16679
1767901120057 11.0 16689
1767901120792 11.0 16699
1767901121526 11.0 16709
1767901122259 11.0 16719
1767901122991 11.0 16729
1767901123725 11.0 16739
1767901124457 11.0 16749
1767901125188 11.0 16759
1767901125921 11.0 16769
1767901126652 11.0 16779
1767901179795 11.0 16789
1767901180528 11.0 16799
1767901181262 11.0 16809
1767901181997 11.0 16819
1767901182730 11.0 16829
1767901183464 11.0 16839
1767901184198 11.0 16849
1767901184930 11.0 16859
1767901185665 11.0 16869
1767901186397 11.0 16879
1767901239465 11.0 16889
1767901240199 11.0 16899
1767901240934 11.0 16909
1767901241668 11.0 16919
1767901242402 11.0 16929
1767901243136 11.0 16939
1767901243869 11.0 16949
1767901244601 11.0 16959
1767901245334 11.0 16969
1767901246066 11.0 16979
1767901246798 11.0 16989
1767901299824 11.0 16999
1767901300558 11.0 17009
1767901301292 11.0 17019
1767901302025 11.0 17029
1767901302759 11.0 17039
1767901303491 11.0 17049
1767901304224 11.0 17059
1767901304958 11.0 17069
1767901305691 11.0 17079
1767901306423 11.0 17089
1767901359648 11.0 17099
1767901360382 11.0 17109
1767901361113 11.0 17119
1767901361844 11.0 17129
1767901362578 11.0 17139
1767901363313 11.0 17149
1767901364045 11.0 17159
1767901364778 11.0 17169
1767901365510 11.0 17179
1767901366242 11.0 17189
1767901366976 11.0 17199
1767901420066 11.0 17209
1767901420800 11.0 17219
1767901421535 11.0 17229
1767901422268 11.0 17239
1767901423002 11.0 17249
1767901423734 11.0 17259
1767901424469 11.0 17269
1767901425199 11.0 17279
1767901781400 11.0 17279
1767901781402 11.0 17279
1767901782202 12.0 17289
1767901839601 12.0 17299
1767901840336 12.0 17309
1767901841072 12.0 17319
1767901841807 12.0 17329
1767901842541 12.0 17339
1767901843275 12.0 17349
1767901844008 12.0 17359
1767901844744 12.0 17369
1767901845480 12.0 17379
1767901846215 12.0 17389
1767901846949 12.0 17399
1767901899855 12.0 17409
1767901900589 12.0 17419
1767901901323 12.0 17429
1767901902059 12.0 17439
1767901902794 12.0 17449
1767901903528 12.0 17459
1767901904264 12.0 17469
1767901904996 12.0 17479
1767901905730 12.0 17489
1767901906467 12.0 17499
1767901959568 12.0 17509
1767901960303 12.0 17519
1767901961037 12.0 17529
1767901961772 12.0 17539
1767901962507 12.0 17549
1767901963241 12.0 17559
1767901963976 12.0 17569
1767901964710 12.0 17579
1767901965443 12.0 17589
1767901966176 12.0 17599
1767901966911 12.0 17609
1767902019971 12.0 17619
1767902020707 12.0 17629
1767902021442 12.0 17639
1767902022176 12.0 17649
1767902022909 12.0 17659
1767902023644 12.0 17669
1767902024378 12.0 17679
1767902025110 12.0 17689
1767902025845 12.0 17699
1767902026577 12.0 17709
1767902037784 12.0 17719
1767902038521 12.0 17729
1767902039259 12.0 17739
1767902039995 12.0 17749
1767902040730 12.0 17759
1767902041465 12.0 17769
1767902042203 12.0 17779
1767902042940 12.0 17789
1767902043677 12.0 17799
1767902044412 12.0 17809
1767902045150 12.0 17819
1767902045887 12.0 17829
1767902046621 12.0 17839
1767902047357 12.0 17849
1767902048094 12.0 17859
1767902048829 12.0 17869
1767902049564 12.0 17879
