1767897204847 0.0010000000474974513 9
1767897205579 0.0010000000474974513 19
1767897206311 0.0010000000474974513 29
1767897207044 0.0010000000474974513 39
1767897207775 0.0010000000474974513 49
1767897208507 0.0010000000474974513 59
1767897209239 0.0010000000474974513 69
1767897209969 0.0010000000474974513 79
1767897210700 0.0010000000474974513 89
1767897211432 0.0010000000474974513 99
1767897212163 0.0010000000474974513 109
1767897212895 0.0010000000474974513 119
1767897213626 0.0010000000474974513 129
1767897214357 0.0010000000474974513 139
1767897215089 0.0010000000474974513 149
1767897215820 0.0010000000474974513 159
1767897216551 0.0010000000474974513 169
1767897217283 0.0010000000474974513 179
1767897218014 0.0010000000474974513 189
1767897218744 0.0010000000474974513 199
1767897219479 0.0010000000474974513 209
1767897220210 0.0010000000474974513 219
1767897220941 0.0010000000474974513 229
1767897221671 0.0010000000474974513 239
1767897222403 0.0010000000474974513 249
1767897223135 0.0010000000474974513 259
1767897223867 0.0010000000474974513 269
1767897224598 0.0010000000474974513 279
1767897225331 0.0010000000474974513 289
1767897226064 0.0010000000474974513 299
1767897226796 0.0010000000474974513 309
1767897227529 0.0010000000474974513 319
1767897228261 0.0010000000474974513 329
1767897228993 0.0010000000474974513 339
1767897229725 0.0010000000474974513 349
1767897230459 0.0010000000474974513 359
1767897231191 0.0010000000474974513 369
1767897231923 0.0010000000474974513 379
1767897232655 0.0010000000474974513 389
1767897233389 0.0010000000474974513 399
1767897234121 0.0010000000474974513 409
1767897234853 0.0010000000474974513 419
1767897235587 0.0010000000474974513 429
1767897236319 0.0010000000474974513 439
1767897237051 0.0010000000474974513 449
1767897237783 0.0010000000474974513 459
1767897238514 0.0010000000474974513 469
1767897239246 0.0010000000474974513 479
1767897239977 0.0010000000474974513 489
1767897240709 0.0010000000474974513 499
1767897241441 0.0010000000474974513 509
1767897242173 0.0010000000474974513 519
1767897242904 0.0010000000474974513 529
1767897243636 0.0010000000474974513 539
1767897244368 0.0010000000474974513 549
1767897245099 0.0010000000474974513 559
1767897245831 0.0010000000474974513 569
1767897246562 0.0010000000474974513 579
1767897247293 0.0010000000474974513 589
1767897248025 0.0010000000474974513 599
1767897279540 0.0010000000474974513 609
1767897280275 0.0010000000474974513 619
1767897281008 0.0010000000474974513 629
1767897281740 0.0010000000474974513 639
1767897282473 0.0010000000474974513 649
1767897283205 0.0010000000474974513 659
1767897283937 0.0010000000474974513 669
1767897284669 0.0010000000474974513 679
1767897285400 0.0010000000474974513 689
1767897286133 0.0010000000474974513 699
1767897286865 0.0010000000474974513 709
1767897287596 0.0010000000474974513 719
1767897288327 0.0010000000474974513 729
1767897289059 0.0010000000474974513 739
1767897289791 0.0010000000474974513 749
1767897290523 0.0010000000474974513 759
1767897291256 0.0010000000474974513 769
1767897291988 0.0010000000474974513 779
1767897292720 0.0010000000474974513 789
1767897293452 0.0010000000474974513 799
1767897294184 0.0010000000474974513 809
1767897294917 0.0010000000474974513 819
1767897295648 0.0010000000474974513 829
1767897296379 0.0010000000474974513 839
1767897297112 0.0010000000474974513 849
1767897297841 0.0010000000474974513 859
1767897298572 0.0010000000474974513 869
1767897299305 0.0010000000474974513 879
1767897300036 0.0010000000474974513 889
1767897300768 0.0010000000474974513 899
1767897301500 0.0010000000474974513 909
1767897339685 0.0010000000474974513 919
1767897340419 0.0010000000474974513 929
1767897341150 0.0010000000474974513 939
1767897341883 0.0010000000474974513 949
1767897342615 0.0010000000474974513 959
1767897343346 0.0010000000474974513 969
1767897344083 0.0010000000474974513 979
1767897344816 0.0010000000474974513 989
1767897345548 0.0010000000474974513 999
1767897346281 0.0010000000474974513 1009
1767897347013 0.0010000000474974513 1019
1767897347745 0.0010000000474974513 1029
1767897348480 0.0010000000474974513 1039
1767897349211 0.0010000000474974513 1049
1767897349943 0.0010000000474974513 1059
1767897350676 0.0010000000474974513 1069
1767897351408 0.0010000000474974513 1079
1767897352144 0.0010000000474974513 1089
1767897352875 0.0010000000474974513 1099
1767897353607 0.0010000000474974513 1109
1767897354339 0.0010000000474974513 1119
1767897355070 0.0010000000474974513 1129
1767897355802 0.0010000000474974513 1139
1767897356533 0.0010000000474974513 1149
1767897357263 0.0010000000474974513 1159
1767897357993 0.0010000000474974513 1169
1767897358725 0.0010000000474974513 1179
1767897359455 0.0010000000474974513 1189
1767897360185 0.0010000000474974513 1199
1767897360918 0.0010000000474974513 1209
1767897361649 0.0010000000474974513 1219
1767897399353 0.0010000000474974513 1229
1767897400091 0.0010000000474974513 1239
1767897400822 0.0010000000474974513 1249
1767897401556 0.0010000000474974513 1259
1767897402287 0.0010000000474974513 1269
1767897403019 0.0010000000474974513 1279
1767897403752 0.0010000000474974513 1289
1767897404483 0.0010000000474974513 1299
1767897405213 0.0010000000474974513 1309
1767897405946 0.0010000000474974513 1319
1767897406677 0.0010000000474974513 1329
1767897407409 0.0010000000474974513 1339
1767897408142 0.0010000000474974513 1349
1767897408873 0.0010000000474974513 1359
1767897409605 0.0010000000474974513 1369
1767897410337 0.0010000000474974513 1379
1767897411070 0.0010000000474974513 1389
1767897411804 0.0010000000474974513 1399
1767897412536 0.0010000000474974513 1409
1767897413268 0.0010000000474974513 1419
1767897414005 0.0010000000474974513 1429
1767897414736 0.0010000000474974513 1439
1767897436515 0.0010000000474974513 1449
1767897437251 0.0010000000474974513 1459
1767897437990 0.0010000000474974513 1469
1767897438729 0.0010000000474974513 1479
1767897439466 0.0010000000474974513 1489
1767897440202 0.0010000000474974513 1499
1767897440938 0.0010000000474974513 1509
1767897441674 0.0010000000474974513 1519
1767897442409 0.0010000000474974513 1529
1767897443144 0.0010000000474974513 1539
1767897443880 0.0010000000474974513 1549
1767897444617 0.0010000000474974513 1559
1767897445354 0.0010000000474974513 1569
1767897446090 0.0010000000474974513 1579
1767897446826 0.0010000000474974513 1589
1767897447561 0.0010000000474974513 1599
1767897448299 0.0010000000474974513 1609
1767897449037 0.0010000000474974513 1619
1767897449774 0.0010000000474974513 1629
1767897450510 0.0010000000474974513 1639
1767897451245 0.0010000000474974513 1649
1767897451980 0.0010000000474974513 1659
1767897452719 0.0010000000474974513 1669
1767897453454 0.0010000000474974513 1679
1767897454189 0.0010000000474974513 1689
1767897454927 0.0010000000474974513 1699
1767897455663 0.0010000000474974513 1709
1767897456399 0.0010000000474974513 1719
1767897457136 0.0010000000474974513 1729
1767897457873 0.0010000000474974513 1739
1767897458609 0.0010000000474974513 1749
1767897459345 0.0010000000474974513 1759
1767897460080 0.0010000000474974513 1769
1767897460818 0.0010000000474974513 1779
1767897461553 0.0010000000474974513 1789
1767897462289 0.0010000000474974513 1799
1767897463024 0.0010000000474974513 1809
1767897463760 0.0010000000474974513 1819
1767897464495 0.0010000000474974513 1829
1767897465232 0.0010000000474974513 1839
1767897465968 0.0010000000474974513 1849
1767897466705 0.0010000000474974513 1859
1767897467440 0.0010000000474974513 1869
1767897468176 0.0010000000474974513 1879
1767897468912 0.0010000000474974513 1889
1767897469648 0.0010000000474974513 1899
1767897470384 0.0010000000474974513 1909
1767897471121 0.0010000000474974513 1919
1767897471855 0.0010000000474974513 1929
1767897472591 0.0010000000474974513 1939
1767897473327 0.0010000000474974513 1949
1767897474064 0.0010000000474974513 1959
1767897474801 0.0010000000474974513 1969
1767897475536 0.0010000000474974513 1979
1767897476272 0.0010000000474974513 1989
1767897477008 0.0010000000474974513 1999
1767897477745 0.0010000000474974513 2009
1767897478481 0.0010000000474974513 2019
1767897479219 0.0010000000474974513 2029
1767897479957 0.0010000000474974513 2039
1767897480695 0.0010000000474974513 2049
1767897481433 0.0010000000474974513 2059
1767897482168 0.0010000000474974513 2069
1767897482905 0.0010000000474974513 2079
1767897483640 0.0010000000474974513 2089
1767897484374 0.0010000000474974513 2099
1767897485111 0.0010000000474974513 2109
1767897485847 0.0010000000474974513 2119
1767897486583 0.0010000000474974513 2129
1767897487319 0.0010000000474974513 2139
1767897488054 0.0010000000474974513 2149
1767897488788 0.0010000000474974513 2159
1767897489524 0.0010000000474974513 2169
1767897490260 0.0010000000474974513 2179
1767897490996 0.0010000000474974513 2189
1767897491733 0.0010000000474974513 2199
1767897492468 0.0010000000474974513 2209
1767897493206 0.0010000000474974513 2219
1767897493942 0.0010000000474974513 2229
1767897494679 0.0010000000474974513 2239
1767897495415 0.0010000000474974513 2249
1767897496149 0.0010000000474974513 2259
1767897496884 0.0010000000474974513 2269
1767897497622 0.0010000000474974513 2279
1767897498356 0.0010000000474974513 2289
1767897499093 0.0010000000474974513 2299
1767897499828 0.0010000000474974513 2309
1767897500565 0.0010000000474974513 2319
1767897501301 0.0010000000474974513 2329
1767897502038 0.0010000000474974513 2339
1767897502774 0.0010000000474974513 2349
1767897503513 0.0010000000474974513 2359
1767897504250 0.0010000000474974513 2369
1767897504987 0.0010000000474974513 2379
1767897505724 0.0010000000474974513 2389
1767897506460 0.0010000000474974513 2399
1767897507197 0.0010000000474974513 2409
1767897507935 0.0010000000474974513 2419
1767897508670 0.0010000000474974513 2429
1767897509406 0.0010000000474974513 2439
1767897510143 0.0010000000474974513 2449
1767897510880 0.0010000000474974513 2459
1767897511617 0.0010000000474974513 2469
1767897512354 0.0010000000474974513 2479
1767897513090 0.0010000000474974513 2489
1767897513830 0.0010000000474974513 2499
1767897514567 0.0010000000474974513 2509
1767897515304 0.0010000000474974513 2519
1767897516041 0.0010000000474974513 2529
1767897516778 0.0010000000474974513 2539
1767897517515 0.0010000000474974513 2549
1767897518252 0.0010000000474974513 2559
1767897518989 0.0010000000474974513 2569
1767897519725 0.0010000000474974513 2579
1767897520461 0.0010000000474974513 2589
1767897521200 0.0010000000474974513 2599
1767897521936 0.0010000000474974513 2609
1767897522672 0.0010000000474974513 2619
1767897523407 0.0010000000474974513 2629
1767897524145 0.0010000000474974513 2639
1767897524879 0.0010000000474974513 2649
1767897525615 0.0010000000474974513 2659
1767897526349 0.0010000000474974513 2669
1767897527084 0.0010000000474974513 2679
1767897527819 0.0010000000474974513 2689
1767897528555 0.0010000000474974513 2699
1767897529291 0.0010000000474974513 2709
1767897530028 0.0010000000474974513 2719
1767897530764 0.0010000000474974513 2729
1767897531499 0.0010000000474974513 2739
1767897532235 0.0010000000474974513 2749
1767897532972 0.0010000000474974513 2759
1767897533709 0.0010000000474974513 2769
1767897534446 0.0010000000474974513 2779
1767897535181 0.0010000000474974513 2789
1767897535919 0.0010000000474974513 2799
1767897536656 0.0010000000474974513 2809
1767897537391 0.0010000000474974513 2819
1767897538128 0.0010000000474974513 2829
1767897538864 0.0010000000474974513 2839
1767897539600 0.0010000000474974513 2849
1767897540340 0.0010000000474974513 2859
1767897541076 0.0010000000474974513 2869
1767897541812 0.0010000000474974513 2879
1767897557028 0.0010000000474974513 2889
1767897557766 0.0010000000474974513 2899
1767897558501 0.0010000000474974513 2909
1767897559236 0.0010000000474974513 2919
1767897559972 0.0010000000474974513 2929
1767897560709 0.0010000000474974513 2939
1767897561444 0.0010000000474974513 2949
1767897562180 0.0010000000474974513 2959
1767897562917 0.0010000000474974513 2969
1767897563653 0.0010000000474974513 2979
1767897564391 0.0010000000474974513 2989
1767897565128 0.0010000000474974513 2999
1767897565865 0.0010000000474974513 3009
1767897566602 0.0010000000474974513 3019
1767897567339 0.0010000000474974513 3029
1767897568074 0.0010000000474974513 3039
1767897568809 0.0010000000474974513 3049
1767897569543 0.0010000000474974513 3059
1767897570279 0.0010000000474974513 3069
1767897571017 0.0010000000474974513 3079
1767897571753 0.0010000000474974513 3089
1767897572488 0.0010000000474974513 3099
1767897573223 0.0010000000474974513 3109
1767897573960 0.0010000000474974513 3119
1767897574696 0.0010000000474974513 3129
1767897575434 0.0010000000474974513 3139
1767897576171 0.0010000000474974513 3149
1767897576908 0.0010000000474974513 3159
1767897577643 0.0010000000474974513 3169
1767897578377 0.0010000000474974513 3179
1767897579115 0.0010000000474974513 3189
1767897579850 0.0010000000474974513 3199
1767897580588 0.0010000000474974513 3209
1767897581326 0.0010000000474974513 3219
1767897582061 0.0010000000474974513 3229
1767897582799 0.0010000000474974513 3239
1767897583535 0.0010000000474974513 3249
1767897584273 0.0010000000474974513 3259
1767897585010 0.0010000000474974513 3269
1767897585748 0.0010000000474974513 3279
1767897586484 0.0010000000474974513 3289
1767897587221 0.0010000000474974513 3299
1767897587956 0.0010000000474974513 3309
1767897588692 0.0010000000474974513 3319
1767897589429 0.0010000000474974513 3329
1767897590165 0.0010000000474974513 3339
1767897590901 0.0010000000474974513 3349
1767897591639 0.0010000000474974513 3359
1767897592375 0.0010000000474974513 3369
1767897593110 0.0010000000474974513 3379
1767897593847 0.0010000000474974513 3389
1767897594583 0.0010000000474974513 3399
1767897595319 0.0010000000474974513 3409
1767897596055 0.0010000000474974513 3419
1767897596792 0.0010000000474974513 3429
1767897597527 0.0010000000474974513 3439
1767897598264 0.0010000000474974513 3449
1767897599001 0.0010000000474974513 3459
1767897599736 0.0010000000474974513 3469
1767897600474 0.0010000000474974513 3479
1767897601211 0.0010000000474974513 3489
1767897601950 0.0010000000474974513 3499
1767897602685 0.0010000000474974513 3509
1767897603420 0.0010000000474974513 3519
1767897604157 0.0010000000474974513 3529
1767897604893 0.0010000000474974513 3539
1767897605630 0.0010000000474974513 3549
1767897606366 0.0010000000474974513 3559
1767897607103 0.0010000000474974513 3569
1767897607839 0.0010000000474974513 3579
1767897608575 0.0010000000474974513 3589
1767897609313 0.0010000000474974513 3599
1767897610047 0.0010000000474974513 3609
1767897610784 0.0010000000474974513 3619
1767897611520 0.0010000000474974513 3629
1767897612257 0.0010000000474974513 3639
1767897612992 0.0010000000474974513 3649
1767897613728 0.0010000000474974513 3659
1767897614465 0.0010000000474974513 3669
1767897615201 0.0010000000474974513 3679
1767897615940 0.0010000000474974513 3689
1767897616678 0.0010000000474974513 3699
1767897617416 0.0010000000474974513 3709
1767897618153 0.0010000000474974513 3719
1767897618889 0.0010000000474974513 3729
1767897619627 0.0010000000474974513 3739
1767897620361 0.0010000000474974513 3749
1767897621100 0.0010000000474974513 3759
1767897621837 0.0010000000474974513 3769
1767897622573 0.0010000000474974513 3779
1767897623311 0.0010000000474974513 3789
1767897624048 0.0010000000474974513 3799
1767897624787 0.0010000000474974513 3809
1767897625524 0.0010000000474974513 3819
1767897626262 0.0010000000474974513 3829
1767897626999 0.0010000000474974513 3839
1767897627737 0.0010000000474974513 3849
1767897628473 0.0010000000474974513 3859
1767897629209 0.0010000000474974513 3869
1767897629946 0.0010000000474974513 3879
1767897630683 0.0010000000474974513 3889
1767897631421 0.0010000000474974513 3899
1767897632159 0.0010000000474974513 3909
1767897632897 0.0010000000474974513 3919
1767897633633 0.0010000000474974513 3929
1767897634368 0.0010000000474974513 3939
1767897635106 0.0010000000474974513 3949
1767897635842 0.0010000000474974513 3959
1767897636579 0.0010000000474974513 3969
1767897637315 0.0010000000474974513 3979
1767897638051 0.0010000000474974513 3989
1767897638786 0.0010000000474974513 3999
1767897639520 0.0010000000474974513 4009
1767897640255 0.0010000000474974513 4019
1767897640992 0.0010000000474974513 4029
1767897641729 0.0010000000474974513 4039
1767897642465 0.0010000000474974513 4049
1767897643202 0.0010000000474974513 4059
1767897643939 0.0010000000474974513 4069
1767897644676 0.0010000000474974513 4079
1767897645413 0.0010000000474974513 4089
1767897646149 0.0010000000474974513 4099
1767897646885 0.0010000000474974513 4109
1767897647620 0.0010000000474974513 4119
1767897648357 0.0010000000474974513 4129
1767897649094 0.0010000000474974513 4139
1767897649831 0.0010000000474974513 4149
1767897650569 0.0010000000474974513 4159
1767897651306 0.0010000000474974513 4169
1767897652044 0.0010000000474974513 4179
1767897652780 0.0010000000474974513 4189
1767897653516 0.0010000000474974513 4199
1767897654255 0.0010000000474974513 4209
1767897654991 0.0010000000474974513 4219
1767897655728 0.0010000000474974513 4229
1767897656466 0.0010000000474974513 4239
1767897657201 0.0010000000474974513 4249
1767897657938 0.0010000000474974513 4259
1767897658675 0.0010000000474974513 4269
1767897659410 0.0010000000474974513 4279
1767897660146 0.0010000000474974513 4289
1767897660883 0.0010000000474974513 4299
1767897661621 0.0010000000474974513 4309
1767897662359 0.0010000000474974513 4319
1767897677616 0.0010000000474974513 4329
1767897678352 0.0010000000474974513 4339
1767897679086 0.0010000000474974513 4349
1767897679820 0.0010000000474974513 4359
1767897680557 0.0010000000474974513 4369
1767897681292 0.0010000000474974513 4379
1767897682027 0.0010000000474974513 4389
1767897682764 0.0010000000474974513 4399
1767897683499 0.0010000000474974513 4409
1767897684236 0.0010000000474974513 4419
1767897684973 0.0010000000474974513 4429
1767897685712 0.0010000000474974513 4439
1767897686449 0.0010000000474974513 4449
1767897687189 0.0010000000474974513 4459
1767897687925 0.0010000000474974513 4469
1767897688661 0.0010000000474974513 4479
1767897689398 0.0010000000474974513 4489
1767897690133 0.0010000000474974513 4499
1767897690871 0.0010000000474974513 4509
1767897691609 0.0010000000474974513 4519
1767897692346 0.0010000000474974513 4529
1767897693082 0.0010000000474974513 4539
1767897693817 0.0010000000474974513 4549
1767897694553 0.0010000000474974513 4559
1767897695292 0.0010000000474974513 4569
1767897696029 0.0010000000474974513 4579
1767897696766 0.0010000000474974513 4589
1767897697503 0.0010000000474974513 4599
1767897698239 0.0010000000474974513 4609
1767897698975 0.0010000000474974513 4619
1767897699709 0.0010000000474974513 4629
1767897700446 0.0010000000474974513 4639
1767897701182 0.0010000000474974513 4649
1767897701917 0.0010000000474974513 4659
1767897702652 0.0010000000474974513 4669
1767897703388 0.0010000000474974513 4679
1767897704124 0.0010000000474974513 4689
1767897704859 0.0010000000474974513 4699
1767897705594 0.0010000000474974513 4709
1767897706328 0.0010000000474974513 4719
1767897707064 0.0010000000474974513 4729
1767897707801 0.0010000000474974513 4739
1767897708536 0.0010000000474974513 4749
1767897709272 0.0010000000474974513 4759
1767897710009 0.0010000000474974513 4769
1767897710744 0.0010000000474974513 4779
1767897711480 0.0010000000474974513 4789
1767897712212 0.0010000000474974513 4799
1767897712949 0.0010000000474974513 4809
1767897713684 0.0010000000474974513 4819
1767897714420 0.0010000000474974513 4829
1767897715157 0.0010000000474974513 4839
1767897715893 0.0010000000474974513 4849
1767897716628 0.0010000000474974513 4859
1767897717363 0.0010000000474974513 4869
1767897718101 0.0010000000474974513 4879
1767897718836 0.0010000000474974513 4889
1767897719571 0.0010000000474974513 4899
1767897720307 0.0010000000474974513 4909
1767897721043 0.0010000000474974513 4919
1767897721781 0.0010000000474974513 4929
1767897722517 0.0010000000474974513 4939
1767897723253 0.0010000000474974513 4949
1767897723989 0.0010000000474974513 4959
1767897724723 0.0010000000474974513 4969
1767897725460 0.0010000000474974513 4979
1767897726197 0.0010000000474974513 4989
1767897726931 0.0010000000474974513 4999
1767897727667 0.0010000000474974513 5009
1767897728403 0.0010000000474974513 5019
1767897729139 0.0010000000474974513 5029
1767897729875 0.0010000000474974513 5039
1767897730612 0.0010000000474974513 5049
1767897731348 0.0010000000474974513 5059
1767897732083 0.0010000000474974513 5069
1767897732817 0.0010000000474974513 5079
1767897733557 0.0010000000474974513 5089
1767897734295 0.0010000000474974513 5099
1767897735030 0.0010000000474974513 5109
1767897735767 0.0010000000474974513 5119
1767897736504 0.0010000000474974513 5129
1767897737241 0.0010000000474974513 5139
1767897737977 0.0010000000474974513 5149
1767897738714 0.0010000000474974513 5159
1767897739452 0.0010000000474974513 5169
1767897740187 0.0010000000474974513 5179
1767897740924 0.0010000000474974513 5189
1767897741660 0.0010000000474974513 5199
1767897742395 0.0010000000474974513 5209
1767897743131 0.0010000000474974513 5219
1767897743868 0.0010000000474974513 5229
1767897744606 0.0010000000474974513 5239
1767897745341 0.0010000000474974513 5249
1767897746080 0.0010000000474974513 5259
1767897746817 0.0010000000474974513 5269
1767897747555 0.0010000000474974513 5279
1767897748291 0.0010000000474974513 5289
1767897749028 0.0010000000474974513 5299
1767897749766 0.0010000000474974513 5309
1767897750505 0.0010000000474974513 5319
1767897751241 0.0010000000474974513 5329
1767897751981 0.0010000000474974513 5339
1767897752719 0.0010000000474974513 5349
1767897753457 0.0010000000474974513 5359
1767897754195 0.0010000000474974513 5369
1767897754933 0.0010000000474974513 5379
1767897755669 0.0010000000474974513 5389
1767897756407 0.0010000000474974513 5399
1767897757144 0.0010000000474974513 5409
1767897757880 0.0010000000474974513 5419
1767897758616 0.0010000000474974513 5429
1767897759354 0.0010000000474974513 5439
1767897760091 0.0010000000474974513 5449
1767897760828 0.0010000000474974513 5459
1767897761565 0.0010000000474974513 5469
1767897762303 0.0010000000474974513 5479
1767897763038 0.0010000000474974513 5489
1767897763774 0.0010000000474974513 5499
1767897764511 0.0010000000474974513 5509
1767897765246 0.0010000000474974513 5519
1767897765983 0.0010000000474974513 5529
1767897766720 0.0010000000474974513 5539
1767897767456 0.0010000000474974513 5549
1767897768192 0.0010000000474974513 5559
1767897768931 0.0010000000474974513 5569
1767897769666 0.0010000000474974513 5579
1767897770405 0.0010000000474974513 5589
1767897771142 0.0010000000474974513 5599
1767897771879 0.0010000000474974513 5609
1767897772617 0.0010000000474974513 5619
1767897773351 0.0010000000474974513 5629
1767897774088 0.0010000000474974513 5639
1767897774823 0.0010000000474974513 5649
1767897775560 0.0010000000474974513 5659
1767897776296 0.0010000000474974513 5669
1767897777031 0.0010000000474974513 5679
1767897777766 0.0010000000474974513 5689
1767897778504 0.0010000000474974513 5699
1767897779241 0.0010000000474974513 5709
1767897779976 0.0010000000474974513 5719
1767897780715 0.0010000000474974513 5729
1767897781451 0.0010000000474974513 5739
1767897782187 0.0010000000474974513 5749
1767897782924 0.0010000000474974513 5759
1767897798155 0.0010000000474974513 5769
1767897798892 0.0010000000474974513 5779
1767897799627 0.0010000000474974513 5789
1767897800363 0.0010000000474974513 5799
1767897801102 0.0010000000474974513 5809
1767897801839 0.0010000000474974513 5819
1767897802575 0.0010000000474974513 5829
1767897803312 0.0010000000474974513 5839
1767897804047 0.0010000000474974513 5849
1767897804784 0.0010000000474974513 5859
1767897805519 0.0010000000474974513 5869
1767897806254 0.0010000000474974513 5879
1767897806990 0.0010000000474974513 5889
1767897807725 0.0010000000474974513 5899
1767897808460 0.0010000000474974513 5909
1767897809196 0.0010000000474974513 5919
1767897809933 0.0010000000474974513 5929
1767897810670 0.0010000000474974513 5939
1767897811407 0.0010000000474974513 5949
1767897812144 0.0010000000474974513 5959
1767897812881 0.0010000000474974513 5969
1767897813618 0.0010000000474974513 5979
1767897814355 0.0010000000474974513 5989
1767897815092 0.0010000000474974513 5999
1767897815827 0.0010000000474974513 6009
1767897816561 0.0010000000474974513 6019
1767897817298 0.0010000000474974513 6029
1767897818033 0.0010000000474974513 6039
1767897818769 0.0010000000474974513 6049
1767897819506 0.0010000000474974513 6059
1767897820242 0.0010000000474974513 6069
1767897820978 0.0010000000474974513 6079
1767897821714 0.0010000000474974513 6089
1767897822449 0.0010000000474974513 6099
1767897823185 0.0010000000474974513 6109
1767897823921 0.0010000000474974513 6119
1767897824657 0.0010000000474974513 6129
1767897825393 0.0010000000474974513 6139
1767897826129 0.0010000000474974513 6149
1767897826865 0.0010000000474974513 6159
1767897827601 0.0010000000474974513 6169
1767897828336 0.0010000000474974513 6179
1767897829072 0.0010000000474974513 6189
1767897829806 0.0010000000474974513 6199
1767897830540 0.0010000000474974513 6209
1767897831276 0.0010000000474974513 6219
1767897832011 0.0010000000474974513 6229
1767897832745 0.0010000000474974513 6239
1767897833482 0.0010000000474974513 6249
1767897834218 0.0010000000474974513 6259
1767897834955 0.0010000000474974513 6269
1767897835693 0.0010000000474974513 6279
1767897836430 0.0010000000474974513 6289
1767897837166 0.0010000000474974513 6299
1767897837903 0.0010000000474974513 6309
1767897838637 0.0010000000474974513 6319
1767897839373 0.0010000000474974513 6329
1767897840106 0.0010000000474974513 6339
1767897840843 0.0010000000474974513 6349
1767897841580 0.0010000000474974513 6359
1767897842316 0.0010000000474974513 6369
1767897843053 0.0010000000474974513 6379
1767897843790 0.0010000000474974513 6389
1767897844525 0.0010000000474974513 6399
1767897845262 0.0010000000474974513 6409
1767897846001 0.0010000000474974513 6419
1767897846738 0.0010000000474974513 6429
1767897847475 0.0010000000474974513 6439
1767897848211 0.0010000000474974513 6449
1767897848945 0.0010000000474974513 6459
1767897849681 0.0010000000474974513 6469
1767897850417 0.0010000000474974513 6479
1767897851153 0.0010000000474974513 6489
1767897851892 0.0010000000474974513 6499
1767897852627 0.0010000000474974513 6509
1767897853364 0.0010000000474974513 6519
1767897854100 0.0010000000474974513 6529
1767897854836 0.0010000000474974513 6539
1767897855573 0.0010000000474974513 6549
1767897856310 0.0010000000474974513 6559
1767897857047 0.0010000000474974513 6569
1767897857784 0.0010000000474974513 6579
1767897858520 0.0010000000474974513 6589
1767897859257 0.0010000000474974513 6599
1767897859996 0.0010000000474974513 6609
1767897860733 0.0010000000474974513 6619
1767897861470 0.0010000000474974513 6629
1767897862206 0.0010000000474974513 6639
1767897862942 0.0010000000474974513 6649
1767897863680 0.0010000000474974513 6659
1767897864416 0.0010000000474974513 6669
1767897865153 0.0010000000474974513 6679
1767897865890 0.0010000000474974513 6689
1767897866625 0.0010000000474974513 6699
1767897867361 0.0010000000474974513 6709
1767897868097 0.0010000000474974513 6719
1767897868832 0.0010000000474974513 6729
1767897869569 0.0010000000474974513 6739
1767897870305 0.0010000000474974513 6749
1767897871040 0.0010000000474974513 6759
1767897871776 0.0010000000474974513 6769
1767897872512 0.0010000000474974513 6779
1767897873247 0.0010000000474974513 6789
1767897873984 0.0010000000474974513 6799
1767897874723 0.0010000000474974513 6809
1767897875461 0.0010000000474974513 6819
1767897876198 0.0010000000474974513 6829
1767897876936 0.0010000000474974513 6839
1767897877673 0.0010000000474974513 6849
1767897878410 0.0010000000474974513 6859
1767897879147 0.0010000000474974513 6869
1767897879884 0.0010000000474974513 6879
1767897880623 0.0010000000474974513 6889
1767897881361 0.0010000000474974513 6899
1767897882100 0.0010000000474974513 6909
1767897882835 0.0010000000474974513 6919
1767897883571 0.0010000000474974513 6929
1767897884309 0.0010000000474974513 6939
1767897885044 0.0010000000474974513 6949
1767897885782 0.0010000000474974513 6959
1767897886520 0.0010000000474974513 6969
1767897887257 0.0010000000474974513 6979
1767897887994 0.0010000000474974513 6989
1767897888732 0.0010000000474974513 6999
1767897889468 0.0010000000474974513 7009
1767897890206 0.0010000000474974513 7019
1767897890942 0.0010000000474974513 7029
1767897891678 0.0010000000474974513 7039
1767897892415 0.0010000000474974513 7049
1767897893151 0.0010000000474974513 7059
1767897893888 0.0010000000474974513 7069
1767897894625 0.0010000000474974513 7079
1767897895363 0.0010000000474974513 7089
1767897896100 0.0010000000474974513 7099
1767897896836 0.0010000000474974513 7109
1767897897574 0.0010000000474974513 7119
1767897898312 0.0010000000474974513 7129
1767897899048 0.0010000000474974513 7139
1767897899784 0.0010000000474974513 7149
1767897900521 0.0010000000474974513 7159
1767897901256 0.0010000000474974513 7169
1767897901993 0.0010000000474974513 7179
1767897902729 0.0010000000474974513 7189
1767897903464 0.0010000000474974513 7199
1767897918657 0.0010000000474974513 7209
1767897919395 0.0010000000474974513 7219
1767897920129 0.0010000000474974513 7229
1767897920866 0.0010000000474974513 7239
1767897921602 0.0010000000474974513 7249
1767897922337 0.0010000000474974513 7259
1767897923074 0.0010000000474974513 7269
1767897923809 0.0010000000474974513 7279
1767897924544 0.0010000000474974513 7289
1767897925280 0.0010000000474974513 7299
1767897926017 0.0010000000474974513 7309
1767897926752 0.0010000000474974513 7319
1767897927489 0.0010000000474974513 7329
1767897928224 0.0010000000474974513 7339
1767897928961 0.0010000000474974513 7349
1767897929697 0.0010000000474974513 7359
1767897930433 0.0010000000474974513 7369
1767897931172 0.0010000000474974513 7379
1767897931909 0.0010000000474974513 7389
1767897932646 0.0010000000474974513 7399
1767897933381 0.0010000000474974513 7409
1767897934119 0.0010000000474974513 7419
1767897934857 0.0010000000474974513 7429
1767897935594 0.0010000000474974513 7439
1767897936331 0.0010000000474974513 7449
1767897937069 0.0010000000474974513 7459
1767897937805 0.0010000000474974513 7469
1767897938539 0.0010000000474974513 7479
1767897939276 0.0010000000474974513 7489
1767897940012 0.0010000000474974513 7499
1767897940749 0.0010000000474974513 7509
1767897941488 0.0010000000474974513 7519
1767897942225 0.0010000000474974513 7529
1767897942962 0.0010000000474974513 7539
1767897943699 0.0010000000474974513 7549
1767897944436 0.0010000000474974513 7559
1767897945173 0.0010000000474974513 7569
1767897945909 0.0010000000474974513 7579
1767897946646 0.0010000000474974513 7589
1767897947381 0.0010000000474974513 7599
1767897948116 0.0010000000474974513 7609
1767897948852 0.0010000000474974513 7619
1767897949589 0.0010000000474974513 7629
1767897950325 0.0010000000474974513 7639
1767897951060 0.0010000000474974513 7649
1767897951797 0.0010000000474974513 7659
1767897952533 0.0010000000474974513 7669
1767897953269 0.0010000000474974513 7679
1767897954005 0.0010000000474974513 7689
1767897954741 0.0010000000474974513 7699
1767897955477 0.0010000000474974513 7709
1767897956213 0.0010000000474974513 7719
1767897956950 0.0010000000474974513 7729
1767897957687 0.0010000000474974513 7739
1767897958422 0.0010000000474974513 7749
1767897959157 0.0010000000474974513 7759
1767897959895 0.0010000000474974513 7769
1767897960633 0.0010000000474974513 7779
1767897961369 0.0010000000474974513 7789
1767897962106 0.0010000000474974513 7799
1767897962842 0.0010000000474974513 7809
1767897963580 0.0010000000474974513 7819
1767897964317 0.0010000000474974513 7829
1767897965055 0.0010000000474974513 7839
1767897965794 0.0010000000474974513 7849
1767897966530 0.0010000000474974513 7859
1767897967267 0.0010000000474974513 7869
1767897968004 0.0010000000474974513 7879
1767897968739 0.0010000000474974513 7889
1767897969474 0.0010000000474974513 7899
1767897970212 0.0010000000474974513 7909
1767897970949 0.0010000000474974513 7919
1767897971686 0.0010000000474974513 7929
1767897972422 0.0010000000474974513 7939
1767897973158 0.0010000000474974513 7949
1767897973894 0.0010000000474974513 7959
1767897974632 0.0010000000474974513 7969
1767897975369 0.0010000000474974513 7979
1767897976106 0.0010000000474974513 7989
1767897976843 0.0010000000474974513 7999
1767897977579 0.0010000000474974513 8009
1767897978316 0.0010000000474974513 8019
1767897979052 0.0010000000474974513 8029
1767897979790 0.0010000000474974513 8039
1767897980527 0.0010000000474974513 8049
1767897981265 0.0010000000474974513 8059
1767897982003 0.0010000000474974513 8069
1767897982739 0.0010000000474974513 8079
1767897983475 0.0010000000474974513 8089
1767897984212 0.0010000000474974513 8099
1767897984949 0.0010000000474974513 8109
1767897985685 0.0010000000474974513 8119
1767897986423 0.0010000000474974513 8129
1767897987160 0.0010000000474974513 8139
1767897987898 0.0010000000474974513 8149
1767897988634 0.0010000000474974513 8159
1767897989372 0.0010000000474974513 8169
1767897990108 0.0010000000474974513 8179
1767897990845 0.0010000000474974513 8189
1767897991582 0.0010000000474974513 8199
1767897992316 0.0010000000474974513 8209
1767897993052 0.0010000000474974513 8219
1767897993788 0.0010000000474974513 8229
1767897994526 0.0010000000474974513 8239
1767897995264 0.0010000000474974513 8249
1767897996002 0.0010000000474974513 8259
1767897996740 0.0010000000474974513 8269
1767897997475 0.0010000000474974513 8279
1767897998212 0.0010000000474974513 8289
1767897998948 0.0010000000474974513 8299
1767897999683 0.0010000000474974513 8309
1767898000419 0.0010000000474974513 8319
1767898001155 0.0010000000474974513 8329
1767898001889 0.0010000000474974513 8339
1767898002625 0.0010000000474974513 8349
1767898003362 0.0010000000474974513 8359
1767898004098 0.0010000000474974513 8369
1767898004832 0.0010000000474974513 8379
1767898005567 0.0010000000474974513 8389
1767898006304 0.0010000000474974513 8399
1767898007040 0.0010000000474974513 8409
1767898007775 0.0010000000474974513 8419
1767898008515 0.0010000000474974513 8429
1767898009250 0.0010000000474974513 8439
1767898009985 0.0010000000474974513 8449
1767898010721 0.0010000000474974513 8459
1767898011456 0.0010000000474974513 8469
1767898012191 0.0010000000474974513 8479
1767898012928 0.0010000000474974513 8489
1767898013664 0.0010000000474974513 8499
1767898014400 0.0010000000474974513 8509
1767898015136 0.0010000000474974513 8519
1767898015873 0.0010000000474974513 8529
1767898016609 0.0010000000474974513 8539
1767898017345 0.0010000000474974513 8549
1767898018081 0.0010000000474974513 8559
1767898018818 0.0010000000474974513 8569
1767898019553 0.0010000000474974513 8579
1767898020287 0.0010000000474974513 8589
1767898021023 0.0010000000474974513 8599
1767898021757 0.0010000000474974513 8609
1767898022492 0.0010000000474974513 8619
1767898023229 0.0010000000474974513 8629
1767898023965 0.0010000000474974513 8639
1767898039203 0.0010000000474974513 8649
1767898039938 0.0010000000474974513 8659
1767898040674 0.0010000000474974513 8669
1767898041410 0.0010000000474974513 8679
1767898042144 0.0010000000474974513 8689
1767898042880 0.0010000000474974513 8699
1767898043615 0.0010000000474974513 8709
1767898044351 0.0010000000474974513 8719
1767898045099 0.0010000000474974513 8729
1767898045835 0.0010000000474974513 8739
1767898046571 0.0010000000474974513 8749
1767898047307 0.0010000000474974513 8759
1767898048045 0.0010000000474974513 8769
1767898048784 0.0010000000474974513 8779
1767898049520 0.0010000000474974513 8789
1767898050255 0.0010000000474974513 8799
1767898050990 0.0010000000474974513 8809
1767898051725 0.0010000000474974513 8819
1767898052459 0.0010000000474974513 8829
1767898053194 0.0010000000474974513 8839
1767898053929 0.0010000000474974513 8849
1767898054663 0.0010000000474974513 8859
1767898055400 0.0010000000474974513 8869
1767898056138 0.0010000000474974513 8879
1767898056875 0.0010000000474974513 8889
1767898057611 0.0010000000474974513 8899
1767898058350 0.0010000000474974513 8909
1767898059086 0.0010000000474974513 8919
1767898059821 0.0010000000474974513 8929
1767898060556 0.0010000000474974513 8939
1767898061293 0.0010000000474974513 8949
1767898062028 0.0010000000474974513 8959
1767898062763 0.0010000000474974513 8969
1767898063498 0.0010000000474974513 8979
1767898064234 0.0010000000474974513 8989
1767898064970 0.0010000000474974513 8999
1767898065707 0.0010000000474974513 9009
1767898066441 0.0010000000474974513 9019
1767898067177 0.0010000000474974513 9029
1767898067913 0.0010000000474974513 9039
1767898068648 0.0010000000474974513 9049
1767898069384 0.0010000000474974513 9059
1767898070119 0.0010000000474974513 9069
1767898070856 0.0010000000474974513 9079
1767898071594 0.0010000000474974513 9089
1767898072330 0.0010000000474974513 9099
1767898073065 0.0010000000474974513 9109
1767898073801 0.0010000000474974513 9119
1767898074536 0.0010000000474974513 9129
1767898075272 0.0010000000474974513 9139
1767898076009 0.0010000000474974513 9149
1767898076745 0.0010000000474974513 9159
1767898077483 0.0010000000474974513 9169
1767898078219 0.0010000000474974513 9179
1767898078954 0.0010000000474974513 9189
1767898079691 0.0010000000474974513 9199
1767898080428 0.0010000000474974513 9209
1767898081164 0.0010000000474974513 9219
1767898081900 0.0010000000474974513 9229
1767898082636 0.0010000000474974513 9239
1767898083371 0.0010000000474974513 9249
1767898084109 0.0010000000474974513 9259
1767898084845 0.0010000000474974513 9269
1767898085583 0.0010000000474974513 9279
1767898086320 0.0010000000474974513 9289
1767898087060 0.0010000000474974513 9299
1767898087796 0.0010000000474974513 9309
1767898088532 0.0010000000474974513 9319
1767898089267 0.0010000000474974513 9329
1767898090003 0.0010000000474974513 9339
1767898090740 0.0010000000474974513 9349
1767898091476 0.0010000000474974513 9359
1767898092213 0.0010000000474974513 9369
1767898092949 0.0010000000474974513 9379
1767898093684 0.0010000000474974513 9389
1767898094419 0.0010000000474974513 9399
1767898095155 0.0010000000474974513 9409
1767898095893 0.0010000000474974513 9419
1767898096629 0.0010000000474974513 9429
1767898097365 0.0010000000474974513 9439
1767898098100 0.0010000000474974513 9449
1767898098834 0.0010000000474974513 9459
1767898099569 0.0010000000474974513 9469
1767898100305 0.0010000000474974513 9479
1767898101040 0.0010000000474974513 9489
1767898101776 0.0010000000474974513 9499
1767898102513 0.0010000000474974513 9509
1767898103249 0.0010000000474974513 9519
1767898103986 0.0010000000474974513 9529
1767898104721 0.0010000000474974513 9539
1767898105457 0.0010000000474974513 9549
1767898106194 0.0010000000474974513 9559
1767898106930 0.0010000000474974513 9569
1767898107665 0.0010000000474974513 9579
1767898108403 0.0010000000474974513 9589
1767898109140 0.0010000000474974513 9599
1767898109876 0.0010000000474974513 9609
1767898110613 0.0010000000474974513 9619
1767898111347 0.0010000000474974513 9629
1767898112084 0.0010000000474974513 9639
1767898112819 0.0010000000474974513 9649
1767898113555 0.0010000000474974513 9659
1767898114292 0.0010000000474974513 9669
1767898115026 0.0010000000474974513 9679
1767898115762 0.0010000000474974513 9689
1767898116501 0.0010000000474974513 9699
1767898117238 0.0010000000474974513 9709
1767898117975 0.0010000000474974513 9719
1767898118712 0.0010000000474974513 9729
1767898119446 0.0010000000474974513 9739
1767898120181 0.0010000000474974513 9749
1767898120917 0.0010000000474974513 9759
1767898121652 0.0010000000474974513 9769
1767898122388 0.0010000000474974513 9779
1767898123124 0.0010000000474974513 9789
1767898123858 0.0010000000474974513 9799
1767898124594 0.0010000000474974513 9809
1767898125329 0.0010000000474974513 9819
1767898126065 0.0010000000474974513 9829
1767898126802 0.0010000000474974513 9839
1767898127539 0.0010000000474974513 9849
1767898128274 0.0010000000474974513 9859
1767898129009 0.0010000000474974513 9869
1767898129744 0.0010000000474974513 9879
1767898130479 0.0010000000474974513 9889
1767898131216 0.0010000000474974513 9899
1767898131952 0.0010000000474974513 9909
1767898132688 0.0010000000474974513 9919
1767898133423 0.0010000000474974513 9929
1767898134156 0.0010000000474974513 9939
1767898134892 0.0010000000474974513 9949
1767898135627 0.0010000000474974513 9959
1767898136359 0.0010000000474974513 9969
1767898137095 0.0010000000474974513 9979
1767898137829 0.0010000000474974513 9989
1767898138567 0.0010000000474974513 9999
1767898139302 0.0010000000474974513 10009
1767898140039 0.0010000000474974513 10019
1767898140777 0.0010000000474974513 10029
1767898141513 0.0010000000474974513 10039
1767898142248 0.0010000000474974513 10049
1767898142984 0.0010000000474974513 10059
1767898143719 0.0010000000474974513 10069
1767898144454 0.0010000000474974513 10079
1767898159565 0.0010000000474974513 10089
1767898160300 0.0010000000474974513 10099
1767898161036 0.0010000000474974513 10109
1767898161773 0.0010000000474974513 10119
1767898162508 0.0010000000474974513 10129
1767898163244 0.0010000000474974513 10139
1767898163981 0.0010000000474974513 10149
1767898164715 0.0010000000474974513 10159
1767898165451 0.0010000000474974513 10169
1767898166187 0.0010000000474974513 10179
1767898166922 0.0010000000474974513 10189
1767898167658 0.0010000000474974513 10199
1767898168393 0.0010000000474974513 10209
1767898169131 0.0010000000474974513 10219
1767898169867 0.0010000000474974513 10229
1767898170603 0.0010000000474974513 10239
1767898171340 0.0010000000474974513 10249
1767898172075 0.0010000000474974513 10259
1767898172809 0.0010000000474974513 10269
1767898173543 0.0010000000474974513 10279
1767898174276 0.0010000000474974513 10289
1767898175011 0.0010000000474974513 10299
1767898175748 0.0010000000474974513 10309
1767898176485 0.0010000000474974513 10319
1767898177221 0.0010000000474974513 10329
1767898177956 0.0010000000474974513 10339
1767898178689 0.0010000000474974513 10349
1767898179427 0.0010000000474974513 10359
1767898180162 0.0010000000474974513 10369
1767898180896 0.0010000000474974513 10379
1767898181632 0.0010000000474974513 10389
1767898182366 0.0010000000474974513 10399
1767898183101 0.0010000000474974513 10409
1767898183837 0.0010000000474974513 10419
1767898184573 0.0010000000474974513 10429
1767898185308 0.0010000000474974513 10439
1767898186042 0.0010000000474974513 10449
1767898186780 0.0010000000474974513 10459
1767898187516 0.0010000000474974513 10469
1767898188251 0.0010000000474974513 10479
1767898188987 0.0010000000474974513 10489
1767898189723 0.0010000000474974513 10499
1767898190459 0.0010000000474974513 10509
1767898191194 0.0010000000474974513 10519
1767898191930 0.0010000000474974513 10529
1767898192664 0.0010000000474974513 10539
1767898193398 0.0010000000474974513 10549
1767898194134 0.0010000000474974513 10559
1767898194872 0.0010000000474974513 10569
1767898195608 0.0010000000474974513 10579
1767898196343 0.0010000000474974513 10589
1767898197078 0.0010000000474974513 10599
1767898197813 0.0010000000474974513 10609
1767898198547 0.0010000000474974513 10619
1767898199282 0.0010000000474974513 10629
1767898200018 0.0010000000474974513 10639
1767898200752 0.0010000000474974513 10649
1767898201488 0.0010000000474974513 10659
1767898202224 0.0010000000474974513 10669
1767898202960 0.0010000000474974513 10679
1767898203697 0.0010000000474974513 10689
1767898204433 0.0010000000474974513 10699
1767898205170 0.0010000000474974513 10709
1767898205907 0.0010000000474974513 10719
1767898206643 0.0010000000474974513 10729
1767898207378 0.0010000000474974513 10739
1767898208117 0.0010000000474974513 10749
1767898208854 0.0010000000474974513 10759
1767898209591 0.0010000000474974513 10769
1767898210328 0.0010000000474974513 10779
1767898211065 0.0010000000474974513 10789
1767898211801 0.0010000000474974513 10799
1767898212537 0.0010000000474974513 10809
1767898213273 0.0010000000474974513 10819
1767898214009 0.0010000000474974513 10829
1767898214744 0.0010000000474974513 10839
1767898215480 0.0010000000474974513 10849
1767898216217 0.0010000000474974513 10859
1767898216951 0.0010000000474974513 10869
1767898217687 0.0010000000474974513 10879
1767898218423 0.0010000000474974513 10889
1767898219159 0.0010000000474974513 10899
1767898219893 0.0010000000474974513 10909
1767898220629 0.0010000000474974513 10919
1767898221364 0.0010000000474974513 10929
1767898222099 0.0010000000474974513 10939
1767898222833 0.0010000000474974513 10949
1767898223566 0.0010000000474974513 10959
1767898224306 0.0010000000474974513 10969
1767898225043 0.0010000000474974513 10979
1767898225781 0.0010000000474974513 10989
1767898226519 0.0010000000474974513 10999
1767898227254 0.0010000000474974513 11009
1767898227988 0.0010000000474974513 11019
1767898228724 0.0010000000474974513 11029
1767898229460 0.0010000000474974513 11039
1767898230195 0.0010000000474974513 11049
1767898230931 0.0010000000474974513 11059
1767898231666 0.0010000000474974513 11069
1767898232403 0.0010000000474974513 11079
1767898233138 0.0010000000474974513 11089
1767898233873 0.0010000000474974513 11099
1767898234609 0.0010000000474974513 11109
1767898235349 0.0010000000474974513 11119
1767898236084 0.0010000000474974513 11129
1767898236821 0.0010000000474974513 11139
1767898237559 0.0010000000474974513 11149
1767898238296 0.0010000000474974513 11159
1767898239033 0.0010000000474974513 11169
1767898239771 0.0010000000474974513 11179
1767898240508 0.0010000000474974513 11189
1767898241244 0.0010000000474974513 11199
1767898241981 0.0010000000474974513 11209
1767898242719 0.0010000000474974513 11219
1767898243454 0.0010000000474974513 11229
1767898244189 0.0010000000474974513 11239
1767898244926 0.0010000000474974513 11249
1767898245662 0.0010000000474974513 11259
1767898246399 0.0010000000474974513 11269
1767898247135 0.0010000000474974513 11279
1767898247871 0.0010000000474974513 11289
1767898248607 0.0010000000474974513 11299
1767898249342 0.0010000000474974513 11309
1767898250076 0.0010000000474974513 11319
1767898250812 0.0010000000474974513 11329
1767898251549 0.0010000000474974513 11339
1767898252284 0.0010000000474974513 11349
1767898253021 0.0010000000474974513 11359
1767898253759 0.0010000000474974513 11369
1767898254496 0.0010000000474974513 11379
1767898255231 0.0010000000474974513 11389
1767898255967 0.0010000000474974513 11399
1767898256703 0.0010000000474974513 11409
1767898257437 0.0010000000474974513 11419
1767898258174 0.0010000000474974513 11429
1767898258910 0.0010000000474974513 11439
1767898259646 0.0010000000474974513 11449
1767898260381 0.0010000000474974513 11459
1767898261117 0.0010000000474974513 11469
1767898261852 0.0010000000474974513 11479
1767898262589 0.0010000000474974513 11489
1767898263326 0.0010000000474974513 11499
1767898264061 0.0010000000474974513 11509
1767898264796 0.0010000000474974513 11519
1767898279920 0.0010000000474974513 11529
1767898280655 0.0010000000474974513 11539
1767898281392 0.0010000000474974513 11549
1767898282128 0.0010000000474974513 11559
1767898282863 0.0010000000474974513 11569
1767898283600 0.0010000000474974513 11579
1767898284336 0.0010000000474974513 11589
1767898285070 0.0010000000474974513 11599
1767898285809 0.0010000000474974513 11609
1767898286546 0.0010000000474974513 11619
1767898287282 0.0010000000474974513 11629
1767898288019 0.0010000000474974513 11639
1767898288755 0.0010000000474974513 11649
1767898289491 0.0010000000474974513 11659
1767898290227 0.0010000000474974513 11669
1767898290964 0.0010000000474974513 11679
1767898291700 0.0010000000474974513 11689
1767898292436 0.0010000000474974513 11699
1767898293171 0.0010000000474974513 11709
1767898293907 0.0010000000474974513 11719
1767898294641 0.0010000000474974513 11729
1767898295380 0.0010000000474974513 11739
1767898296116 0.0010000000474974513 11749
1767898296853 0.0010000000474974513 11759
1767898297592 0.0010000000474974513 11769
1767898298331 0.0010000000474974513 11779
1767898299071 0.0010000000474974513 11789
1767898299812 0.0010000000474974513 11799
1767898300551 0.0010000000474974513 11809
1767898301289 0.0010000000474974513 11819
1767898302026 0.0010000000474974513 11829
1767898302762 0.0010000000474974513 11839
1767898303498 0.0010000000474974513 11849
1767898304235 0.0010000000474974513 11859
1767898304972 0.0010000000474974513 11869
1767898305709 0.0010000000474974513 11879
1767898306445 0.0010000000474974513 11889
1767898307182 0.0010000000474974513 11899
1767898307919 0.0010000000474974513 11909
1767898308656 0.0010000000474974513 11919
1767898309392 0.0010000000474974513 11929
1767898310128 0.0010000000474974513 11939
1767898310865 0.0010000000474974513 11949
1767898311602 0.0010000000474974513 11959
1767898312339 0.0010000000474974513 11969
1767898313078 0.0010000000474974513 11979
1767898313817 0.0010000000474974513 11989
1767898314555 0.0010000000474974513 11999
1767898315289 0.0010000000474974513 12009
1767898316027 0.0010000000474974513 12019
1767898316762 0.0010000000474974513 12029
1767898317499 0.0010000000474974513 12039
1767898318237 0.0010000000474974513 12049
1767898318973 0.0010000000474974513 12059
1767898319710 0.0010000000474974513 12069
1767898320446 0.0010000000474974513 12079
1767898321182 0.0010000000474974513 12089
1767898321919 0.0010000000474974513 12099
1767898322656 0.0010000000474974513 12109
1767898323392 0.0010000000474974513 12119
1767898324128 0.0010000000474974513 12129
1767898324865 0.0010000000474974513 12139
1767898325601 0.0010000000474974513 12149
1767898326337 0.0010000000474974513 12159
1767898327073 0.0010000000474974513 12169
1767898327810 0.0010000000474974513 12179
1767898328551 0.0010000000474974513 12189
1767898329292 0.0010000000474974513 12199
1767898330034 0.0010000000474974513 12209
1767898330777 0.0010000000474974513 12219
1767898331517 0.0010000000474974513 12229
1767898332259 0.0010000000474974513 12239
1767898332997 0.0010000000474974513 12249
1767898333736 0.0010000000474974513 12259
1767898334472 0.0010000000474974513 12269
1767898335209 0.0010000000474974513 12279
1767898335944 0.0010000000474974513 12289
1767898336681 0.0010000000474974513 12299
1767898337415 0.0010000000474974513 12309
1767898338151 0.0010000000474974513 12319
1767898338886 0.0010000000474974513 12329
1767898339620 0.0010000000474974513 12339
1767898340357 0.0010000000474974513 12349
1767898341093 0.0010000000474974513 12359
1767898341827 0.0010000000474974513 12369
1767898342562 0.0010000000474974513 12379
1767898343297 0.0010000000474974513 12389
1767898344032 0.0010000000474974513 12399
1767898344768 0.0010000000474974513 12409
1767898345504 0.0010000000474974513 12419
1767898346240 0.0010000000474974513 12429
1767898346974 0.0010000000474974513 12439
1767898347709 0.0010000000474974513 12449
1767898348444 0.0010000000474974513 12459
1767898349179 0.0010000000474974513 12469
1767898349914 0.0010000000474974513 12479
1767898350650 0.0010000000474974513 12489
1767898351385 0.0010000000474974513 12499
1767898352119 0.0010000000474974513 12509
1767898352855 0.0010000000474974513 12519
1767898353590 0.0010000000474974513 12529
1767898354328 0.0010000000474974513 12539
1767898355063 0.0010000000474974513 12549
1767898355799 0.0010000000474974513 12559
1767898356534 0.0010000000474974513 12569
1767898357268 0.0010000000474974513 12579
1767898358003 0.0010000000474974513 12589
1767898358739 0.0010000000474974513 12599
1767898359476 0.0010000000474974513 12609
1767898360212 0.0010000000474974513 12619
1767898360952 0.0010000000474974513 12629
1767898361686 0.0010000000474974513 12639
1767898362421 0.0010000000474974513 12649
1767898363157 0.0010000000474974513 12659
1767898363891 0.0010000000474974513 12669
1767898364627 0.0010000000474974513 12679
1767898365363 0.0010000000474974513 12689
1767898366098 0.0010000000474974513 12699
1767898366835 0.0010000000474974513 12709
1767898367568 0.0010000000474974513 12719
1767898368304 0.0010000000474974513 12729
1767898369039 0.0010000000474974513 12739
1767898369773 0.0010000000474974513 12749
1767898370509 0.0010000000474974513 12759
1767898371244 0.0010000000474974513 12769
1767898371978 0.0010000000474974513 12779
1767898372715 0.0010000000474974513 12789
1767898373450 0.0010000000474974513 12799
1767898374186 0.0010000000474974513 12809
1767898374923 0.0010000000474974513 12819
1767898375659 0.0010000000474974513 12829
1767898376394 0.0010000000474974513 12839
1767898377128 0.0010000000474974513 12849
1767898377862 0.0010000000474974513 12859
1767898378598 0.0010000000474974513 12869
1767898379335 0.0010000000474974513 12879
1767898380071 0.0010000000474974513 12889
1767898380807 0.0010000000474974513 12899
1767898381544 0.0010000000474974513 12909
1767898382277 0.0010000000474974513 12919
1767898383012 0.0010000000474974513 12929
1767898383749 0.0010000000474974513 12939
1767898384484 0.0010000000474974513 12949
1767898385219 0.0010000000474974513 12959
1767898400309 0.0010000000474974513 12969
1767898401047 0.0010000000474974513 12979
1767898401786 0.0010000000474974513 12989
1767898402523 0.0010000000474974513 12999
1767898403259 0.0010000000474974513 13009
1767898403996 0.0010000000474974513 13019
1767898404730 0.0010000000474974513 13029
1767898405467 0.0010000000474974513 13039
1767898406202 0.0010000000474974513 13049
1767898406938 0.0010000000474974513 13059
1767898407673 0.0010000000474974513 13069
1767898408408 0.0010000000474974513 13079
1767898409142 0.0010000000474974513 13089
1767898409877 0.0010000000474974513 13099
1767898410612 0.0010000000474974513 13109
1767898411348 0.0010000000474974513 13119
1767898412084 0.0010000000474974513 13129
1767898412818 0.0010000000474974513 13139
1767898413554 0.0010000000474974513 13149
1767898414289 0.0010000000474974513 13159
1767898415024 0.0010000000474974513 13169
1767898415762 0.0010000000474974513 13179
1767898416499 0.0010000000474974513 13189
1767898417233 0.0010000000474974513 13199
1767898417970 0.0010000000474974513 13209
1767898418705 0.0010000000474974513 13219
1767898419441 0.0010000000474974513 13229
1767898420176 0.0010000000474974513 13239
1767898420911 0.0010000000474974513 13249
1767898421649 0.0010000000474974513 13259
1767898422391 0.0010000000474974513 13269
1767898423127 0.0010000000474974513 13279
1767898423863 0.0010000000474974513 13289
1767898424598 0.0010000000474974513 13299
1767898425333 0.0010000000474974513 13309
1767898426070 0.0010000000474974513 13319
1767898426806 0.0010000000474974513 13329
1767898427540 0.0010000000474974513 13339
1767898428275 0.0010000000474974513 13349
1767898429009 0.0010000000474974513 13359
1767898479499 0.0010000000474974513 13369
1767898480235 0.0010000000474974513 13379
1767898480970 0.0010000000474974513 13389
1767898481707 0.0010000000474974513 13399
1767898482442 0.0010000000474974513 13409
1767898483177 0.0010000000474974513 13419
1767898483911 0.0010000000474974513 13429
1767898484644 0.0010000000474974513 13439
1767898485378 0.0010000000474974513 13449
1767898486110 0.0010000000474974513 13459
1767898539310 0.0010000000474974513 13469
1767898540048 0.0010000000474974513 13479
1767898540784 0.0010000000474974513 13489
1767898541520 0.0010000000474974513 13499
1767898542256 0.0010000000474974513 13509
1767898542993 0.0010000000474974513 13519
1767898543728 0.0010000000474974513 13529
1767898544462 0.0010000000474974513 13539
1767898545196 0.0010000000474974513 13549
1767898545929 0.0010000000474974513 13559
1767898546661 0.0010000000474974513 13569
1767898599964 0.0010000000474974513 13579
1767898600670 0.0010000000474974513 13589
1767898601376 0.0010000000474974513 13599
1767898602082 0.0010000000474974513 13609
1767898602789 0.0010000000474974513 13619
1767898603493 0.0010000000474974513 13629
1767898604197 0.0010000000474974513 13639
1767898604905 0.0010000000474974513 13649
1767898605611 0.0010000000474974513 13659
1767898606317 0.0010000000474974513 13669
1767898659602 0.0010000000474974513 13679
1767898660308 0.0010000000474974513 13689
1767898661011 0.0010000000474974513 13699
1767898661716 0.0010000000474974513 13709
1767898662421 0.0010000000474974513 13719
1767898663125 0.0010000000474974513 13729
1767898663830 0.0010000000474974513 13739
1767898664533 0.0010000000474974513 13749
1767898665234 0.0010000000474974513 13759
1767898665936 0.0010000000474974513 13769
1767898666641 0.0010000000474974513 13779
1767898720018 0.0010000000474974513 13789
1767898720750 0.0010000000474974513 13799
1767898721484 0.0010000000474974513 13809
1767898722217 0.0010000000474974513 13819
1767898722950 0.0010000000474974513 13829
1767898723687 0.0010000000474974513 13839
1767898724420 0.0010000000474974513 13849
1767898725151 0.0010000000474974513 13859
1767898725885 0.0010000000474974513 13869
1767898726618 0.0010000000474974513 13879
1767898779682 0.0010000000474974513 13889
1767898780416 0.0010000000474974513 13899
1767898781151 0.0010000000474974513 13909
1767898781886 0.0010000000474974513 13919
1767898782619 0.0010000000474974513 13929
1767898783354 0.0010000000474974513 13939
1767898784089 0.0010000000474974513 13949
1767898784822 0.0010000000474974513 13959
1767898785555 0.0010000000474974513 13969
1767898786285 0.0010000000474974513 13979
1767898787016 0.0010000000474974513 13989
1767898839968 0.0010000000474974513 13999
1767898840702 0.0010000000474974513 14009
1767898841436 0.0010000000474974513 14019
1767898842169 0.0010000000474974513 14029
1767898842902 0.0010000000474974513 14039
1767898843636 0.0010000000474974513 14049
1767898844371 0.0010000000474974513 14059
1767898845103 0.0010000000474974513 14069
1767898845844 0.0010000000474974513 14079
1767898846576 0.0010000000474974513 14089
1767898899699 0.0010000000474974513 14099
1767898900432 0.0010000000474974513 14109
1767898901166 0.0010000000474974513 14119
1767898901901 0.0010000000474974513 14129
1767898902633 0.0010000000474974513 14139
1767898903367 0.0010000000474974513 14149
1767898904100 0.0010000000474974513 14159
1767898904836 0.0010000000474974513 14169
1767898905570 0.0010000000474974513 14179
1767898906302 0.0010000000474974513 14189
1767898959574 0.0010000000474974513 14199
1767898960310 0.0010000000474974513 14209
1767898961045 0.0010000000474974513 14219
1767898961780 0.0010000000474974513 14229
1767898962516 0.0010000000474974513 14239
1767898963251 0.0010000000474974513 14249
1767898963986 0.0010000000474974513 14259
1767898964720 0.0010000000474974513 14269
1767898965453 0.0010000000474974513 14279
1767898966185 0.0010000000474974513 14289
1767898966919 0.0010000000474974513 14299
1767899019998 0.0010000000474974513 14309
1767899020733 0.0010000000474974513 14319
1767899021466 0.0010000000474974513 14329
1767899022203 0.0010000000474974513 14339
1767899022937 0.0010000000474974513 14349
1767899023670 0.0010000000474974513 14359
1767899024403 0.0010000000474974513 14369
1767899025135 0.0010000000474974513 14379
1767899025869 0.0010000000474974513 14389
1767899026600 0.0010000000474974513 14399
1767899440153 0.0006500000017695129 14409
1767899440888 0.0006500000017695129 14419
1767899441622 0.0006500000017695129 14429
1767899442355 0.0006500000017695129 14439
1767899443089 0.0006500000017695129 14449
1767899443823 0.0006500000017695129 14459
1767899444557 0.0006500000017695129 14469
1767899445289 0.0006500000017695129 14479
1767899446022 0.0006500000017695129 14489
1767899446756 0.0006500000017695129 14499
1767899499934 0.0006500000017695129 14509
1767899500668 0.0006500000017695129 14519
1767899501400 0.0006500000017695129 14529
1767899502132 0.0006500000017695129 14539
1767899502864 0.0006500000017695129 14549
1767899503597 0.0006500000017695129 14559
1767899504330 0.0006500000017695129 14569
1767899505061 0.0006500000017695129 14579
1767899505795 0.0006500000017695129 14589
1767899506527 0.0006500000017695129 14599
1767899559664 0.0006500000017695129 14609
1767899560398 0.0006500000017695129 14619
1767899561131 0.0006500000017695129 14629
1767899561866 0.0006500000017695129 14639
1767899562600 0.0006500000017695129 14649
1767899563333 0.0006500000017695129 14659
1767899564067 0.0006500000017695129 14669
1767899564800 0.0006500000017695129 14679
1767899565534 0.0006500000017695129 14689
1767899566267 0.0006500000017695129 14699
1767899619321 0.0006500000017695129 14709
1767899620059 0.0006500000017695129 14719
1767899620792 0.0006500000017695129 14729
1767899621527 0.0006500000017695129 14739
1767899622260 0.0006500000017695129 14749
1767899622993 0.0006500000017695129 14759
1767899623727 0.0006500000017695129 14769
1767899624460 0.0006500000017695129 14779
1767899625192 0.0006500000017695129 14789
1767899625925 0.0006500000017695129 14799
1767899626656 0.0006500000017695129 14809
1767899679702 0.0006500000017695129 14819
1767899680435 0.0006500000017695129 14829
1767899681169 0.0006500000017695129 14839
1767899681902 0.0006500000017695129 14849
1767899682635 0.0006500000017695129 14859
1767899683368 0.0006500000017695129 14869
1767899684101 0.0006500000017695129 14879
1767899684834 0.0006500000017695129 14889
1767899685568 0.0006500000017695129 14899
1767899686300 0.0006500000017695129 14909
1767899739390 0.0006500000017695129 14919
1767899740126 0.0006500000017695129 14929
1767899740860 0.0006500000017695129 14939
1767899741593 0.0006500000017695129 14949
1767899742327 0.0006500000017695129 14959
1767899743060 0.0006500000017695129 14969
1767899743795 0.0006500000017695129 14979
1767899744530 0.0006500000017695129 14989
1767899745262 0.0006500000017695129 14999
1767899745994 0.0006500000017695129 15009
1767899746727 0.0006500000017695129 15019
1767899799758 0.0006500000017695129 15029
1767899800493 0.0006500000017695129 15039
1767899801226 0.0006500000017695129 15049
1767899801959 0.0006500000017695129 15059
1767899802693 0.0006500000017695129 15069
1767899803427 0.0006500000017695129 15079
1767899804161 0.0006500000017695129 15089
1767899804894 0.0006500000017695129 15099
1767899805626 0.0006500000017695129 15109
1767899806360 0.0006500000017695129 15119
1767899859569 0.0006500000017695129 15129
1767899860304 0.0006500000017695129 15139
1767899861039 0.0006500000017695129 15149
1767899861774 0.0006500000017695129 15159
1767899862508 0.0006500000017695129 15169
1767899863242 0.0006500000017695129 15179
1767899863976 0.0006500000017695129 15189
1767899864708 0.0006500000017695129 15199
1767899865440 0.0006500000017695129 15209
1767899866174 0.0006500000017695129 15219
1767899866906 0.0006500000017695129 15229
1767899919979 0.0006500000017695129 15239
1767899920713 0.0006500000017695129 15249
1767899921449 0.0006500000017695129 15259
1767899922185 0.0006500000017695129 15269
1767899922920 0.0006500000017695129 15279
1767899923657 0.0006500000017695129 15289
1767899924392 0.0006500000017695129 15299
1767899925124 0.0006500000017695129 15309
1767899925859 0.0006500000017695129 15319
1767899926592 0.0006500000017695129 15329
1767899979747 0.0006500000017695129 15339
1767899980481 0.0006500000017695129 15349
1767899981217 0.0006500000017695129 15359
1767899981951 0.0006500000017695129 15369
1767899982684 0.0006500000017695129 15379
1767899983420 0.0006500000017695129 15389
1767899984154 0.0006500000017695129 15399
1767899984888 0.0006500000017695129 15409
1767899985623 0.0006500000017695129 15419
1767899986354 0.0006500000017695129 15429
1767900039440 0.0006500000017695129 15439
1767900040175 0.0006500000017695129 15449
1767900040910 0.0006500000017695129 15459
1767900041643 0.0006500000017695129 15469
1767900042375 0.0006500000017695129 15479
1767900043109 0.0006500000017695129 15489
1767900043842 0.0006500000017695129 15499
1767900044575 0.0006500000017695129 15509
1767900045308 0.0006500000017695129 15519
1767900046041 0.0006500000017695129 15529
1767900046772 0.0006500000017695129 15539
1767900099851 0.0006500000017695129 15549
1767900100586 0.0006500000017695129 15559
1767900101320 0.0006500000017695129 15569
1767900102054 0.0006500000017695129 15579
1767900102788 0.0006500000017695129 15589
1767900103522 0.0006500000017695129 15599
1767900104254 0.0006500000017695129 15609
1767900104987 0.0006500000017695129 15619
1767900105720 0.0006500000017695129 15629
1767900106451 0.0006500000017695129 15639
1767900159619 0.0006500000017695129 15649
1767900160353 0.0006500000017695129 15659
1767900161087 0.0006500000017695129 15669
1767900161821 0.0006500000017695129 15679
1767900162555 0.0006500000017695129 15689
1767900163288 0.0006500000017695129 15699
1767900164022 0.0006500000017695129 15709
1767900164756 0.0006500000017695129 15719
1767900165488 0.0006500000017695129 15729
1767900166221 0.0006500000017695129 15739
1767900166955 0.0006500000017695129 15749
1767900220055 0.0006500000017695129 15759
1767900220790 0.0006500000017695129 15769
1767900221525 0.0006500000017695129 15779
1767900222261 0.0006500000017695129 15789
1767900222996 0.0006500000017695129 15799
1767900223730 0.0006500000017695129 15809
1767900224466 0.0006500000017695129 15819
1767900225200 0.0006500000017695129 15829
1767900225932 0.0006500000017695129 15839
1767900639529 0.0006500000017695129 15849
1767900640264 0.0006500000017695129 15859
1767900640996 0.0006500000017695129 15869
1767900641728 0.0006500000017695129 15879
1767900642460 0.0006500000017695129 15889
1767900643191 0.0006500000017695129 15899
1767900643923 0.0006500000017695129 15909
1767900644656 0.0006500000017695129 15919
1767900645388 0.0006500000017695129 15929
1767900646122 0.0006500000017695129 15939
1767900646854 0.0006500000017695129 15949
1767900699992 0.0006500000017695129 15959
1767900700726 0.0006500000017695129 15969
1767900701460 0.0006500000017695129 15979
1767900702194 0.0006500000017695129 15989
1767900702928 0.0006500000017695129 15999
1767900703660 0.0006500000017695129 16009
1767900704394 0.0006500000017695129 16019
1767900705127 0.0006500000017695129 16029
1767900705861 0.0006500000017695129 16039
1767900706594 0.0006500000017695129 16049
1767900759688 0.0006500000017695129 16059
1767900760420 0.0006500000017695129 16069
1767900761155 0.0006500000017695129 16079
1767900761890 0.0006500000017695129 16089
1767900762624 0.0006500000017695129 16099
1767900763358 0.0006500000017695129 16109
1767900764092 0.0006500000017695129 16119
1767900764824 0.0006500000017695129 16129
1767900765557 0.0006500000017695129 16139
1767900766289 0.0006500000017695129 16149
1767900767021 0.0006500000017695129 16159
1767900819981 0.0006500000017695129 16169
1767900820714 0.0006500000017695129 16179
1767900821448 0.0006500000017695129 16189
1767900822181 0.0006500000017695129 16199
1767900822914 0.0006500000017695129 16209
1767900823647 0.0006500000017695129 16219
1767900824380 0.0006500000017695129 16229
1767900825112 0.0006500000017695129 16239
1767900825847 0.0006500000017695129 16249
1767900826578 0.0006500000017695129 16259
1767900879711 0.0006500000017695129 16269
1767900880443 0.0006500000017695129 16279
1767900881181 0.0006500000017695129 16289
1767900881914 0.0006500000017695129 16299
1767900882646 0.0006500000017695129 16309
1767900883380 0.0006500000017695129 16319
1767900884113 0.0006500000017695129 16329
1767900884844 0.0006500000017695129 16339
1767900885579 0.0006500000017695129 16349
1767900886310 0.0006500000017695129 16359
1767900939411 0.0006500000017695129 16369
1767900940144 0.0006500000017695129 16379
1767900940879 0.0006500000017695129 16389
1767900941613 0.0006500000017695129 16399
1767900942346 0.0006500000017695129 16409
1767900943080 0.0006500000017695129 16419
1767900943812 0.0006500000017695129 16429
1767900944544 0.0006500000017695129 16439
1767900945285 0.0006500000017695129 16449
1767900946016 0.0006500000017695129 16459
1767900946750 0.0006500000017695129 16469
1767900999861 0.0006500000017695129 16479
1767901000597 0.0006500000017695129 16489
1767901001331 0.0006500000017695129 16499
1767901002065 0.0006500000017695129 16509
1767901002800 0.0006500000017695129 16519
1767901003533 0.0006500000017695129 16529
1767901004267 0.0006500000017695129 16539
1767901005000 0.0006500000017695129 16549
1767901005734 0.0006500000017695129 16559
1767901006467 0.0006500000017695129 16569
1767901059601 0.0006500000017695129 16579
1767901060336 0.0006500000017695129 16589
1767901061069 0.0006500000017695129 16599
1767901061803 0.0006500000017695129 16609
1767901062536 0.0006500000017695129 16619
1767901063268 0.0006500000017695129 16629
1767901064003 0.0006500000017695129 16639
1767901064736 0.0006500000017695129 16649
1767901065475 0.0006500000017695129 16659
1767901066207 0.0006500000017695129 16669
1767901119319 0.0006500000017695129 16679
1767901120057 0.0006500000017695129 16689
1767901120792 0.0006500000017695129 16699
1767901121526 0.0006500000017695129 16709
1767901122259 0.0006500000017695129 16719
1767901122991 0.0006500000017695129 16729
1767901123725 0.0006500000017695129 16739
1767901124457 0.0006500000017695129 16749
1767901125188 0.0006500000017695129 16759
1767901125921 0.0006500000017695129 16769
1767901126652 0.0006500000017695129 16779
1767901179795 0.0006500000017695129 16789
1767901180528 0.0006500000017695129 16799
1767901181262 0.0006500000017695129 16809
1767901181997 0.0006500000017695129 16819
1767901182730 0.0006500000017695129 16829
1767901183464 0.0006500000017695129 16839
1767901184198 0.0006500000017695129 16849
1767901184930 0.0006500000017695129 16859
1767901185665 0.0006500000017695129 16869
1767901186397 0.0006500000017695129 16879
1767901239465 0.0006500000017695129 16889
1767901240199 0.0006500000017695129 16899
1767901240934 0.0006500000017695129 16909
1767901241668 0.0006500000017695129 16919
1767901242402 0.0006500000017695129 16929
1767901243136 0.0006500000017695129 16939
1767901243869 0.0006500000017695129 16949
1767901244601 0.0006500000017695129 16959
1767901245334 0.0006500000017695129 16969
1767901246066 0.0006500000017695129 16979
1767901246798 0.0006500000017695129 16989
1767901299824 0.0006500000017695129 16999
1767901300558 0.0006500000017695129 17009
1767901301292 0.0006500000017695129 17019
1767901302025 0.0006500000017695129 17029
1767901302759 0.0006500000017695129 17039
1767901303491 0.0006500000017695129 17049
1767901304224 0.0006500000017695129 17059
1767901304958 0.0006500000017695129 17069
1767901305691 0.0006500000017695129 17079
1767901306423 0.0006500000017695129 17089
1767901359648 0.0006500000017695129 17099
1767901360382 0.0006500000017695129 17109
1767901361113 0.0006500000017695129 17119
1767901361844 0.0006500000017695129 17129
1767901362578 0.0006500000017695129 17139
1767901363313 0.0006500000017695129 17149
1767901364045 0.0006500000017695129 17159
1767901364778 0.0006500000017695129 17169
1767901365510 0.0006500000017695129 17179
1767901366242 0.0006500000017695129 17189
1767901366976 0.0006500000017695129 17199
1767901420066 0.0006500000017695129 17209
1767901420800 0.0006500000017695129 17219
1767901421535 0.0006500000017695129 17229
1767901422268 0.0006500000017695129 17239
1767901423002 0.0006500000017695129 17249
1767901423734 0.0006500000017695129 17259
1767901424469 0.0006500000017695129 17269
1767901425199 0.0006500000017695129 17279
1767901782202 0.0006500000017695129 17289
1767901839601 0.0006500000017695129 17299
1767901840336 0.0006500000017695129 17309
1767901841072 0.0006500000017695129 17319
1767901841807 0.0006500000017695129 17329
1767901842541 0.0006500000017695129 17339
1767901843275 0.0006500000017695129 17349
1767901844008 0.0006500000017695129 17359
1767901844744 0.0006500000017695129 17369
1767901845480 0.0006500000017695129 17379
1767901846215 0.0006500000017695129 17389
1767901846949 0.0006500000017695129 17399
1767901899855 0.0006500000017695129 17409
1767901900589 0.0006500000017695129 17419
1767901901323 0.0006500000017695129 17429
1767901902059 0.0006500000017695129 17439
1767901902794 0.0006500000017695129 17449
1767901903528 0.0006500000017695129 17459
1767901904264 0.0006500000017695129 17469
1767901904996 0.0006500000017695129 17479
1767901905730 0.0006500000017695129 17489
1767901906467 0.0006500000017695129 17499
1767901959568 0.0006500000017695129 17509
1767901960303 0.0006500000017695129 17519
1767901961037 0.0006500000017695129 17529
1767901961772 0.0006500000017695129 17539
1767901962507 0.0006500000017695129 17549
1767901963241 0.0006500000017695129 17559
1767901963976 0.0006500000017695129 17569
1767901964710 0.0006500000017695129 17579
1767901965443 0.0006500000017695129 17589
1767901966176 0.0006500000017695129 17599
1767901966911 0.0006500000017695129 17609
1767902019971 0.0006500000017695129 17619
1767902020707 0.0006500000017695129 17629
1767902021442 0.0006500000017695129 17639
1767902022176 0.0006500000017695129 17649
1767902022909 0.0006500000017695129 17659
1767902023644 0.0006500000017695129 17669
1767902024378 0.0006500000017695129 17679
1767902025110 0.0006500000017695129 17689
1767902025845 0.0006500000017695129 17699
1767902026577 0.0006500000017695129 17709
1767902037784 0.0006500000017695129 17719
1767902038521 0.0006500000017695129 17729
1767902039259 0.0006500000017695129 17739
1767902039995 0.0006500000017695129 17749
1767902040730 0.0006500000017695129 17759
1767902041465 0.0006500000017695129 17769
1767902042203 0.0006500000017695129 17779
1767902042940 0.0006500000017695129 17789
1767902043677 0.0006500000017695129 17799
1767902044412 0.0006500000017695129 17809
1767902045150 0.0006500000017695129 17819
1767902045887 0.0006500000017695129 17829
1767902046621 0.0006500000017695129 17839
1767902047357 0.0006500000017695129 17849
1767902048094 0.0006500000017695129 17859
1767902048829 0.0006500000017695129 17869
1767902049564 0.0006500000017695129 17879
