1768074682964 0.0 9
1768074683696 0.0 19
1768074684431 0.0 29
1768074685164 0.0 39
1768074685899 0.0 49
1768074686632 0.0 59
1768074687367 0.0 69
1768074688100 0.0 79
1768074688832 0.0 89
1768074689565 0.0 99
1768074690298 0.0 109
1768074691033 0.0 119
1768074691767 0.0 129
1768074692501 0.0 139
1768074693236 0.0 149
1768074693971 0.0 159
1768074694705 0.0 169
1768074695439 0.0 179
1768074696175 0.0 189
1768074696910 0.0 199
1768074697647 0.0 209
1768074698383 0.0 219
1768074699117 0.0 229
1768074699851 0.0 239
1768074700587 0.0 249
1768074701322 0.0 259
1768074702057 0.0 269
1768074702793 0.0 279
1768074703527 0.0 289
1768074704263 0.0 299
1768074704998 0.0 309
1768074705734 0.0 319
1768074706469 0.0 329
1768074707203 0.0 339
1768074707939 0.0 349
1768074708675 0.0 359
1768074709408 0.0 369
1768074710145 0.0 379
1768074710880 0.0 389
1768074711614 0.0 399
1768074712350 0.0 409
1768074713086 0.0 419
1768074713821 0.0 429
1768074714556 0.0 439
1768074715291 0.0 449
1768074716025 0.0 459
1768074716760 0.0 469
1768074717494 0.0 479
1768074718230 0.0 489
1768074718967 0.0 499
1768074719700 0.0 509
1768074720435 0.0 519
1768074721170 0.0 529
1768074721905 0.0 539
1768074722639 0.0 549
1768074723374 0.0 559
1768074724111 0.0 569
1768074724846 0.0 579
1768074725580 0.0 589
1768074726314 0.0 599
1768074727048 0.0 609
1768074727781 0.0 619
1768074728517 0.0 629
1768074729252 0.0 639
1768074729987 0.0 649
1768074730722 0.0 659
1768074731458 0.0 669
1768074732193 0.0 679
1768074732928 0.0 689
1768074733664 0.0 699
1768074734401 0.0 709
1768074735137 0.0 719
1768074735872 0.0 729
1768074736610 0.0 739
1768074737347 0.0 749
1768074738081 0.0 759
1768074738815 0.0 769
1768074739551 0.0 779
1768074740285 0.0 789
1768074741018 0.0 799
1768074741755 0.0 809
1768074742491 0.0 819
1768074743226 0.0 829
1768074743960 0.0 839
1768074744695 0.0 849
1768074745429 0.0 859
1768074746163 0.0 869
1768074746899 0.0 879
1768074747636 0.0 889
1768074748374 0.0 899
1768074749109 0.0 909
1768074749847 0.0 919
1768074750583 0.0 929
1768074751318 0.0 939
1768074752050 0.0 949
1768074752785 0.0 959
1768074753521 0.0 969
1768074754256 0.0 979
1768074754990 0.0 989
1768074755726 0.0 999
1768074756462 0.0 1009
1768074757196 0.0 1019
1768074757932 0.0 1029
1768074758666 0.0 1039
1768074759402 0.0 1049
1768074760136 0.0 1059
1768074760873 0.0 1069
1768074761608 0.0 1079
1768074762344 0.0 1089
1768074763079 0.0 1099
1768074763813 0.0 1109
1768074764547 0.0 1119
1768074765281 0.0 1129
1768074766014 0.0 1139
1768074766749 0.0 1149
1768074767483 0.0 1159
1768074768218 0.0 1169
1768074768953 0.0 1179
1768074769691 0.0 1189
1768074770425 0.0 1199
1768074771160 0.0 1209
1768074771896 0.0 1219
1768074772630 0.0 1229
1768074773365 0.0 1239
1768074774100 0.0 1249
1768074774834 0.0 1259
1768074775571 0.0 1269
1768074776307 0.0 1279
1768074777043 0.0 1289
1768074777778 0.0 1299
1768074778513 0.0 1309
1768074779249 0.0 1319
1768074779988 0.0 1329
1768074780723 0.0 1339
1768074781459 0.0 1349
1768074782194 0.0 1359
1768074782930 0.0 1369
1768074783664 0.0 1379
1768074784400 0.0 1389
1768074785136 0.0 1399
1768074785872 0.0 1409
1768074786607 0.0 1419
1768074787342 0.0 1429
1768074788078 0.0 1439
1768074960903 0.0 1439
1768074961182 0.0 1439
1768074961983 1.0 1449
1768074962720 1.0 1459
1768074963457 1.0 1469
1768074964193 1.0 1479
1768074964931 1.0 1489
1768074965665 1.0 1499
1768074966405 1.0 1509
1768074967142 1.0 1519
1768074967879 1.0 1529
1768074968616 1.0 1539
1768074969354 1.0 1549
1768074970089 1.0 1559
1768074970825 1.0 1569
1768074971561 1.0 1579
1768074972298 1.0 1589
1768074973034 1.0 1599
1768074973770 1.0 1609
1768074974507 1.0 1619
1768074975243 1.0 1629
1768074975980 1.0 1639
1768074976718 1.0 1649
1768074977457 1.0 1659
1768074978196 1.0 1669
1768074978931 1.0 1679
1768074979668 1.0 1689
1768074980404 1.0 1699
1768074981141 1.0 1709
1768074981876 1.0 1719
1768074982614 1.0 1729
1768074983351 1.0 1739
1768074984086 1.0 1749
1768074984822 1.0 1759
1768074985557 1.0 1769
1768074986294 1.0 1779
1768074987030 1.0 1789
1768074987766 1.0 1799
1768074988501 1.0 1809
1768074989236 1.0 1819
1768074989972 1.0 1829
1768074990708 1.0 1839
1768074991446 1.0 1849
1768074992181 1.0 1859
1768074992916 1.0 1869
1768074993653 1.0 1879
1768074994387 1.0 1889
1768074995122 1.0 1899
1768074995859 1.0 1909
1768074996593 1.0 1919
1768074997327 1.0 1929
1768074998062 1.0 1939
1768074998796 1.0 1949
1768074999531 1.0 1959
1768075000266 1.0 1969
1768075001001 1.0 1979
1768075001736 1.0 1989
1768075002471 1.0 1999
1768075003205 1.0 2009
1768075003941 1.0 2019
1768075004675 1.0 2029
1768075005409 1.0 2039
1768075006144 1.0 2049
1768075006879 1.0 2059
1768075007617 1.0 2069
1768075008353 1.0 2079
1768075009089 1.0 2089
1768075009826 1.0 2099
1768075010562 1.0 2109
1768075011297 1.0 2119
1768075012032 1.0 2129
1768075012766 1.0 2139
1768075013503 1.0 2149
1768075014238 1.0 2159
1768075014973 1.0 2169
1768075015709 1.0 2179
1768075016443 1.0 2189
1768075017180 1.0 2199
1768075017917 1.0 2209
1768075018651 1.0 2219
1768075019388 1.0 2229
1768075020125 1.0 2239
1768075020860 1.0 2249
1768075021597 1.0 2259
1768075022333 1.0 2269
1768075023069 1.0 2279
1768075023804 1.0 2289
1768075024539 1.0 2299
1768075025274 1.0 2309
1768075026008 1.0 2319
1768075026744 1.0 2329
1768075027478 1.0 2339
1768075028215 1.0 2349
1768075028949 1.0 2359
1768075029685 1.0 2369
1768075030420 1.0 2379
1768075031154 1.0 2389
1768075031888 1.0 2399
1768075032623 1.0 2409
1768075033358 1.0 2419
1768075034093 1.0 2429
1768075034827 1.0 2439
1768075035561 1.0 2449
1768075036297 1.0 2459
1768075037032 1.0 2469
1768075037767 1.0 2479
1768075038503 1.0 2489
1768075039236 1.0 2499
1768075039970 1.0 2509
1768075040704 1.0 2519
1768075041438 1.0 2529
1768075042171 1.0 2539
1768075042903 1.0 2549
1768075043638 1.0 2559
1768075044372 1.0 2569
1768075045105 1.0 2579
1768075045839 1.0 2589
1768075046574 1.0 2599
1768075047308 1.0 2609
1768075048043 1.0 2619
1768075048778 1.0 2629
1768075049513 1.0 2639
1768075050250 1.0 2649
1768075050986 1.0 2659
1768075051721 1.0 2669
1768075052456 1.0 2679
1768075053191 1.0 2689
1768075053927 1.0 2699
1768075054663 1.0 2709
1768075055398 1.0 2719
1768075056134 1.0 2729
1768075056871 1.0 2739
1768075057604 1.0 2749
1768075058340 1.0 2759
1768075059075 1.0 2769
1768075059812 1.0 2779
1768075060547 1.0 2789
1768075061281 1.0 2799
1768075062017 1.0 2809
1768075062753 1.0 2819
1768075063487 1.0 2829
1768075064225 1.0 2839
1768075064961 1.0 2849
1768075065694 1.0 2859
1768075066429 1.0 2869
1768075067163 1.0 2879
1768075230222 1.0 2879
1768075230309 1.0 2879
1768075231105 2.0 2889
1768075231840 2.0 2899
1768075232575 2.0 2909
1768075233309 2.0 2919
1768075234045 2.0 2929
1768075234780 2.0 2939
1768075235515 2.0 2949
1768075236251 2.0 2959
1768075236984 2.0 2969
1768075237719 2.0 2979
1768075238454 2.0 2989
1768075239187 2.0 2999
1768075239922 2.0 3009
1768075240658 2.0 3019
1768075241396 2.0 3029
1768075242133 2.0 3039
1768075242867 2.0 3049
1768075243602 2.0 3059
1768075244338 2.0 3069
1768075245072 2.0 3079
1768075245806 2.0 3089
1768075246543 2.0 3099
1768075247279 2.0 3109
1768075248015 2.0 3119
1768075248751 2.0 3129
1768075249486 2.0 3139
1768075250220 2.0 3149
1768075250954 2.0 3159
1768075251689 2.0 3169
1768075252422 2.0 3179
1768075253157 2.0 3189
1768075253892 2.0 3199
1768075254627 2.0 3209
1768075255360 2.0 3219
1768075256095 2.0 3229
1768075256831 2.0 3239
1768075257565 2.0 3249
1768075258301 2.0 3259
1768075259035 2.0 3269
1768075259770 2.0 3279
1768075260506 2.0 3289
1768075261240 2.0 3299
1768075261975 2.0 3309
1768075262711 2.0 3319
1768075263445 2.0 3329
1768075264182 2.0 3339
1768075264917 2.0 3349
1768075265651 2.0 3359
1768075266387 2.0 3369
1768075267122 2.0 3379
1768075267857 2.0 3389
1768075268595 2.0 3399
1768075269331 2.0 3409
1768075270069 2.0 3419
1768075270807 2.0 3429
1768075271544 2.0 3439
1768075272281 2.0 3449
1768075273016 2.0 3459
1768075273751 2.0 3469
1768075274485 2.0 3479
1768075275219 2.0 3489
1768075275955 2.0 3499
1768075276692 2.0 3509
1768075277426 2.0 3519
1768075278162 2.0 3529
1768075278897 2.0 3539
1768075279630 2.0 3549
1768075280366 2.0 3559
1768075281101 2.0 3569
1768075281835 2.0 3579
1768075282570 2.0 3589
1768075283306 2.0 3599
1768075284048 2.0 3609
1768075284785 2.0 3619
1768075285520 2.0 3629
1768075286256 2.0 3639
1768075286990 2.0 3649
1768075287726 2.0 3659
1768075288462 2.0 3669
1768075289197 2.0 3679
1768075289931 2.0 3689
1768075290666 2.0 3699
1768075291402 2.0 3709
1768075292137 2.0 3719
1768075292873 2.0 3729
1768075293608 2.0 3739
1768075294344 2.0 3749
1768075295081 2.0 3759
1768075295817 2.0 3769
1768075296554 2.0 3779
1768075297291 2.0 3789
1768075298028 2.0 3799
1768075298765 2.0 3809
1768075299502 2.0 3819
1768075300238 2.0 3829
1768075300974 2.0 3839
1768075301711 2.0 3849
1768075302448 2.0 3859
1768075303186 2.0 3869
1768075303923 2.0 3879
1768075304661 2.0 3889
1768075305400 2.0 3899
1768075306136 2.0 3909
1768075306873 2.0 3919
1768075307608 2.0 3929
1768075308342 2.0 3939
1768075309078 2.0 3949
1768075309814 2.0 3959
1768075310548 2.0 3969
1768075311283 2.0 3979
1768075312020 2.0 3989
1768075312757 2.0 3999
1768075313493 2.0 4009
1768075314226 2.0 4019
1768075314962 2.0 4029
1768075315696 2.0 4039
1768075316431 2.0 4049
1768075317166 2.0 4059
1768075317902 2.0 4069
1768075318637 2.0 4079
1768075319373 2.0 4089
1768075320110 2.0 4099
1768075320846 2.0 4109
1768075321583 2.0 4119
1768075322316 2.0 4129
1768075323052 2.0 4139
1768075323788 2.0 4149
1768075324521 2.0 4159
1768075325257 2.0 4169
1768075325994 2.0 4179
1768075326727 2.0 4189
1768075327462 2.0 4199
1768075328198 2.0 4209
1768075328934 2.0 4219
1768075329668 2.0 4229
1768075330404 2.0 4239
1768075331140 2.0 4249
1768075331876 2.0 4259
1768075332612 2.0 4269
1768075333347 2.0 4279
1768075334083 2.0 4289
1768075334820 2.0 4299
1768075335555 2.0 4309
1768075336289 2.0 4319
1768075494344 2.0 4319
1768075494429 2.0 4319
1768075495230 3.0 4329
1768075495964 3.0 4339
1768075496700 3.0 4349
1768075497434 3.0 4359
1768075498169 3.0 4369
1768075498903 3.0 4379
1768075499637 3.0 4389
1768075500372 3.0 4399
1768075501106 3.0 4409
1768075501843 3.0 4419
1768075502579 3.0 4429
1768075503312 3.0 4439
1768075504049 3.0 4449
1768075504784 3.0 4459
1768075505518 3.0 4469
1768075506252 3.0 4479
1768075506988 3.0 4489
1768075507723 3.0 4499
1768075508457 3.0 4509
1768075509191 3.0 4519
1768075509927 3.0 4529
1768075510663 3.0 4539
1768075511397 3.0 4549
1768075512133 3.0 4559
1768075512870 3.0 4569
1768075513605 3.0 4579
1768075514341 3.0 4589
1768075515077 3.0 4599
1768075515813 3.0 4609
1768075516548 3.0 4619
1768075517283 3.0 4629
1768075518018 3.0 4639
1768075518754 3.0 4649
1768075519490 3.0 4659
1768075520229 3.0 4669
1768075520965 3.0 4679
1768075521701 3.0 4689
1768075522438 3.0 4699
1768075523174 3.0 4709
1768075523908 3.0 4719
1768075524643 3.0 4729
1768075525378 3.0 4739
1768075526112 3.0 4749
1768075526848 3.0 4759
1768075527583 3.0 4769
1768075528319 3.0 4779
1768075529054 3.0 4789
1768075529788 3.0 4799
1768075530523 3.0 4809
1768075531259 3.0 4819
1768075531994 3.0 4829
1768075532730 3.0 4839
1768075533465 3.0 4849
1768075534199 3.0 4859
1768075534933 3.0 4869
1768075535668 3.0 4879
1768075536404 3.0 4889
1768075537140 3.0 4899
1768075537873 3.0 4909
1768075538608 3.0 4919
1768075539344 3.0 4929
1768075540079 3.0 4939
1768075540813 3.0 4949
1768075541549 3.0 4959
1768075542283 3.0 4969
1768075543020 3.0 4979
1768075543757 3.0 4989
1768075544493 3.0 4999
1768075545234 3.0 5009
1768075545970 3.0 5019
1768075546705 3.0 5029
1768075547440 3.0 5039
1768075548176 3.0 5049
1768075548912 3.0 5059
1768075549649 3.0 5069
1768075550383 3.0 5079
1768075551119 3.0 5089
1768075551856 3.0 5099
1768075552590 3.0 5109
1768075553325 3.0 5119
1768075554061 3.0 5129
1768075554796 3.0 5139
1768075555532 3.0 5149
1768075556267 3.0 5159
1768075557003 3.0 5169
1768075557740 3.0 5179
1768075558474 3.0 5189
1768075559210 3.0 5199
1768075559945 3.0 5209
1768075560680 3.0 5219
1768075561415 3.0 5229
1768075562150 3.0 5239
1768075562886 3.0 5249
1768075563621 3.0 5259
1768075564354 3.0 5269
1768075565090 3.0 5279
1768075565825 3.0 5289
1768075566560 3.0 5299
1768075567295 3.0 5309
1768075568030 3.0 5319
1768075568764 3.0 5329
1768075569499 3.0 5339
1768075570234 3.0 5349
1768075570968 3.0 5359
1768075571705 3.0 5369
1768075572438 3.0 5379
1768075573173 3.0 5389
1768075573909 3.0 5399
1768075574644 3.0 5409
1768075575380 3.0 5419
1768075576118 3.0 5429
1768075576853 3.0 5439
1768075577587 3.0 5449
1768075578322 3.0 5459
1768075579057 3.0 5469
1768075579794 3.0 5479
1768075580529 3.0 5489
1768075581264 3.0 5499
1768075582001 3.0 5509
1768075582738 3.0 5519
1768075583474 3.0 5529
1768075584209 3.0 5539
1768075584945 3.0 5549
1768075585681 3.0 5559
1768075586416 3.0 5569
1768075587151 3.0 5579
1768075587886 3.0 5589
1768075588622 3.0 5599
1768075589357 3.0 5609
1768075590093 3.0 5619
1768075590828 3.0 5629
1768075591563 3.0 5639
1768075592299 3.0 5649
1768075593034 3.0 5659
1768075593770 3.0 5669
1768075594506 3.0 5679
1768075595242 3.0 5689
1768075595979 3.0 5699
1768075596716 3.0 5709
1768075597450 3.0 5719
1768075598187 3.0 5729
1768075598921 3.0 5739
1768075599656 3.0 5749
1768075600391 3.0 5759
1768075758768 3.0 5759
1768075758857 3.0 5759
1768075759669 4.0 5769
1768075760404 4.0 5779
1768075761138 4.0 5789
1768075761874 4.0 5799
1768075762609 4.0 5809
1768075763344 4.0 5819
1768075764082 4.0 5829
1768075764817 4.0 5839
1768075765554 4.0 5849
1768075766289 4.0 5859
1768075767024 4.0 5869
1768075767762 4.0 5879
1768075768500 4.0 5889
1768075769237 4.0 5899
1768075769973 4.0 5909
1768075770708 4.0 5919
1768075771442 4.0 5929
1768075772178 4.0 5939
1768075772912 4.0 5949
1768075773648 4.0 5959
1768075774383 4.0 5969
1768075775118 4.0 5979
1768075775853 4.0 5989
1768075776588 4.0 5999
1768075777323 4.0 6009
1768075778062 4.0 6019
1768075778798 4.0 6029
1768075779533 4.0 6039
1768075780269 4.0 6049
1768075781004 4.0 6059
1768075781740 4.0 6069
1768075782476 4.0 6079
1768075783210 4.0 6089
1768075783947 4.0 6099
1768075784682 4.0 6109
1768075785416 4.0 6119
1768075786152 4.0 6129
1768075786888 4.0 6139
1768075787625 4.0 6149
1768075788365 4.0 6159
1768075789102 4.0 6169
1768075789836 4.0 6179
1768075790573 4.0 6189
1768075791309 4.0 6199
1768075792048 4.0 6209
1768075792785 4.0 6219
1768075793524 4.0 6229
1768075794261 4.0 6239
1768075794994 4.0 6249
1768075795729 4.0 6259
1768075796465 4.0 6269
1768075797200 4.0 6279
1768075797934 4.0 6289
1768075798671 4.0 6299
1768075799406 4.0 6309
1768075800145 4.0 6319
1768075800880 4.0 6329
1768075801615 4.0 6339
1768075802350 4.0 6349
1768075803084 4.0 6359
1768075803818 4.0 6369
1768075804553 4.0 6379
1768075805287 4.0 6389
1768075806020 4.0 6399
1768075806756 4.0 6409
1768075807490 4.0 6419
1768075808226 4.0 6429
1768075808963 4.0 6439
1768075809699 4.0 6449
1768075810435 4.0 6459
1768075811169 4.0 6469
1768075811904 4.0 6479
1768075812639 4.0 6489
1768075813372 4.0 6499
1768075814106 4.0 6509
1768075814842 4.0 6519
1768075815575 4.0 6529
1768075816310 4.0 6539
1768075817047 4.0 6549
1768075817783 4.0 6559
1768075818517 4.0 6569
1768075819252 4.0 6579
1768075819987 4.0 6589
1768075820722 4.0 6599
1768075821457 4.0 6609
1768075822192 4.0 6619
1768075822929 4.0 6629
1768075823663 4.0 6639
1768075824397 4.0 6649
1768075825132 4.0 6659
1768075825866 4.0 6669
1768075826603 4.0 6679
1768075827338 4.0 6689
1768075828073 4.0 6699
1768075828808 4.0 6709
1768075829543 4.0 6719
1768075830278 4.0 6729
1768075831016 4.0 6739
1768075831752 4.0 6749
1768075832486 4.0 6759
1768075833222 4.0 6769
1768075833956 4.0 6779
1768075834691 4.0 6789
1768075835426 4.0 6799
1768075836162 4.0 6809
1768075836899 4.0 6819
1768075837634 4.0 6829
1768075838369 4.0 6839
1768075839106 4.0 6849
1768075839841 4.0 6859
1768075840575 4.0 6869
1768075841310 4.0 6879
1768075842044 4.0 6889
1768075842779 4.0 6899
1768075843515 4.0 6909
1768075844249 4.0 6919
1768075844985 4.0 6929
1768075845720 4.0 6939
1768075846454 4.0 6949
1768075847193 4.0 6959
1768075847929 4.0 6969
1768075848663 4.0 6979
1768075849400 4.0 6989
1768075850136 4.0 6999
1768075850871 4.0 7009
1768075851607 4.0 7019
1768075852341 4.0 7029
1768075853077 4.0 7039
1768075853813 4.0 7049
1768075854547 4.0 7059
1768075855283 4.0 7069
1768075856018 4.0 7079
1768075856752 4.0 7089
1768075857489 4.0 7099
1768075858224 4.0 7109
1768075858959 4.0 7119
1768075859696 4.0 7129
1768075860430 4.0 7139
1768075861165 4.0 7149
1768075861901 4.0 7159
1768075862637 4.0 7169
1768075863375 4.0 7179
1768075864109 4.0 7189
1768075864843 4.0 7199
1768076021571 4.0 7199
1768076021573 4.0 7199
1768076022377 5.0 7209
1768076023113 5.0 7219
1768076023848 5.0 7229
1768076024583 5.0 7239
1768076025319 5.0 7249
1768076026053 5.0 7259
1768076026790 5.0 7269
1768076027526 5.0 7279
1768076028260 5.0 7289
1768076028995 5.0 7299
1768076029729 5.0 7309
1768076030463 5.0 7319
1768076031201 5.0 7329
1768076031937 5.0 7339
1768076032672 5.0 7349
1768076033409 5.0 7359
1768076034143 5.0 7369
1768076034879 5.0 7379
1768076035617 5.0 7389
1768076036354 5.0 7399
1768076037092 5.0 7409
1768076037831 5.0 7419
1768076038568 5.0 7429
1768076039307 5.0 7439
1768076040042 5.0 7449
1768076040778 5.0 7459
1768076041516 5.0 7469
1768076042252 5.0 7479
1768076042989 5.0 7489
1768076043725 5.0 7499
1768076044460 5.0 7509
1768076045195 5.0 7519
1768076045930 5.0 7529
1768076046665 5.0 7539
1768076047402 5.0 7549
1768076048140 5.0 7559
1768076048876 5.0 7569
1768076049613 5.0 7579
1768076050349 5.0 7589
1768076051087 5.0 7599
1768076051824 5.0 7609
1768076052560 5.0 7619
1768076053295 5.0 7629
1768076054030 5.0 7639
1768076054763 5.0 7649
1768076055499 5.0 7659
1768076056234 5.0 7669
1768076056968 5.0 7679
1768076057703 5.0 7689
1768076058437 5.0 7699
1768076059172 5.0 7709
1768076059908 5.0 7719
1768076060642 5.0 7729
1768076061378 5.0 7739
1768076062113 5.0 7749
1768076062846 5.0 7759
1768076063581 5.0 7769
1768076064316 5.0 7779
1768076065050 5.0 7789
1768076065785 5.0 7799
1768076066519 5.0 7809
1768076067256 5.0 7819
1768076067992 5.0 7829
1768076068727 5.0 7839
1768076069462 5.0 7849
1768076070198 5.0 7859
1768076070933 5.0 7869
1768076071668 5.0 7879
1768076072404 5.0 7889
1768076073138 5.0 7899
1768076073874 5.0 7909
1768076074608 5.0 7919
1768076075342 5.0 7929
1768076076078 5.0 7939
1768076076812 5.0 7949
1768076077546 5.0 7959
1768076078284 5.0 7969
1768076079020 5.0 7979
1768076079757 5.0 7989
1768076080660 5.0 7999
1768076081393 5.0 8009
1768076082129 5.0 8019
1768076082863 5.0 8029
1768076083597 5.0 8039
1768076084332 5.0 8049
1768076085067 5.0 8059
1768076085802 5.0 8069
1768076086537 5.0 8079
1768076087271 5.0 8089
1768076088006 5.0 8099
1768076088741 5.0 8109
1768076089476 5.0 8119
1768076090210 5.0 8129
1768076090945 5.0 8139
1768076091681 5.0 8149
1768076092420 5.0 8159
1768076093155 5.0 8169
1768076093891 5.0 8179
1768076094626 5.0 8189
1768076095360 5.0 8199
1768076096095 5.0 8209
1768076096829 5.0 8219
1768076097567 5.0 8229
1768076098302 5.0 8239
1768076099037 5.0 8249
1768076099772 5.0 8259
1768076100510 5.0 8269
1768076101244 5.0 8279
1768076101980 5.0 8289
1768076102717 5.0 8299
1768076103451 5.0 8309
1768076104186 5.0 8319
1768076104924 5.0 8329
1768076105659 5.0 8339
1768076106394 5.0 8349
1768076107131 5.0 8359
1768076107866 5.0 8369
1768076108602 5.0 8379
1768076109339 5.0 8389
1768076110074 5.0 8399
1768076110821 5.0 8409
1768076111557 5.0 8419
1768076112292 5.0 8429
1768076113027 5.0 8439
1768076113761 5.0 8449
1768076114497 5.0 8459
1768076115234 5.0 8469
1768076115969 5.0 8479
1768076116705 5.0 8489
1768076117440 5.0 8499
1768076118176 5.0 8509
1768076118917 5.0 8519
1768076119652 5.0 8529
1768076120389 5.0 8539
1768076121124 5.0 8549
1768076121860 5.0 8559
1768076122600 5.0 8569
1768076123337 5.0 8579
1768076124072 5.0 8589
1768076124808 5.0 8599
1768076125544 5.0 8609
1768076126280 5.0 8619
1768076127017 5.0 8629
1768076127753 5.0 8639
1768076283885 5.0 8639
1768076283887 5.0 8639
1768076284689 6.0 8649
1768076285424 6.0 8659
1768076286157 6.0 8669
1768076286891 6.0 8679
1768076287626 6.0 8689
1768076288360 6.0 8699
1768076289097 6.0 8709
1768076289831 6.0 8719
1768076290565 6.0 8729
1768076291300 6.0 8739
1768076292036 6.0 8749
1768076292770 6.0 8759
1768076293507 6.0 8769
1768076294240 6.0 8779
1768076294975 6.0 8789
1768076295711 6.0 8799
1768076296445 6.0 8809
1768076297181 6.0 8819
1768076297916 6.0 8829
1768076298652 6.0 8839
1768076299389 6.0 8849
1768076300125 6.0 8859
1768076300861 6.0 8869
1768076301597 6.0 8879
1768076302332 6.0 8889
1768076303066 6.0 8899
1768076303801 6.0 8909
1768076304537 6.0 8919
1768076305271 6.0 8929
1768076306005 6.0 8939
1768076306740 6.0 8949
1768076307476 6.0 8959
1768076308211 6.0 8969
1768076308946 6.0 8979
1768076309682 6.0 8989
1768076310416 6.0 8999
1768076311151 6.0 9009
1768076311889 6.0 9019
1768076312628 6.0 9029
1768076313363 6.0 9039
1768076314099 6.0 9049
1768076314833 6.0 9059
1768076315569 6.0 9069
1768076316304 6.0 9079
1768076317040 6.0 9089
1768076317776 6.0 9099
1768076318510 6.0 9109
1768076319246 6.0 9119
1768076319983 6.0 9129
1768076320720 6.0 9139
1768076321456 6.0 9149
1768076322192 6.0 9159
1768076322929 6.0 9169
1768076323668 6.0 9179
1768076324405 6.0 9189
1768076325141 6.0 9199
1768076325879 6.0 9209
1768076326615 6.0 9219
1768076327352 6.0 9229
1768076328092 6.0 9239
1768076328829 6.0 9249
1768076329566 6.0 9259
1768076330302 6.0 9269
1768076331039 6.0 9279
1768076331775 6.0 9289
1768076332513 6.0 9299
1768076333250 6.0 9309
1768076333987 6.0 9319
1768076334725 6.0 9329
1768076335461 6.0 9339
1768076336201 6.0 9349
1768076336939 6.0 9359
1768076337676 6.0 9369
1768076338413 6.0 9379
1768076339149 6.0 9389
1768076339886 6.0 9399
1768076340626 6.0 9409
1768076341364 6.0 9419
1768076342104 6.0 9429
1768076342841 6.0 9439
1768076343577 6.0 9449
1768076344315 6.0 9459
1768076345051 6.0 9469
1768076345787 6.0 9479
1768076346525 6.0 9489
1768076347263 6.0 9499
1768076348001 6.0 9509
1768076348739 6.0 9519
1768076349478 6.0 9529
1768076350216 6.0 9539
1768076350952 6.0 9549
1768076351690 6.0 9559
1768076352428 6.0 9569
1768076353164 6.0 9579
1768076353902 6.0 9589
1768076354640 6.0 9599
1768076355376 6.0 9609
1768076356116 6.0 9619
1768076356855 6.0 9629
1768076357592 6.0 9639
1768076358331 6.0 9649
1768076359068 6.0 9659
1768076359806 6.0 9669
1768076360543 6.0 9679
1768076361279 6.0 9689
1768076362017 6.0 9699
1768076362755 6.0 9709
1768076363490 6.0 9719
1768076364226 6.0 9729
1768076364963 6.0 9739
1768076365700 6.0 9749
1768076366437 6.0 9759
1768076367175 6.0 9769
1768076367913 6.0 9779
1768076368651 6.0 9789
1768076369388 6.0 9799
1768076370126 6.0 9809
1768076370865 6.0 9819
1768076371602 6.0 9829
1768076372340 6.0 9839
1768076373078 6.0 9849
1768076373815 6.0 9859
1768076374553 6.0 9869
1768076375291 6.0 9879
1768076376029 6.0 9889
1768076376768 6.0 9899
1768076377505 6.0 9909
1768076378242 6.0 9919
1768076378981 6.0 9929
1768076379719 6.0 9939
1768076380458 6.0 9949
1768076381195 6.0 9959
1768076381933 6.0 9969
1768076382672 6.0 9979
1768076383408 6.0 9989
1768076384145 6.0 9999
1768076384883 6.0 10009
1768076385620 6.0 10019
1768076386359 6.0 10029
1768076387097 6.0 10039
1768076387835 6.0 10049
1768076388580 6.0 10059
1768076389319 6.0 10069
1768076390056 6.0 10079
1768076544930 6.0 10079
1768076544932 6.0 10079
1768076545729 7.0 10089
1768076546462 7.0 10099
1768076547197 7.0 10109
1768076547931 7.0 10119
1768076548665 7.0 10129
1768076549398 7.0 10139
1768076550132 7.0 10149
1768076550866 7.0 10159
1768076551600 7.0 10169
1768076552332 7.0 10179
1768076553068 7.0 10189
1768076553801 7.0 10199
1768076554533 7.0 10209
1768076555268 7.0 10219
1768076556002 7.0 10229
1768076556735 7.0 10239
1768076557470 7.0 10249
1768076558204 7.0 10259
1768076558938 7.0 10269
1768076559673 7.0 10279
1768076560407 7.0 10289
1768076561141 7.0 10299
1768076561875 7.0 10309
1768076562609 7.0 10319
1768076563343 7.0 10329
1768076564078 7.0 10339
1768076564811 7.0 10349
1768076565545 7.0 10359
1768076566280 7.0 10369
1768076567015 7.0 10379
1768076567749 7.0 10389
1768076568483 7.0 10399
1768076569218 7.0 10409
1768076569952 7.0 10419
1768076570686 7.0 10429
1768076571421 7.0 10439
1768076572155 7.0 10449
1768076572888 7.0 10459
1768076573623 7.0 10469
1768076574357 7.0 10479
1768076575091 7.0 10489
1768076575824 7.0 10499
1768076576558 7.0 10509
1768076577292 7.0 10519
1768076578028 7.0 10529
1768076578762 7.0 10539
1768076579497 7.0 10549
1768076580232 7.0 10559
1768076580965 7.0 10569
1768076581700 7.0 10579
1768076582435 7.0 10589
1768076583170 7.0 10599
1768076583904 7.0 10609
1768076584639 7.0 10619
1768076585374 7.0 10629
1768076586108 7.0 10639
1768076586842 7.0 10649
1768076587577 7.0 10659
1768076588312 7.0 10669
1768076589046 7.0 10679
1768076589780 7.0 10689
1768076590515 7.0 10699
1768076591248 7.0 10709
1768076591982 7.0 10719
1768076592717 7.0 10729
1768076593451 7.0 10739
1768076594185 7.0 10749
1768076594920 7.0 10759
1768076595654 7.0 10769
1768076596388 7.0 10779
1768076597123 7.0 10789
1768076597857 7.0 10799
1768076598592 7.0 10809
1768076599325 7.0 10819
1768076600059 7.0 10829
1768076600794 7.0 10839
1768076601527 7.0 10849
1768076602264 7.0 10859
1768076603002 7.0 10869
1768076603737 7.0 10879
1768076604476 7.0 10889
1768076605213 7.0 10899
1768076605950 7.0 10909
1768076606686 7.0 10919
1768076607420 7.0 10929
1768076608154 7.0 10939
1768076608889 7.0 10949
1768076609622 7.0 10959
1768076610358 7.0 10969
1768076611094 7.0 10979
1768076611828 7.0 10989
1768076612564 7.0 10999
1768076613298 7.0 11009
1768076614032 7.0 11019
1768076614766 7.0 11029
1768076615500 7.0 11039
1768076616235 7.0 11049
1768076616969 7.0 11059
1768076617703 7.0 11069
1768076618439 7.0 11079
1768076619174 7.0 11089
1768076619907 7.0 11099
1768076620642 7.0 11109
1768076621378 7.0 11119
1768076622112 7.0 11129
1768076622847 7.0 11139
1768076623580 7.0 11149
1768076624315 7.0 11159
1768076625050 7.0 11169
1768076625784 7.0 11179
1768076626520 7.0 11189
1768076627256 7.0 11199
1768076627990 7.0 11209
1768076628726 7.0 11219
1768076629460 7.0 11229
1768076630195 7.0 11239
1768076630931 7.0 11249
1768076631665 7.0 11259
1768076632401 7.0 11269
1768076633136 7.0 11279
1768076633870 7.0 11289
1768076634605 7.0 11299
1768076635340 7.0 11309
1768076636073 7.0 11319
1768076636809 7.0 11329
1768076637544 7.0 11339
1768076638278 7.0 11349
1768076639013 7.0 11359
1768076639748 7.0 11369
1768076640484 7.0 11379
1768076641220 7.0 11389
1768076641954 7.0 11399
1768076642690 7.0 11409
1768076643425 7.0 11419
1768076644159 7.0 11429
1768076644893 7.0 11439
1768076645629 7.0 11449
1768076646363 7.0 11459
1768076647098 7.0 11469
1768076647834 7.0 11479
1768076648568 7.0 11489
1768076649303 7.0 11499
1768076650038 7.0 11509
1768076650773 7.0 11519
1768076805756 7.0 11519
1768076805758 7.0 11519
1768076806558 8.0 11529
1768076807292 8.0 11539
1768076808026 8.0 11549
1768076808760 8.0 11559
1768076809494 8.0 11569
1768076810227 8.0 11579
1768076810960 8.0 11589
1768076811694 8.0 11599
1768076812429 8.0 11609
1768076813162 8.0 11619
1768076813895 8.0 11629
1768076814629 8.0 11639
1768076815363 8.0 11649
1768076816096 8.0 11659
1768076816830 8.0 11669
1768076817563 8.0 11679
1768076818297 8.0 11689
1768076819030 8.0 11699
1768076819763 8.0 11709
1768076820497 8.0 11719
1768076821230 8.0 11729
1768076821964 8.0 11739
1768076822697 8.0 11749
1768076823430 8.0 11759
1768076824163 8.0 11769
1768076824897 8.0 11779
1768076825630 8.0 11789
1768076826364 8.0 11799
1768076827097 8.0 11809
1768076827831 8.0 11819
1768076828564 8.0 11829
1768076829298 8.0 11839
1768076830031 8.0 11849
1768076830765 8.0 11859
1768076831499 8.0 11869
1768076832232 8.0 11879
1768076832966 8.0 11889
1768076833699 8.0 11899
1768076834433 8.0 11909
1768076835168 8.0 11919
1768076835903 8.0 11929
1768076836638 8.0 11939
1768076837373 8.0 11949
1768076838109 8.0 11959
1768076838843 8.0 11969
1768076839576 8.0 11979
1768076840309 8.0 11989
1768076841042 8.0 11999
1768076841776 8.0 12009
1768076842509 8.0 12019
1768076843243 8.0 12029
1768076843976 8.0 12039
1768076844710 8.0 12049
1768076845444 8.0 12059
1768076846178 8.0 12069
1768076846912 8.0 12079
1768076847644 8.0 12089
1768076848378 8.0 12099
1768076849110 8.0 12109
1768076849842 8.0 12119
1768076850577 8.0 12129
1768076851310 8.0 12139
1768076852044 8.0 12149
1768076852777 8.0 12159
1768076853510 8.0 12169
1768076854243 8.0 12179
1768076854977 8.0 12189
1768076855710 8.0 12199
1768076856443 8.0 12209
1768076857177 8.0 12219
1768076857911 8.0 12229
1768076858644 8.0 12239
1768076859378 8.0 12249
1768076860111 8.0 12259
1768076860844 8.0 12269
1768076861578 8.0 12279
1768076862312 8.0 12289
1768076863046 8.0 12299
1768076863779 8.0 12309
1768076864514 8.0 12319
1768076865247 8.0 12329
1768076865981 8.0 12339
1768076866714 8.0 12349
1768076867448 8.0 12359
1768076868181 8.0 12369
1768076868915 8.0 12379
1768076869648 8.0 12389
1768076870382 8.0 12399
1768076871115 8.0 12409
1768076871848 8.0 12419
1768076872582 8.0 12429
1768076873315 8.0 12439
1768076874048 8.0 12449
1768076874782 8.0 12459
1768076875515 8.0 12469
1768076876248 8.0 12479
1768076876982 8.0 12489
1768076877715 8.0 12499
1768076878449 8.0 12509
1768076879183 8.0 12519
1768076879915 8.0 12529
1768076880649 8.0 12539
1768076881383 8.0 12549
1768076882117 8.0 12559
1768076882853 8.0 12569
1768076883588 8.0 12579
1768076884322 8.0 12589
1768076885058 8.0 12599
1768076885793 8.0 12609
1768076886527 8.0 12619
1768076887262 8.0 12629
1768076887998 8.0 12639
1768076888733 8.0 12649
1768076889469 8.0 12659
1768076890206 8.0 12669
1768076890942 8.0 12679
1768076891676 8.0 12689
1768076892411 8.0 12699
1768076893145 8.0 12709
1768076893879 8.0 12719
1768076894613 8.0 12729
1768076895347 8.0 12739
1768076896080 8.0 12749
1768076896815 8.0 12759
1768076897549 8.0 12769
1768076898283 8.0 12779
1768076899017 8.0 12789
1768076899752 8.0 12799
1768076900486 8.0 12809
1768076901219 8.0 12819
1768076901954 8.0 12829
1768076902687 8.0 12839
1768076903420 8.0 12849
1768076904154 8.0 12859
1768076904888 8.0 12869
1768076905622 8.0 12879
1768076906356 8.0 12889
1768076907090 8.0 12899
1768076907824 8.0 12909
1768076908558 8.0 12919
1768076909292 8.0 12929
1768076910026 8.0 12939
1768076910760 8.0 12949
1768076911492 8.0 12959
1768077065446 8.0 12959
1768077065448 8.0 12959
1768077066255 9.0 12969
1768077066989 9.0 12979
1768077067721 9.0 12989
1768077068455 9.0 12999
1768077069187 9.0 13009
1768077069920 9.0 13019
1768077070655 9.0 13029
1768077071387 9.0 13039
1768077072121 9.0 13049
1768077072854 9.0 13059
1768077073586 9.0 13069
1768077074319 9.0 13079
1768077075052 9.0 13089
1768077075785 9.0 13099
1768077076518 9.0 13109
1768077077250 9.0 13119
1768077077984 9.0 13129
1768077078717 9.0 13139
1768077079450 9.0 13149
1768077080182 9.0 13159
1768077080916 9.0 13169
1768077081649 9.0 13179
1768077082383 9.0 13189
1768077083116 9.0 13199
1768077083850 9.0 13209
1768077084583 9.0 13219
1768077085316 9.0 13229
1768077086050 9.0 13239
1768077086784 9.0 13249
1768077087517 9.0 13259
1768077088251 9.0 13269
1768077088984 9.0 13279
1768077089718 9.0 13289
1768077090452 9.0 13299
1768077091186 9.0 13309
1768077091919 9.0 13319
1768077092653 9.0 13329
1768077093386 9.0 13339
1768077094120 9.0 13349
1768077094854 9.0 13359
1768077095587 9.0 13369
1768077096320 9.0 13379
1768077097054 9.0 13389
1768077097787 9.0 13399
1768077098519 9.0 13409
1768077099253 9.0 13419
1768077099987 9.0 13429
1768077100722 9.0 13439
1768077101456 9.0 13449
1768077102190 9.0 13459
1768077102924 9.0 13469
1768077103658 9.0 13479
1768077104391 9.0 13489
1768077105125 9.0 13499
1768077105859 9.0 13509
1768077106592 9.0 13519
1768077107326 9.0 13529
1768077108060 9.0 13539
1768077108794 9.0 13549
1768077109527 9.0 13559
1768077110261 9.0 13569
1768077110995 9.0 13579
1768077111729 9.0 13589
1768077112463 9.0 13599
1768077113196 9.0 13609
1768077113931 9.0 13619
1768077114665 9.0 13629
1768077115399 9.0 13639
1768077116133 9.0 13649
1768077116867 9.0 13659
1768077117601 9.0 13669
1768077118335 9.0 13679
1768077119069 9.0 13689
1768077119803 9.0 13699
1768077120538 9.0 13709
1768077121272 9.0 13719
1768077122006 9.0 13729
1768077122739 9.0 13739
1768077123473 9.0 13749
1768077124206 9.0 13759
1768077124940 9.0 13769
1768077125674 9.0 13779
1768077126407 9.0 13789
1768077127141 9.0 13799
1768077127874 9.0 13809
1768077128607 9.0 13819
1768077129340 9.0 13829
1768077130074 9.0 13839
1768077130810 9.0 13849
1768077131542 9.0 13859
1768077132277 9.0 13869
1768077133011 9.0 13879
1768077133744 9.0 13889
1768077134478 9.0 13899
1768077135213 9.0 13909
1768077135946 9.0 13919
1768077136680 9.0 13929
1768077137415 9.0 13939
1768077138150 9.0 13949
1768077138884 9.0 13959
1768077139620 9.0 13969
1768077140354 9.0 13979
1768077141089 9.0 13989
1768077141823 9.0 13999
1768077142558 9.0 14009
1768077143291 9.0 14019
1768077144025 9.0 14029
1768077144758 9.0 14039
1768077145492 9.0 14049
1768077146226 9.0 14059
1768077146961 9.0 14069
1768077147694 9.0 14079
1768077148428 9.0 14089
1768077149161 9.0 14099
1768077149895 9.0 14109
1768077150628 9.0 14119
1768077151362 9.0 14129
1768077152095 9.0 14139
1768077152829 9.0 14149
1768077153562 9.0 14159
1768077154294 9.0 14169
1768077155028 9.0 14179
1768077155762 9.0 14189
1768077156495 9.0 14199
1768077157227 9.0 14209
1768077157961 9.0 14219
1768077158695 9.0 14229
1768077159429 9.0 14239
1768077160162 9.0 14249
1768077160896 9.0 14259
1768077161630 9.0 14269
1768077162364 9.0 14279
1768077163099 9.0 14289
1768077163831 9.0 14299
1768077164564 9.0 14309
1768077165298 9.0 14319
1768077166032 9.0 14329
1768077166764 9.0 14339
1768077167497 9.0 14349
1768077168231 9.0 14359
1768077168964 9.0 14369
1768077169699 9.0 14379
1768077170432 9.0 14389
1768077171163 9.0 14399
1768077325583 9.0 14399
1768077325585 9.0 14399
1768077326389 10.0 14409
1768077327123 10.0 14419
1768077327858 10.0 14429
1768077328591 10.0 14439
1768077329325 10.0 14449
1768077330058 10.0 14459
1768077330793 10.0 14469
1768077331527 10.0 14479
1768077332260 10.0 14489
1768077332996 10.0 14499
1768077333730 10.0 14509
1768077334463 10.0 14519
1768077335196 10.0 14529
1768077335930 10.0 14539
1768077336663 10.0 14549
1768077337397 10.0 14559
1768077338130 10.0 14569
1768077338863 10.0 14579
1768077339596 10.0 14589
1768077340330 10.0 14599
1768077341062 10.0 14609
1768077341796 10.0 14619
1768077342529 10.0 14629
1768077343264 10.0 14639
1768077343998 10.0 14649
1768077344731 10.0 14659
1768077345464 10.0 14669
1768077346197 10.0 14679
1768077346931 10.0 14689
1768077347664 10.0 14699
1768077348397 10.0 14709
1768077349131 10.0 14719
1768077349865 10.0 14729
1768077350598 10.0 14739
1768077351332 10.0 14749
1768077352066 10.0 14759
1768077352800 10.0 14769
1768077353532 10.0 14779
1768077354266 10.0 14789
1768077355001 10.0 14799
1768077355735 10.0 14809
1768077356469 10.0 14819
1768077357203 10.0 14829
1768077357938 10.0 14839
1768077358671 10.0 14849
1768077359405 10.0 14859
1768077360141 10.0 14869
1768077360875 10.0 14879
1768077361610 10.0 14889
1768077362344 10.0 14899
1768077363078 10.0 14909
1768077363812 10.0 14919
1768077364546 10.0 14929
1768077365280 10.0 14939
1768077366014 10.0 14949
1768077366749 10.0 14959
1768077367482 10.0 14969
1768077368215 10.0 14979
1768077368948 10.0 14989
1768077369682 10.0 14999
1768077370417 10.0 15009
1768077371151 10.0 15019
1768077371886 10.0 15029
1768077372620 10.0 15039
1768077373355 10.0 15049
1768077374089 10.0 15059
1768077374824 10.0 15069
1768077375557 10.0 15079
1768077376291 10.0 15089
1768077377025 10.0 15099
1768077377759 10.0 15109
1768077378493 10.0 15119
1768077379227 10.0 15129
1768077379961 10.0 15139
1768077380695 10.0 15149
1768077381429 10.0 15159
1768077382164 10.0 15169
1768077382897 10.0 15179
1768077383636 10.0 15189
1768077384371 10.0 15199
1768077385105 10.0 15209
1768077385838 10.0 15219
1768077386572 10.0 15229
1768077387306 10.0 15239
1768077388040 10.0 15249
1768077388774 10.0 15259
1768077389510 10.0 15269
1768077390245 10.0 15279
1768077390979 10.0 15289
1768077391712 10.0 15299
1768077392446 10.0 15309
1768077393180 10.0 15319
1768077393915 10.0 15329
1768077394648 10.0 15339
1768077395383 10.0 15349
1768077396118 10.0 15359
1768077396852 10.0 15369
1768077397587 10.0 15379
1768077398321 10.0 15389
1768077399055 10.0 15399
1768077399789 10.0 15409
1768077400524 10.0 15419
1768077401257 10.0 15429
1768077401992 10.0 15439
1768077402726 10.0 15449
1768077403461 10.0 15459
1768077404195 10.0 15469
1768077404930 10.0 15479
1768077405664 10.0 15489
1768077406398 10.0 15499
1768077407133 10.0 15509
1768077407867 10.0 15519
1768077408601 10.0 15529
1768077409336 10.0 15539
1768077410070 10.0 15549
1768077410804 10.0 15559
1768077411538 10.0 15569
1768077412272 10.0 15579
1768077413006 10.0 15589
1768077413740 10.0 15599
1768077414473 10.0 15609
1768077415206 10.0 15619
1768077415940 10.0 15629
1768077416674 10.0 15639
1768077417408 10.0 15649
1768077418142 10.0 15659
1768077418876 10.0 15669
1768077419610 10.0 15679
1768077420344 10.0 15689
1768077421079 10.0 15699
1768077421813 10.0 15709
1768077422547 10.0 15719
1768077423281 10.0 15729
1768077424014 10.0 15739
1768077424748 10.0 15749
1768077425481 10.0 15759
1768077426215 10.0 15769
1768077426948 10.0 15779
1768077427682 10.0 15789
1768077428415 10.0 15799
1768077429149 10.0 15809
1768077429883 10.0 15819
1768077430617 10.0 15829
1768077431349 10.0 15839
1768077583717 10.0 15839
1768077583719 10.0 15839
1768077584520 11.0 15849
1768077585255 11.0 15859
1768077585987 11.0 15869
1768077586720 11.0 15879
1768077587453 11.0 15889
1768077588186 11.0 15899
1768077588918 11.0 15909
1768077589652 11.0 15919
1768077590384 11.0 15929
1768077591116 11.0 15939
1768077591847 11.0 15949
1768077592579 11.0 15959
1768077593311 11.0 15969
1768077594042 11.0 15979
1768077594774 11.0 15989
1768077595506 11.0 15999
1768077596240 11.0 16009
1768077596974 11.0 16019
1768077597706 11.0 16029
1768077598440 11.0 16039
1768077599173 11.0 16049
1768077599906 11.0 16059
1768077600639 11.0 16069
1768077601372 11.0 16079
1768077602107 11.0 16089
1768077602840 11.0 16099
1768077603573 11.0 16109
1768077604307 11.0 16119
1768077605040 11.0 16129
1768077605774 11.0 16139
1768077606508 11.0 16149
1768077607242 11.0 16159
1768077607975 11.0 16169
1768077608708 11.0 16179
1768077609442 11.0 16189
1768077610176 11.0 16199
1768077610911 11.0 16209
1768077611644 11.0 16219
1768077612378 11.0 16229
1768077613112 11.0 16239
1768077613846 11.0 16249
1768077614581 11.0 16259
1768077615315 11.0 16269
1768077616047 11.0 16279
1768077616780 11.0 16289
1768077617513 11.0 16299
1768077618246 11.0 16309
1768077618980 11.0 16319
1768077619713 11.0 16329
1768077620448 11.0 16339
1768077621181 11.0 16349
1768077621915 11.0 16359
1768077622648 11.0 16369
1768077623382 11.0 16379
1768077624115 11.0 16389
1768077624848 11.0 16399
1768077625583 11.0 16409
1768077626317 11.0 16419
1768077627050 11.0 16429
1768077627784 11.0 16439
1768077628517 11.0 16449
1768077629251 11.0 16459
1768077629984 11.0 16469
1768077630717 11.0 16479
1768077631450 11.0 16489
1768077632182 11.0 16499
1768077632915 11.0 16509
1768077633647 11.0 16519
1768077634381 11.0 16529
1768077635115 11.0 16539
1768077635849 11.0 16549
1768077636582 11.0 16559
1768077637315 11.0 16569
1768077638049 11.0 16579
1768077638781 11.0 16589
1768077639514 11.0 16599
1768077640247 11.0 16609
1768077640981 11.0 16619
1768077641714 11.0 16629
1768077642447 11.0 16639
1768077643182 11.0 16649
1768077643915 11.0 16659
1768077644649 11.0 16669
1768077645380 11.0 16679
1768077646114 11.0 16689
1768077646848 11.0 16699
1768077647581 11.0 16709
1768077648315 11.0 16719
1768077649048 11.0 16729
1768077649782 11.0 16739
1768077650516 11.0 16749
1768077651250 11.0 16759
1768077651982 11.0 16769
1768077652715 11.0 16779
1768077653449 11.0 16789
1768077654181 11.0 16799
1768077654914 11.0 16809
1768077655648 11.0 16819
1768077656381 11.0 16829
1768077657115 11.0 16839
1768077657848 11.0 16849
1768077658581 11.0 16859
1768077659314 11.0 16869
1768077660049 11.0 16879
1768077660783 11.0 16889
1768077661517 11.0 16899
1768077662250 11.0 16909
1768077662984 11.0 16919
1768077663718 11.0 16929
1768077664452 11.0 16939
1768077665186 11.0 16949
1768077665920 11.0 16959
1768077666654 11.0 16969
1768077667388 11.0 16979
1768077668122 11.0 16989
1768077668855 11.0 16999
1768077669590 11.0 17009
1768077670324 11.0 17019
1768077671057 11.0 17029
1768077671791 11.0 17039
1768077672524 11.0 17049
1768077673256 11.0 17059
1768077673991 11.0 17069
1768077674724 11.0 17079
1768077675457 11.0 17089
1768077676191 11.0 17099
1768077676924 11.0 17109
1768077677658 11.0 17119
1768077678392 11.0 17129
1768077679126 11.0 17139
1768077679860 11.0 17149
1768077680594 11.0 17159
1768077681327 11.0 17169
1768077682060 11.0 17179
1768077682794 11.0 17189
1768077683704 11.0 17199
1768077684435 11.0 17209
1768077685168 11.0 17219
1768077685901 11.0 17229
1768077686635 11.0 17239
1768077687368 11.0 17249
1768077688102 11.0 17259
1768077688835 11.0 17269
1768077689567 11.0 17279
1768077843813 11.0 17279
1768077843815 11.0 17279
1768077844620 12.0 17289
1768077845356 12.0 17299
1768077846091 12.0 17309
1768077846826 12.0 17319
1768077847561 12.0 17329
1768077848296 12.0 17339
1768077849031 12.0 17349
1768077849766 12.0 17359
1768077850503 12.0 17369
1768077851238 12.0 17379
1768077851974 12.0 17389
1768077852707 12.0 17399
1768077853440 12.0 17409
1768077854174 12.0 17419
1768077854907 12.0 17429
1768077855640 12.0 17439
1768077856374 12.0 17449
1768077857108 12.0 17459
1768077857842 12.0 17469
1768077858575 12.0 17479
1768077859308 12.0 17489
1768077860042 12.0 17499
1768077860776 12.0 17509
1768077861510 12.0 17519
1768077862252 12.0 17529
1768077862986 12.0 17539
1768077863720 12.0 17549
1768077864453 12.0 17559
1768077865187 12.0 17569
1768077865921 12.0 17579
1768077866654 12.0 17589
1768077867388 12.0 17599
1768077868123 12.0 17609
1768077868856 12.0 17619
1768077869591 12.0 17629
1768077870325 12.0 17639
1768077871059 12.0 17649
1768077871793 12.0 17659
1768077872527 12.0 17669
1768077873261 12.0 17679
1768077873994 12.0 17689
1768077874728 12.0 17699
1768077875462 12.0 17709
1768077876195 12.0 17719
1768077876929 12.0 17729
1768077877663 12.0 17739
1768077878398 12.0 17749
1768077879133 12.0 17759
1768077879869 12.0 17769
1768077880604 12.0 17779
1768077881338 12.0 17789
1768077882072 12.0 17799
1768077882807 12.0 17809
1768077883541 12.0 17819
1768077884275 12.0 17829
1768077885008 12.0 17839
1768077885742 12.0 17849
1768077886476 12.0 17859
1768077887210 12.0 17869
1768077887943 12.0 17879
1768077888677 12.0 17889
1768077889411 12.0 17899
1768077890145 12.0 17909
1768077890879 12.0 17919
1768077891613 12.0 17929
1768077892349 12.0 17939
1768077893083 12.0 17949
1768077893816 12.0 17959
1768077894550 12.0 17969
1768077895282 12.0 17979
1768077896016 12.0 17989
1768077896749 12.0 17999
1768077897481 12.0 18009
1768077898214 12.0 18019
1768077898947 12.0 18029
1768077899680 12.0 18039
1768077900415 12.0 18049
1768077901149 12.0 18059
1768077901882 12.0 18069
1768077902616 12.0 18079
1768077903349 12.0 18089
1768077904082 12.0 18099
1768077904815 12.0 18109
1768077905548 12.0 18119
1768077906281 12.0 18129
1768077907015 12.0 18139
1768077907748 12.0 18149
1768077908482 12.0 18159
1768077909215 12.0 18169
1768077909948 12.0 18179
1768077910683 12.0 18189
1768077911416 12.0 18199
1768077912150 12.0 18209
1768077912884 12.0 18219
1768077913617 12.0 18229
1768077914350 12.0 18239
1768077915083 12.0 18249
1768077915816 12.0 18259
1768077916549 12.0 18269
1768077917283 12.0 18279
1768077918016 12.0 18289
1768077918750 12.0 18299
1768077919484 12.0 18309
1768077920217 12.0 18319
1768077920951 12.0 18329
1768077921685 12.0 18339
1768077922417 12.0 18349
1768077923151 12.0 18359
1768077923884 12.0 18369
1768077924617 12.0 18379
1768077925351 12.0 18389
1768077926084 12.0 18399
1768077926817 12.0 18409
1768077927551 12.0 18419
1768077928284 12.0 18429
1768077929018 12.0 18439
1768077929753 12.0 18449
1768077930486 12.0 18459
1768077931219 12.0 18469
1768077931952 12.0 18479
1768077932685 12.0 18489
1768077933417 12.0 18499
1768077934150 12.0 18509
1768077934884 12.0 18519
1768077935617 12.0 18529
1768077936349 12.0 18539
1768077937083 12.0 18549
1768077937816 12.0 18559
1768077938550 12.0 18569
1768077939283 12.0 18579
1768077940016 12.0 18589
1768077940751 12.0 18599
1768077941486 12.0 18609
1768077942221 12.0 18619
1768077942956 12.0 18629
1768077943690 12.0 18639
1768077944426 12.0 18649
1768077945162 12.0 18659
1768077945896 12.0 18669
1768077946631 12.0 18679
1768077947367 12.0 18689
1768077948102 12.0 18699
1768077948835 12.0 18709
1768077949567 12.0 18719
1768078103500 12.0 18719
1768078103502 12.0 18719
1768078104310 13.0 18729
1768078105043 13.0 18739
1768078105777 13.0 18749
1768078106508 13.0 18759
1768078107240 13.0 18769
1768078107972 13.0 18779
1768078108703 13.0 18789
1768078109436 13.0 18799
1768078110168 13.0 18809
1768078110902 13.0 18819
1768078111634 13.0 18829
1768078112368 13.0 18839
1768078113101 13.0 18849
1768078113834 13.0 18859
1768078114567 13.0 18869
1768078115300 13.0 18879
1768078116034 13.0 18889
1768078116768 13.0 18899
1768078117501 13.0 18909
1768078118234 13.0 18919
1768078118967 13.0 18929
1768078119701 13.0 18939
1768078120434 13.0 18949
1768078121167 13.0 18959
1768078121901 13.0 18969
1768078122634 13.0 18979
1768078123367 13.0 18989
1768078124100 13.0 18999
1768078124834 13.0 19009
1768078125566 13.0 19019
1768078126299 13.0 19029
1768078127032 13.0 19039
1768078127766 13.0 19049
1768078128499 13.0 19059
1768078129232 13.0 19069
1768078129964 13.0 19079
1768078130698 13.0 19089
1768078131431 13.0 19099
1768078132164 13.0 19109
1768078132898 13.0 19119
1768078133631 13.0 19129
1768078134364 13.0 19139
1768078135098 13.0 19149
1768078135832 13.0 19159
1768078136565 13.0 19169
1768078137299 13.0 19179
1768078138033 13.0 19189
1768078138766 13.0 19199
1768078139499 13.0 19209
1768078140233 13.0 19219
1768078140966 13.0 19229
1768078141698 13.0 19239
1768078142432 13.0 19249
1768078143165 13.0 19259
1768078143898 13.0 19269
1768078144631 13.0 19279
1768078145364 13.0 19289
1768078146098 13.0 19299
1768078146831 13.0 19309
1768078147564 13.0 19319
1768078148299 13.0 19329
1768078149034 13.0 19339
1768078149770 13.0 19349
1768078150504 13.0 19359
1768078151236 13.0 19369
1768078151969 13.0 19379
1768078152700 13.0 19389
1768078153431 13.0 19399
1768078154163 13.0 19409
1768078154895 13.0 19419
1768078155626 13.0 19429
1768078156357 13.0 19439
1768078157088 13.0 19449
1768078157819 13.0 19459
1768078158551 13.0 19469
1768078159283 13.0 19479
1768078160015 13.0 19489
1768078160746 13.0 19499
1768078161477 13.0 19509
1768078162208 13.0 19519
1768078162938 13.0 19529
1768078163668 13.0 19539
1768078164398 13.0 19549
1768078165130 13.0 19559
1768078165862 13.0 19569
1768078166594 13.0 19579
1768078167325 13.0 19589
1768078168059 13.0 19599
1768078168793 13.0 19609
1768078169526 13.0 19619
1768078170259 13.0 19629
1768078170993 13.0 19639
1768078171727 13.0 19649
1768078172460 13.0 19659
1768078173193 13.0 19669
1768078173925 13.0 19679
1768078174657 13.0 19689
1768078175389 13.0 19699
1768078176120 13.0 19709
1768078176853 13.0 19719
1768078177584 13.0 19729
1768078178316 13.0 19739
1768078179048 13.0 19749
1768078179780 13.0 19759
1768078180512 13.0 19769
1768078181243 13.0 19779
1768078181974 13.0 19789
1768078182708 13.0 19799
1768078183442 13.0 19809
1768078184175 13.0 19819
1768078184909 13.0 19829
1768078185642 13.0 19839
1768078186375 13.0 19849
1768078187109 13.0 19859
1768078187843 13.0 19869
1768078188576 13.0 19879
1768078189310 13.0 19889
1768078190045 13.0 19899
1768078190779 13.0 19909
1768078191513 13.0 19919
1768078192248 13.0 19929
1768078192981 13.0 19939
1768078193715 13.0 19949
1768078194448 13.0 19959
1768078195182 13.0 19969
1768078195915 13.0 19979
1768078196649 13.0 19989
1768078197382 13.0 19999
1768078198116 13.0 20009
1768078198850 13.0 20019
1768078199584 13.0 20029
1768078200318 13.0 20039
1768078201052 13.0 20049
1768078201787 13.0 20059
1768078202521 13.0 20069
1768078203254 13.0 20079
1768078203988 13.0 20089
1768078204722 13.0 20099
1768078205456 13.0 20109
1768078206190 13.0 20119
1768078206925 13.0 20129
1768078207658 13.0 20139
1768078208392 13.0 20149
1768078209125 13.0 20159
1768078364005 13.0 20159
1768078364007 13.0 20159
