1768074961182 0.0009999971371144056 1439
1768075230309 0.0009999971371144056 2879
1768075494429 0.0009999971371144056 4319
1768075758857 0.0009999971371144056 5759
1768076021573 0.0009999971371144056 7199
1768076283887 0.0009999971371144056 8639
1768076544932 0.0009999971371144056 10079
1768076805758 0.0009999971371144056 11519
1768077065448 0.0009999971371144056 12959
1768077325585 0.0009999971371144056 14399
1768077583719 0.0006500036688521504 15839
1768077843815 0.0006500036688521504 17279
1768078103502 0.0006500036688521504 18719
1768078364007 0.0006500036688521504 20159
