1768074682964 0.0010000000474974513 9
1768074683696 0.0010000000474974513 19
1768074684431 0.0010000000474974513 29
1768074685164 0.0010000000474974513 39
1768074685899 0.0010000000474974513 49
1768074686632 0.0010000000474974513 59
1768074687367 0.0010000000474974513 69
1768074688100 0.0010000000474974513 79
1768074688832 0.0010000000474974513 89
1768074689565 0.0010000000474974513 99
1768074690298 0.0010000000474974513 109
1768074691033 0.0010000000474974513 119
1768074691767 0.0010000000474974513 129
1768074692501 0.0010000000474974513 139
1768074693236 0.0010000000474974513 149
1768074693971 0.0010000000474974513 159
1768074694705 0.0010000000474974513 169
1768074695439 0.0010000000474974513 179
1768074696175 0.0010000000474974513 189
1768074696910 0.0010000000474974513 199
1768074697647 0.0010000000474974513 209
1768074698383 0.0010000000474974513 219
1768074699117 0.0010000000474974513 229
1768074699851 0.0010000000474974513 239
1768074700587 0.0010000000474974513 249
1768074701322 0.0010000000474974513 259
1768074702057 0.0010000000474974513 269
1768074702793 0.0010000000474974513 279
1768074703527 0.0010000000474974513 289
1768074704263 0.0010000000474974513 299
1768074704998 0.0010000000474974513 309
1768074705734 0.0010000000474974513 319
1768074706469 0.0010000000474974513 329
1768074707203 0.0010000000474974513 339
1768074707939 0.0010000000474974513 349
1768074708675 0.0010000000474974513 359
1768074709408 0.0010000000474974513 369
1768074710145 0.0010000000474974513 379
1768074710880 0.0010000000474974513 389
1768074711614 0.0010000000474974513 399
1768074712350 0.0010000000474974513 409
1768074713086 0.0010000000474974513 419
1768074713821 0.0010000000474974513 429
1768074714556 0.0010000000474974513 439
1768074715291 0.0010000000474974513 449
1768074716025 0.0010000000474974513 459
1768074716760 0.0010000000474974513 469
1768074717494 0.0010000000474974513 479
1768074718230 0.0010000000474974513 489
1768074718967 0.0010000000474974513 499
1768074719700 0.0010000000474974513 509
1768074720435 0.0010000000474974513 519
1768074721170 0.0010000000474974513 529
1768074721905 0.0010000000474974513 539
1768074722639 0.0010000000474974513 549
1768074723374 0.0010000000474974513 559
1768074724111 0.0010000000474974513 569
1768074724846 0.0010000000474974513 579
1768074725580 0.0010000000474974513 589
1768074726314 0.0010000000474974513 599
1768074727048 0.0010000000474974513 609
1768074727781 0.0010000000474974513 619
1768074728517 0.0010000000474974513 629
1768074729252 0.0010000000474974513 639
1768074729987 0.0010000000474974513 649
1768074730722 0.0010000000474974513 659
1768074731458 0.0010000000474974513 669
1768074732193 0.0010000000474974513 679
1768074732928 0.0010000000474974513 689
1768074733664 0.0010000000474974513 699
1768074734401 0.0010000000474974513 709
1768074735137 0.0010000000474974513 719
1768074735872 0.0010000000474974513 729
1768074736610 0.0010000000474974513 739
1768074737347 0.0010000000474974513 749
1768074738081 0.0010000000474974513 759
1768074738815 0.0010000000474974513 769
1768074739551 0.0010000000474974513 779
1768074740285 0.0010000000474974513 789
1768074741018 0.0010000000474974513 799
1768074741755 0.0010000000474974513 809
1768074742491 0.0010000000474974513 819
1768074743226 0.0010000000474974513 829
1768074743960 0.0010000000474974513 839
1768074744695 0.0010000000474974513 849
1768074745429 0.0010000000474974513 859
1768074746163 0.0010000000474974513 869
1768074746899 0.0010000000474974513 879
1768074747636 0.0010000000474974513 889
1768074748374 0.0010000000474974513 899
1768074749109 0.0010000000474974513 909
1768074749847 0.0010000000474974513 919
1768074750583 0.0010000000474974513 929
1768074751318 0.0010000000474974513 939
1768074752050 0.0010000000474974513 949
1768074752785 0.0010000000474974513 959
1768074753521 0.0010000000474974513 969
1768074754256 0.0010000000474974513 979
1768074754990 0.0010000000474974513 989
1768074755726 0.0010000000474974513 999
1768074756462 0.0010000000474974513 1009
1768074757196 0.0010000000474974513 1019
1768074757932 0.0010000000474974513 1029
1768074758666 0.0010000000474974513 1039
1768074759402 0.0010000000474974513 1049
1768074760136 0.0010000000474974513 1059
1768074760873 0.0010000000474974513 1069
1768074761608 0.0010000000474974513 1079
1768074762344 0.0010000000474974513 1089
1768074763079 0.0010000000474974513 1099
1768074763813 0.0010000000474974513 1109
1768074764547 0.0010000000474974513 1119
1768074765281 0.0010000000474974513 1129
1768074766014 0.0010000000474974513 1139
1768074766749 0.0010000000474974513 1149
1768074767483 0.0010000000474974513 1159
1768074768218 0.0010000000474974513 1169
1768074768953 0.0010000000474974513 1179
1768074769691 0.0010000000474974513 1189
1768074770425 0.0010000000474974513 1199
1768074771160 0.0010000000474974513 1209
1768074771896 0.0010000000474974513 1219
1768074772630 0.0010000000474974513 1229
1768074773365 0.0010000000474974513 1239
1768074774100 0.0010000000474974513 1249
1768074774834 0.0010000000474974513 1259
1768074775571 0.0010000000474974513 1269
1768074776307 0.0010000000474974513 1279
1768074777043 0.0010000000474974513 1289
1768074777778 0.0010000000474974513 1299
1768074778513 0.0010000000474974513 1309
1768074779249 0.0010000000474974513 1319
1768074779988 0.0010000000474974513 1329
1768074780723 0.0010000000474974513 1339
1768074781459 0.0010000000474974513 1349
1768074782194 0.0010000000474974513 1359
1768074782930 0.0010000000474974513 1369
1768074783664 0.0010000000474974513 1379
1768074784400 0.0010000000474974513 1389
1768074785136 0.0010000000474974513 1399
1768074785872 0.0010000000474974513 1409
1768074786607 0.0010000000474974513 1419
1768074787342 0.0010000000474974513 1429
1768074788078 0.0010000000474974513 1439
1768074961983 0.0010000000474974513 1449
1768074962720 0.0010000000474974513 1459
1768074963457 0.0010000000474974513 1469
1768074964193 0.0010000000474974513 1479
1768074964931 0.0010000000474974513 1489
1768074965665 0.0010000000474974513 1499
1768074966405 0.0010000000474974513 1509
1768074967142 0.0010000000474974513 1519
1768074967879 0.0010000000474974513 1529
1768074968616 0.0010000000474974513 1539
1768074969354 0.0010000000474974513 1549
1768074970089 0.0010000000474974513 1559
1768074970825 0.0010000000474974513 1569
1768074971561 0.0010000000474974513 1579
1768074972298 0.0010000000474974513 1589
1768074973034 0.0010000000474974513 1599
1768074973770 0.0010000000474974513 1609
1768074974507 0.0010000000474974513 1619
1768074975243 0.0010000000474974513 1629
1768074975980 0.0010000000474974513 1639
1768074976718 0.0010000000474974513 1649
1768074977457 0.0010000000474974513 1659
1768074978196 0.0010000000474974513 1669
1768074978931 0.0010000000474974513 1679
1768074979668 0.0010000000474974513 1689
1768074980404 0.0010000000474974513 1699
1768074981141 0.0010000000474974513 1709
1768074981876 0.0010000000474974513 1719
1768074982614 0.0010000000474974513 1729
1768074983351 0.0010000000474974513 1739
1768074984086 0.0010000000474974513 1749
1768074984822 0.0010000000474974513 1759
1768074985557 0.0010000000474974513 1769
1768074986294 0.0010000000474974513 1779
1768074987030 0.0010000000474974513 1789
1768074987766 0.0010000000474974513 1799
1768074988501 0.0010000000474974513 1809
1768074989236 0.0010000000474974513 1819
1768074989972 0.0010000000474974513 1829
1768074990708 0.0010000000474974513 1839
1768074991446 0.0010000000474974513 1849
1768074992181 0.0010000000474974513 1859
1768074992916 0.0010000000474974513 1869
1768074993653 0.0010000000474974513 1879
1768074994387 0.0010000000474974513 1889
1768074995122 0.0010000000474974513 1899
1768074995859 0.0010000000474974513 1909
1768074996593 0.0010000000474974513 1919
1768074997327 0.0010000000474974513 1929
1768074998062 0.0010000000474974513 1939
1768074998796 0.0010000000474974513 1949
1768074999531 0.0010000000474974513 1959
1768075000266 0.0010000000474974513 1969
1768075001001 0.0010000000474974513 1979
1768075001736 0.0010000000474974513 1989
1768075002471 0.0010000000474974513 1999
1768075003205 0.0010000000474974513 2009
1768075003941 0.0010000000474974513 2019
1768075004675 0.0010000000474974513 2029
1768075005409 0.0010000000474974513 2039
1768075006144 0.0010000000474974513 2049
1768075006879 0.0010000000474974513 2059
1768075007617 0.0010000000474974513 2069
1768075008353 0.0010000000474974513 2079
1768075009089 0.0010000000474974513 2089
1768075009826 0.0010000000474974513 2099
1768075010562 0.0010000000474974513 2109
1768075011297 0.0010000000474974513 2119
1768075012032 0.0010000000474974513 2129
1768075012766 0.0010000000474974513 2139
1768075013503 0.0010000000474974513 2149
1768075014238 0.0010000000474974513 2159
1768075014973 0.0010000000474974513 2169
1768075015709 0.0010000000474974513 2179
1768075016443 0.0010000000474974513 2189
1768075017180 0.0010000000474974513 2199
1768075017917 0.0010000000474974513 2209
1768075018651 0.0010000000474974513 2219
1768075019388 0.0010000000474974513 2229
1768075020125 0.0010000000474974513 2239
1768075020860 0.0010000000474974513 2249
1768075021597 0.0010000000474974513 2259
1768075022333 0.0010000000474974513 2269
1768075023069 0.0010000000474974513 2279
1768075023804 0.0010000000474974513 2289
1768075024539 0.0010000000474974513 2299
1768075025274 0.0010000000474974513 2309
1768075026008 0.0010000000474974513 2319
1768075026744 0.0010000000474974513 2329
1768075027478 0.0010000000474974513 2339
1768075028215 0.0010000000474974513 2349
1768075028949 0.0010000000474974513 2359
1768075029685 0.0010000000474974513 2369
1768075030420 0.0010000000474974513 2379
1768075031154 0.0010000000474974513 2389
1768075031888 0.0010000000474974513 2399
1768075032623 0.0010000000474974513 2409
1768075033358 0.0010000000474974513 2419
1768075034093 0.0010000000474974513 2429
1768075034827 0.0010000000474974513 2439
1768075035561 0.0010000000474974513 2449
1768075036297 0.0010000000474974513 2459
1768075037032 0.0010000000474974513 2469
1768075037767 0.0010000000474974513 2479
1768075038503 0.0010000000474974513 2489
1768075039236 0.0010000000474974513 2499
1768075039970 0.0010000000474974513 2509
1768075040704 0.0010000000474974513 2519
1768075041438 0.0010000000474974513 2529
1768075042171 0.0010000000474974513 2539
1768075042903 0.0010000000474974513 2549
1768075043638 0.0010000000474974513 2559
1768075044372 0.0010000000474974513 2569
1768075045105 0.0010000000474974513 2579
1768075045839 0.0010000000474974513 2589
1768075046574 0.0010000000474974513 2599
1768075047308 0.0010000000474974513 2609
1768075048043 0.0010000000474974513 2619
1768075048778 0.0010000000474974513 2629
1768075049513 0.0010000000474974513 2639
1768075050250 0.0010000000474974513 2649
1768075050986 0.0010000000474974513 2659
1768075051721 0.0010000000474974513 2669
1768075052456 0.0010000000474974513 2679
1768075053191 0.0010000000474974513 2689
1768075053927 0.0010000000474974513 2699
1768075054663 0.0010000000474974513 2709
1768075055398 0.0010000000474974513 2719
1768075056134 0.0010000000474974513 2729
1768075056871 0.0010000000474974513 2739
1768075057604 0.0010000000474974513 2749
1768075058340 0.0010000000474974513 2759
1768075059075 0.0010000000474974513 2769
1768075059812 0.0010000000474974513 2779
1768075060547 0.0010000000474974513 2789
1768075061281 0.0010000000474974513 2799
1768075062017 0.0010000000474974513 2809
1768075062753 0.0010000000474974513 2819
1768075063487 0.0010000000474974513 2829
1768075064225 0.0010000000474974513 2839
1768075064961 0.0010000000474974513 2849
1768075065694 0.0010000000474974513 2859
1768075066429 0.0010000000474974513 2869
1768075067163 0.0010000000474974513 2879
1768075231105 0.0010000000474974513 2889
1768075231840 0.0010000000474974513 2899
1768075232575 0.0010000000474974513 2909
1768075233309 0.0010000000474974513 2919
1768075234045 0.0010000000474974513 2929
1768075234780 0.0010000000474974513 2939
1768075235515 0.0010000000474974513 2949
1768075236251 0.0010000000474974513 2959
1768075236984 0.0010000000474974513 2969
1768075237719 0.0010000000474974513 2979
1768075238454 0.0010000000474974513 2989
1768075239187 0.0010000000474974513 2999
1768075239922 0.0010000000474974513 3009
1768075240658 0.0010000000474974513 3019
1768075241396 0.0010000000474974513 3029
1768075242133 0.0010000000474974513 3039
1768075242867 0.0010000000474974513 3049
1768075243602 0.0010000000474974513 3059
1768075244338 0.0010000000474974513 3069
1768075245072 0.0010000000474974513 3079
1768075245806 0.0010000000474974513 3089
1768075246543 0.0010000000474974513 3099
1768075247279 0.0010000000474974513 3109
1768075248015 0.0010000000474974513 3119
1768075248751 0.0010000000474974513 3129
1768075249486 0.0010000000474974513 3139
1768075250220 0.0010000000474974513 3149
1768075250954 0.0010000000474974513 3159
1768075251689 0.0010000000474974513 3169
1768075252422 0.0010000000474974513 3179
1768075253157 0.0010000000474974513 3189
1768075253892 0.0010000000474974513 3199
1768075254627 0.0010000000474974513 3209
1768075255360 0.0010000000474974513 3219
1768075256095 0.0010000000474974513 3229
1768075256831 0.0010000000474974513 3239
1768075257565 0.0010000000474974513 3249
1768075258301 0.0010000000474974513 3259
1768075259035 0.0010000000474974513 3269
1768075259770 0.0010000000474974513 3279
1768075260506 0.0010000000474974513 3289
1768075261240 0.0010000000474974513 3299
1768075261975 0.0010000000474974513 3309
1768075262711 0.0010000000474974513 3319
1768075263445 0.0010000000474974513 3329
1768075264182 0.0010000000474974513 3339
1768075264917 0.0010000000474974513 3349
1768075265651 0.0010000000474974513 3359
1768075266387 0.0010000000474974513 3369
1768075267122 0.0010000000474974513 3379
1768075267857 0.0010000000474974513 3389
1768075268595 0.0010000000474974513 3399
1768075269331 0.0010000000474974513 3409
1768075270069 0.0010000000474974513 3419
1768075270807 0.0010000000474974513 3429
1768075271544 0.0010000000474974513 3439
1768075272281 0.0010000000474974513 3449
1768075273016 0.0010000000474974513 3459
1768075273751 0.0010000000474974513 3469
1768075274485 0.0010000000474974513 3479
1768075275219 0.0010000000474974513 3489
1768075275955 0.0010000000474974513 3499
1768075276692 0.0010000000474974513 3509
1768075277426 0.0010000000474974513 3519
1768075278162 0.0010000000474974513 3529
1768075278897 0.0010000000474974513 3539
1768075279630 0.0010000000474974513 3549
1768075280366 0.0010000000474974513 3559
1768075281101 0.0010000000474974513 3569
1768075281835 0.0010000000474974513 3579
1768075282570 0.0010000000474974513 3589
1768075283306 0.0010000000474974513 3599
1768075284048 0.0010000000474974513 3609
1768075284785 0.0010000000474974513 3619
1768075285520 0.0010000000474974513 3629
1768075286256 0.0010000000474974513 3639
1768075286990 0.0010000000474974513 3649
1768075287726 0.0010000000474974513 3659
1768075288462 0.0010000000474974513 3669
1768075289197 0.0010000000474974513 3679
1768075289931 0.0010000000474974513 3689
1768075290666 0.0010000000474974513 3699
1768075291402 0.0010000000474974513 3709
1768075292137 0.0010000000474974513 3719
1768075292873 0.0010000000474974513 3729
1768075293608 0.0010000000474974513 3739
1768075294344 0.0010000000474974513 3749
1768075295081 0.0010000000474974513 3759
1768075295817 0.0010000000474974513 3769
1768075296554 0.0010000000474974513 3779
1768075297291 0.0010000000474974513 3789
1768075298028 0.0010000000474974513 3799
1768075298765 0.0010000000474974513 3809
1768075299502 0.0010000000474974513 3819
1768075300238 0.0010000000474974513 3829
1768075300974 0.0010000000474974513 3839
1768075301711 0.0010000000474974513 3849
1768075302448 0.0010000000474974513 3859
1768075303186 0.0010000000474974513 3869
1768075303923 0.0010000000474974513 3879
1768075304661 0.0010000000474974513 3889
1768075305400 0.0010000000474974513 3899
1768075306136 0.0010000000474974513 3909
1768075306873 0.0010000000474974513 3919
1768075307608 0.0010000000474974513 3929
1768075308342 0.0010000000474974513 3939
1768075309078 0.0010000000474974513 3949
1768075309814 0.0010000000474974513 3959
1768075310548 0.0010000000474974513 3969
1768075311283 0.0010000000474974513 3979
1768075312020 0.0010000000474974513 3989
1768075312757 0.0010000000474974513 3999
1768075313493 0.0010000000474974513 4009
1768075314226 0.0010000000474974513 4019
1768075314962 0.0010000000474974513 4029
1768075315696 0.0010000000474974513 4039
1768075316431 0.0010000000474974513 4049
1768075317166 0.0010000000474974513 4059
1768075317902 0.0010000000474974513 4069
1768075318637 0.0010000000474974513 4079
1768075319373 0.0010000000474974513 4089
1768075320110 0.0010000000474974513 4099
1768075320846 0.0010000000474974513 4109
1768075321583 0.0010000000474974513 4119
1768075322316 0.0010000000474974513 4129
1768075323052 0.0010000000474974513 4139
1768075323788 0.0010000000474974513 4149
1768075324521 0.0010000000474974513 4159
1768075325257 0.0010000000474974513 4169
1768075325994 0.0010000000474974513 4179
1768075326727 0.0010000000474974513 4189
1768075327462 0.0010000000474974513 4199
1768075328198 0.0010000000474974513 4209
1768075328934 0.0010000000474974513 4219
1768075329668 0.0010000000474974513 4229
1768075330404 0.0010000000474974513 4239
1768075331140 0.0010000000474974513 4249
1768075331876 0.0010000000474974513 4259
1768075332612 0.0010000000474974513 4269
1768075333347 0.0010000000474974513 4279
1768075334083 0.0010000000474974513 4289
1768075334820 0.0010000000474974513 4299
1768075335555 0.0010000000474974513 4309
1768075336289 0.0010000000474974513 4319
1768075495230 0.0010000000474974513 4329
1768075495964 0.0010000000474974513 4339
1768075496700 0.0010000000474974513 4349
1768075497434 0.0010000000474974513 4359
1768075498169 0.0010000000474974513 4369
1768075498903 0.0010000000474974513 4379
1768075499637 0.0010000000474974513 4389
1768075500372 0.0010000000474974513 4399
1768075501106 0.0010000000474974513 4409
1768075501843 0.0010000000474974513 4419
1768075502579 0.0010000000474974513 4429
1768075503312 0.0010000000474974513 4439
1768075504049 0.0010000000474974513 4449
1768075504784 0.0010000000474974513 4459
1768075505518 0.0010000000474974513 4469
1768075506252 0.0010000000474974513 4479
1768075506988 0.0010000000474974513 4489
1768075507723 0.0010000000474974513 4499
1768075508457 0.0010000000474974513 4509
1768075509191 0.0010000000474974513 4519
1768075509927 0.0010000000474974513 4529
1768075510663 0.0010000000474974513 4539
1768075511397 0.0010000000474974513 4549
1768075512133 0.0010000000474974513 4559
1768075512870 0.0010000000474974513 4569
1768075513605 0.0010000000474974513 4579
1768075514341 0.0010000000474974513 4589
1768075515077 0.0010000000474974513 4599
1768075515813 0.0010000000474974513 4609
1768075516548 0.0010000000474974513 4619
1768075517283 0.0010000000474974513 4629
1768075518018 0.0010000000474974513 4639
1768075518754 0.0010000000474974513 4649
1768075519490 0.0010000000474974513 4659
1768075520229 0.0010000000474974513 4669
1768075520965 0.0010000000474974513 4679
1768075521701 0.0010000000474974513 4689
1768075522438 0.0010000000474974513 4699
1768075523174 0.0010000000474974513 4709
1768075523908 0.0010000000474974513 4719
1768075524643 0.0010000000474974513 4729
1768075525378 0.0010000000474974513 4739
1768075526112 0.0010000000474974513 4749
1768075526848 0.0010000000474974513 4759
1768075527583 0.0010000000474974513 4769
1768075528319 0.0010000000474974513 4779
1768075529054 0.0010000000474974513 4789
1768075529788 0.0010000000474974513 4799
1768075530523 0.0010000000474974513 4809
1768075531259 0.0010000000474974513 4819
1768075531994 0.0010000000474974513 4829
1768075532730 0.0010000000474974513 4839
1768075533465 0.0010000000474974513 4849
1768075534199 0.0010000000474974513 4859
1768075534933 0.0010000000474974513 4869
1768075535668 0.0010000000474974513 4879
1768075536404 0.0010000000474974513 4889
1768075537140 0.0010000000474974513 4899
1768075537873 0.0010000000474974513 4909
1768075538608 0.0010000000474974513 4919
1768075539344 0.0010000000474974513 4929
1768075540079 0.0010000000474974513 4939
1768075540813 0.0010000000474974513 4949
1768075541549 0.0010000000474974513 4959
1768075542283 0.0010000000474974513 4969
1768075543020 0.0010000000474974513 4979
1768075543757 0.0010000000474974513 4989
1768075544493 0.0010000000474974513 4999
1768075545234 0.0010000000474974513 5009
1768075545970 0.0010000000474974513 5019
1768075546705 0.0010000000474974513 5029
1768075547440 0.0010000000474974513 5039
1768075548176 0.0010000000474974513 5049
1768075548912 0.0010000000474974513 5059
1768075549649 0.0010000000474974513 5069
1768075550383 0.0010000000474974513 5079
1768075551119 0.0010000000474974513 5089
1768075551856 0.0010000000474974513 5099
1768075552590 0.0010000000474974513 5109
1768075553325 0.0010000000474974513 5119
1768075554061 0.0010000000474974513 5129
1768075554796 0.0010000000474974513 5139
1768075555532 0.0010000000474974513 5149
1768075556267 0.0010000000474974513 5159
1768075557003 0.0010000000474974513 5169
1768075557740 0.0010000000474974513 5179
1768075558474 0.0010000000474974513 5189
1768075559210 0.0010000000474974513 5199
1768075559945 0.0010000000474974513 5209
1768075560680 0.0010000000474974513 5219
1768075561415 0.0010000000474974513 5229
1768075562150 0.0010000000474974513 5239
1768075562886 0.0010000000474974513 5249
1768075563621 0.0010000000474974513 5259
1768075564354 0.0010000000474974513 5269
1768075565090 0.0010000000474974513 5279
1768075565825 0.0010000000474974513 5289
1768075566560 0.0010000000474974513 5299
1768075567295 0.0010000000474974513 5309
1768075568030 0.0010000000474974513 5319
1768075568764 0.0010000000474974513 5329
1768075569499 0.0010000000474974513 5339
1768075570234 0.0010000000474974513 5349
1768075570968 0.0010000000474974513 5359
1768075571705 0.0010000000474974513 5369
1768075572438 0.0010000000474974513 5379
1768075573173 0.0010000000474974513 5389
1768075573909 0.0010000000474974513 5399
1768075574644 0.0010000000474974513 5409
1768075575380 0.0010000000474974513 5419
1768075576118 0.0010000000474974513 5429
1768075576853 0.0010000000474974513 5439
1768075577587 0.0010000000474974513 5449
1768075578322 0.0010000000474974513 5459
1768075579057 0.0010000000474974513 5469
1768075579794 0.0010000000474974513 5479
1768075580529 0.0010000000474974513 5489
1768075581264 0.0010000000474974513 5499
1768075582001 0.0010000000474974513 5509
1768075582738 0.0010000000474974513 5519
1768075583474 0.0010000000474974513 5529
1768075584209 0.0010000000474974513 5539
1768075584945 0.0010000000474974513 5549
1768075585681 0.0010000000474974513 5559
1768075586416 0.0010000000474974513 5569
1768075587151 0.0010000000474974513 5579
1768075587886 0.0010000000474974513 5589
1768075588622 0.0010000000474974513 5599
1768075589357 0.0010000000474974513 5609
1768075590093 0.0010000000474974513 5619
1768075590828 0.0010000000474974513 5629
1768075591563 0.0010000000474974513 5639
1768075592299 0.0010000000474974513 5649
1768075593034 0.0010000000474974513 5659
1768075593770 0.0010000000474974513 5669
1768075594506 0.0010000000474974513 5679
1768075595242 0.0010000000474974513 5689
1768075595979 0.0010000000474974513 5699
1768075596716 0.0010000000474974513 5709
1768075597450 0.0010000000474974513 5719
1768075598187 0.0010000000474974513 5729
1768075598921 0.0010000000474974513 5739
1768075599656 0.0010000000474974513 5749
1768075600391 0.0010000000474974513 5759
1768075759669 0.0010000000474974513 5769
1768075760404 0.0010000000474974513 5779
1768075761138 0.0010000000474974513 5789
1768075761874 0.0010000000474974513 5799
1768075762609 0.0010000000474974513 5809
1768075763344 0.0010000000474974513 5819
1768075764082 0.0010000000474974513 5829
1768075764817 0.0010000000474974513 5839
1768075765554 0.0010000000474974513 5849
1768075766289 0.0010000000474974513 5859
1768075767024 0.0010000000474974513 5869
1768075767762 0.0010000000474974513 5879
1768075768500 0.0010000000474974513 5889
1768075769237 0.0010000000474974513 5899
1768075769973 0.0010000000474974513 5909
1768075770708 0.0010000000474974513 5919
1768075771442 0.0010000000474974513 5929
1768075772178 0.0010000000474974513 5939
1768075772912 0.0010000000474974513 5949
1768075773648 0.0010000000474974513 5959
1768075774383 0.0010000000474974513 5969
1768075775118 0.0010000000474974513 5979
1768075775853 0.0010000000474974513 5989
1768075776588 0.0010000000474974513 5999
1768075777323 0.0010000000474974513 6009
1768075778062 0.0010000000474974513 6019
1768075778798 0.0010000000474974513 6029
1768075779533 0.0010000000474974513 6039
1768075780269 0.0010000000474974513 6049
1768075781004 0.0010000000474974513 6059
1768075781740 0.0010000000474974513 6069
1768075782476 0.0010000000474974513 6079
1768075783210 0.0010000000474974513 6089
1768075783947 0.0010000000474974513 6099
1768075784682 0.0010000000474974513 6109
1768075785416 0.0010000000474974513 6119
1768075786152 0.0010000000474974513 6129
1768075786888 0.0010000000474974513 6139
1768075787625 0.0010000000474974513 6149
1768075788365 0.0010000000474974513 6159
1768075789102 0.0010000000474974513 6169
1768075789836 0.0010000000474974513 6179
1768075790573 0.0010000000474974513 6189
1768075791309 0.0010000000474974513 6199
1768075792048 0.0010000000474974513 6209
1768075792785 0.0010000000474974513 6219
1768075793524 0.0010000000474974513 6229
1768075794261 0.0010000000474974513 6239
1768075794994 0.0010000000474974513 6249
1768075795729 0.0010000000474974513 6259
1768075796465 0.0010000000474974513 6269
1768075797200 0.0010000000474974513 6279
1768075797934 0.0010000000474974513 6289
1768075798671 0.0010000000474974513 6299
1768075799406 0.0010000000474974513 6309
1768075800145 0.0010000000474974513 6319
1768075800880 0.0010000000474974513 6329
1768075801615 0.0010000000474974513 6339
1768075802350 0.0010000000474974513 6349
1768075803084 0.0010000000474974513 6359
1768075803818 0.0010000000474974513 6369
1768075804553 0.0010000000474974513 6379
1768075805287 0.0010000000474974513 6389
1768075806020 0.0010000000474974513 6399
1768075806756 0.0010000000474974513 6409
1768075807490 0.0010000000474974513 6419
1768075808226 0.0010000000474974513 6429
1768075808963 0.0010000000474974513 6439
1768075809699 0.0010000000474974513 6449
1768075810435 0.0010000000474974513 6459
1768075811169 0.0010000000474974513 6469
1768075811904 0.0010000000474974513 6479
1768075812639 0.0010000000474974513 6489
1768075813372 0.0010000000474974513 6499
1768075814106 0.0010000000474974513 6509
1768075814842 0.0010000000474974513 6519
1768075815575 0.0010000000474974513 6529
1768075816310 0.0010000000474974513 6539
1768075817047 0.0010000000474974513 6549
1768075817783 0.0010000000474974513 6559
1768075818517 0.0010000000474974513 6569
1768075819252 0.0010000000474974513 6579
1768075819987 0.0010000000474974513 6589
1768075820722 0.0010000000474974513 6599
1768075821457 0.0010000000474974513 6609
1768075822192 0.0010000000474974513 6619
1768075822929 0.0010000000474974513 6629
1768075823663 0.0010000000474974513 6639
1768075824397 0.0010000000474974513 6649
1768075825132 0.0010000000474974513 6659
1768075825866 0.0010000000474974513 6669
1768075826603 0.0010000000474974513 6679
1768075827338 0.0010000000474974513 6689
1768075828073 0.0010000000474974513 6699
1768075828808 0.0010000000474974513 6709
1768075829543 0.0010000000474974513 6719
1768075830278 0.0010000000474974513 6729
1768075831016 0.0010000000474974513 6739
1768075831752 0.0010000000474974513 6749
1768075832486 0.0010000000474974513 6759
1768075833222 0.0010000000474974513 6769
1768075833956 0.0010000000474974513 6779
1768075834691 0.0010000000474974513 6789
1768075835426 0.0010000000474974513 6799
1768075836162 0.0010000000474974513 6809
1768075836899 0.0010000000474974513 6819
1768075837634 0.0010000000474974513 6829
1768075838369 0.0010000000474974513 6839
1768075839106 0.0010000000474974513 6849
1768075839841 0.0010000000474974513 6859
1768075840575 0.0010000000474974513 6869
1768075841310 0.0010000000474974513 6879
1768075842044 0.0010000000474974513 6889
1768075842779 0.0010000000474974513 6899
1768075843515 0.0010000000474974513 6909
1768075844249 0.0010000000474974513 6919
1768075844985 0.0010000000474974513 6929
1768075845720 0.0010000000474974513 6939
1768075846454 0.0010000000474974513 6949
1768075847193 0.0010000000474974513 6959
1768075847929 0.0010000000474974513 6969
1768075848663 0.0010000000474974513 6979
1768075849400 0.0010000000474974513 6989
1768075850136 0.0010000000474974513 6999
1768075850871 0.0010000000474974513 7009
1768075851607 0.0010000000474974513 7019
1768075852341 0.0010000000474974513 7029
1768075853077 0.0010000000474974513 7039
1768075853813 0.0010000000474974513 7049
1768075854547 0.0010000000474974513 7059
1768075855283 0.0010000000474974513 7069
1768075856018 0.0010000000474974513 7079
1768075856752 0.0010000000474974513 7089
1768075857489 0.0010000000474974513 7099
1768075858224 0.0010000000474974513 7109
1768075858959 0.0010000000474974513 7119
1768075859696 0.0010000000474974513 7129
1768075860430 0.0010000000474974513 7139
1768075861165 0.0010000000474974513 7149
1768075861901 0.0010000000474974513 7159
1768075862637 0.0010000000474974513 7169
1768075863375 0.0010000000474974513 7179
1768075864109 0.0010000000474974513 7189
1768075864843 0.0010000000474974513 7199
1768076022377 0.0010000000474974513 7209
1768076023113 0.0010000000474974513 7219
1768076023848 0.0010000000474974513 7229
1768076024583 0.0010000000474974513 7239
1768076025319 0.0010000000474974513 7249
1768076026053 0.0010000000474974513 7259
1768076026790 0.0010000000474974513 7269
1768076027526 0.0010000000474974513 7279
1768076028260 0.0010000000474974513 7289
1768076028995 0.0010000000474974513 7299
1768076029729 0.0010000000474974513 7309
1768076030463 0.0010000000474974513 7319
1768076031201 0.0010000000474974513 7329
1768076031937 0.0010000000474974513 7339
1768076032672 0.0010000000474974513 7349
1768076033409 0.0010000000474974513 7359
1768076034143 0.0010000000474974513 7369
1768076034879 0.0010000000474974513 7379
1768076035617 0.0010000000474974513 7389
1768076036354 0.0010000000474974513 7399
1768076037092 0.0010000000474974513 7409
1768076037831 0.0010000000474974513 7419
1768076038568 0.0010000000474974513 7429
1768076039307 0.0010000000474974513 7439
1768076040042 0.0010000000474974513 7449
1768076040778 0.0010000000474974513 7459
1768076041516 0.0010000000474974513 7469
1768076042252 0.0010000000474974513 7479
1768076042989 0.0010000000474974513 7489
1768076043725 0.0010000000474974513 7499
1768076044460 0.0010000000474974513 7509
1768076045195 0.0010000000474974513 7519
1768076045930 0.0010000000474974513 7529
1768076046665 0.0010000000474974513 7539
1768076047402 0.0010000000474974513 7549
1768076048140 0.0010000000474974513 7559
1768076048876 0.0010000000474974513 7569
1768076049613 0.0010000000474974513 7579
1768076050349 0.0010000000474974513 7589
1768076051087 0.0010000000474974513 7599
1768076051824 0.0010000000474974513 7609
1768076052560 0.0010000000474974513 7619
1768076053295 0.0010000000474974513 7629
1768076054030 0.0010000000474974513 7639
1768076054763 0.0010000000474974513 7649
1768076055499 0.0010000000474974513 7659
1768076056234 0.0010000000474974513 7669
1768076056968 0.0010000000474974513 7679
1768076057703 0.0010000000474974513 7689
1768076058437 0.0010000000474974513 7699
1768076059172 0.0010000000474974513 7709
1768076059908 0.0010000000474974513 7719
1768076060642 0.0010000000474974513 7729
1768076061378 0.0010000000474974513 7739
1768076062113 0.0010000000474974513 7749
1768076062846 0.0010000000474974513 7759
1768076063581 0.0010000000474974513 7769
1768076064316 0.0010000000474974513 7779
1768076065050 0.0010000000474974513 7789
1768076065785 0.0010000000474974513 7799
1768076066519 0.0010000000474974513 7809
1768076067256 0.0010000000474974513 7819
1768076067992 0.0010000000474974513 7829
1768076068727 0.0010000000474974513 7839
1768076069462 0.0010000000474974513 7849
1768076070198 0.0010000000474974513 7859
1768076070933 0.0010000000474974513 7869
1768076071668 0.0010000000474974513 7879
1768076072404 0.0010000000474974513 7889
1768076073138 0.0010000000474974513 7899
1768076073874 0.0010000000474974513 7909
1768076074608 0.0010000000474974513 7919
1768076075342 0.0010000000474974513 7929
1768076076078 0.0010000000474974513 7939
1768076076812 0.0010000000474974513 7949
1768076077546 0.0010000000474974513 7959
1768076078284 0.0010000000474974513 7969
1768076079020 0.0010000000474974513 7979
1768076079757 0.0010000000474974513 7989
1768076080660 0.0010000000474974513 7999
1768076081393 0.0010000000474974513 8009
1768076082129 0.0010000000474974513 8019
1768076082863 0.0010000000474974513 8029
1768076083597 0.0010000000474974513 8039
1768076084332 0.0010000000474974513 8049
1768076085067 0.0010000000474974513 8059
1768076085802 0.0010000000474974513 8069
1768076086537 0.0010000000474974513 8079
1768076087271 0.0010000000474974513 8089
1768076088006 0.0010000000474974513 8099
1768076088741 0.0010000000474974513 8109
1768076089476 0.0010000000474974513 8119
1768076090210 0.0010000000474974513 8129
1768076090945 0.0010000000474974513 8139
1768076091681 0.0010000000474974513 8149
1768076092420 0.0010000000474974513 8159
1768076093155 0.0010000000474974513 8169
1768076093891 0.0010000000474974513 8179
1768076094626 0.0010000000474974513 8189
1768076095360 0.0010000000474974513 8199
1768076096095 0.0010000000474974513 8209
1768076096829 0.0010000000474974513 8219
1768076097567 0.0010000000474974513 8229
1768076098302 0.0010000000474974513 8239
1768076099037 0.0010000000474974513 8249
1768076099772 0.0010000000474974513 8259
1768076100510 0.0010000000474974513 8269
1768076101244 0.0010000000474974513 8279
1768076101980 0.0010000000474974513 8289
1768076102717 0.0010000000474974513 8299
1768076103451 0.0010000000474974513 8309
1768076104186 0.0010000000474974513 8319
1768076104924 0.0010000000474974513 8329
1768076105659 0.0010000000474974513 8339
1768076106394 0.0010000000474974513 8349
1768076107131 0.0010000000474974513 8359
1768076107866 0.0010000000474974513 8369
1768076108602 0.0010000000474974513 8379
1768076109339 0.0010000000474974513 8389
1768076110074 0.0010000000474974513 8399
1768076110821 0.0010000000474974513 8409
1768076111557 0.0010000000474974513 8419
1768076112292 0.0010000000474974513 8429
1768076113027 0.0010000000474974513 8439
1768076113761 0.0010000000474974513 8449
1768076114497 0.0010000000474974513 8459
1768076115234 0.0010000000474974513 8469
1768076115969 0.0010000000474974513 8479
1768076116705 0.0010000000474974513 8489
1768076117440 0.0010000000474974513 8499
1768076118176 0.0010000000474974513 8509
1768076118917 0.0010000000474974513 8519
1768076119652 0.0010000000474974513 8529
1768076120389 0.0010000000474974513 8539
1768076121124 0.0010000000474974513 8549
1768076121860 0.0010000000474974513 8559
1768076122600 0.0010000000474974513 8569
1768076123337 0.0010000000474974513 8579
1768076124072 0.0010000000474974513 8589
1768076124808 0.0010000000474974513 8599
1768076125544 0.0010000000474974513 8609
1768076126280 0.0010000000474974513 8619
1768076127017 0.0010000000474974513 8629
1768076127753 0.0010000000474974513 8639
1768076284689 0.0010000000474974513 8649
1768076285424 0.0010000000474974513 8659
1768076286157 0.0010000000474974513 8669
1768076286891 0.0010000000474974513 8679
1768076287626 0.0010000000474974513 8689
1768076288360 0.0010000000474974513 8699
1768076289097 0.0010000000474974513 8709
1768076289831 0.0010000000474974513 8719
1768076290565 0.0010000000474974513 8729
1768076291300 0.0010000000474974513 8739
1768076292036 0.0010000000474974513 8749
1768076292770 0.0010000000474974513 8759
1768076293507 0.0010000000474974513 8769
1768076294240 0.0010000000474974513 8779
1768076294975 0.0010000000474974513 8789
1768076295711 0.0010000000474974513 8799
1768076296445 0.0010000000474974513 8809
1768076297181 0.0010000000474974513 8819
1768076297916 0.0010000000474974513 8829
1768076298652 0.0010000000474974513 8839
1768076299389 0.0010000000474974513 8849
1768076300125 0.0010000000474974513 8859
1768076300861 0.0010000000474974513 8869
1768076301597 0.0010000000474974513 8879
1768076302332 0.0010000000474974513 8889
1768076303066 0.0010000000474974513 8899
1768076303801 0.0010000000474974513 8909
1768076304537 0.0010000000474974513 8919
1768076305271 0.0010000000474974513 8929
1768076306005 0.0010000000474974513 8939
1768076306740 0.0010000000474974513 8949
1768076307476 0.0010000000474974513 8959
1768076308211 0.0010000000474974513 8969
1768076308946 0.0010000000474974513 8979
1768076309682 0.0010000000474974513 8989
1768076310416 0.0010000000474974513 8999
1768076311151 0.0010000000474974513 9009
1768076311889 0.0010000000474974513 9019
1768076312628 0.0010000000474974513 9029
1768076313363 0.0010000000474974513 9039
1768076314099 0.0010000000474974513 9049
1768076314833 0.0010000000474974513 9059
1768076315569 0.0010000000474974513 9069
1768076316304 0.0010000000474974513 9079
1768076317040 0.0010000000474974513 9089
1768076317776 0.0010000000474974513 9099
1768076318510 0.0010000000474974513 9109
1768076319246 0.0010000000474974513 9119
1768076319983 0.0010000000474974513 9129
1768076320720 0.0010000000474974513 9139
1768076321456 0.0010000000474974513 9149
1768076322192 0.0010000000474974513 9159
1768076322929 0.0010000000474974513 9169
1768076323668 0.0010000000474974513 9179
1768076324405 0.0010000000474974513 9189
1768076325141 0.0010000000474974513 9199
1768076325879 0.0010000000474974513 9209
1768076326615 0.0010000000474974513 9219
1768076327352 0.0010000000474974513 9229
1768076328092 0.0010000000474974513 9239
1768076328829 0.0010000000474974513 9249
1768076329566 0.0010000000474974513 9259
1768076330302 0.0010000000474974513 9269
1768076331039 0.0010000000474974513 9279
1768076331775 0.0010000000474974513 9289
1768076332513 0.0010000000474974513 9299
1768076333250 0.0010000000474974513 9309
1768076333987 0.0010000000474974513 9319
1768076334725 0.0010000000474974513 9329
1768076335461 0.0010000000474974513 9339
1768076336201 0.0010000000474974513 9349
1768076336939 0.0010000000474974513 9359
1768076337676 0.0010000000474974513 9369
1768076338413 0.0010000000474974513 9379
1768076339149 0.0010000000474974513 9389
1768076339886 0.0010000000474974513 9399
1768076340626 0.0010000000474974513 9409
1768076341364 0.0010000000474974513 9419
1768076342104 0.0010000000474974513 9429
1768076342841 0.0010000000474974513 9439
1768076343577 0.0010000000474974513 9449
1768076344315 0.0010000000474974513 9459
1768076345051 0.0010000000474974513 9469
1768076345787 0.0010000000474974513 9479
1768076346525 0.0010000000474974513 9489
1768076347263 0.0010000000474974513 9499
1768076348001 0.0010000000474974513 9509
1768076348739 0.0010000000474974513 9519
1768076349478 0.0010000000474974513 9529
1768076350216 0.0010000000474974513 9539
1768076350952 0.0010000000474974513 9549
1768076351690 0.0010000000474974513 9559
1768076352428 0.0010000000474974513 9569
1768076353164 0.0010000000474974513 9579
1768076353902 0.0010000000474974513 9589
1768076354640 0.0010000000474974513 9599
1768076355376 0.0010000000474974513 9609
1768076356116 0.0010000000474974513 9619
1768076356855 0.0010000000474974513 9629
1768076357592 0.0010000000474974513 9639
1768076358331 0.0010000000474974513 9649
1768076359068 0.0010000000474974513 9659
1768076359806 0.0010000000474974513 9669
1768076360543 0.0010000000474974513 9679
1768076361279 0.0010000000474974513 9689
1768076362017 0.0010000000474974513 9699
1768076362755 0.0010000000474974513 9709
1768076363490 0.0010000000474974513 9719
1768076364226 0.0010000000474974513 9729
1768076364963 0.0010000000474974513 9739
1768076365700 0.0010000000474974513 9749
1768076366437 0.0010000000474974513 9759
1768076367175 0.0010000000474974513 9769
1768076367913 0.0010000000474974513 9779
1768076368651 0.0010000000474974513 9789
1768076369388 0.0010000000474974513 9799
1768076370126 0.0010000000474974513 9809
1768076370865 0.0010000000474974513 9819
1768076371602 0.0010000000474974513 9829
1768076372340 0.0010000000474974513 9839
1768076373078 0.0010000000474974513 9849
1768076373815 0.0010000000474974513 9859
1768076374553 0.0010000000474974513 9869
1768076375291 0.0010000000474974513 9879
1768076376029 0.0010000000474974513 9889
1768076376768 0.0010000000474974513 9899
1768076377505 0.0010000000474974513 9909
1768076378242 0.0010000000474974513 9919
1768076378981 0.0010000000474974513 9929
1768076379719 0.0010000000474974513 9939
1768076380458 0.0010000000474974513 9949
1768076381195 0.0010000000474974513 9959
1768076381933 0.0010000000474974513 9969
1768076382672 0.0010000000474974513 9979
1768076383408 0.0010000000474974513 9989
1768076384145 0.0010000000474974513 9999
1768076384883 0.0010000000474974513 10009
1768076385620 0.0010000000474974513 10019
1768076386359 0.0010000000474974513 10029
1768076387097 0.0010000000474974513 10039
1768076387835 0.0010000000474974513 10049
1768076388580 0.0010000000474974513 10059
1768076389319 0.0010000000474974513 10069
1768076390056 0.0010000000474974513 10079
1768076545729 0.0010000000474974513 10089
1768076546462 0.0010000000474974513 10099
1768076547197 0.0010000000474974513 10109
1768076547931 0.0010000000474974513 10119
1768076548665 0.0010000000474974513 10129
1768076549398 0.0010000000474974513 10139
1768076550132 0.0010000000474974513 10149
1768076550866 0.0010000000474974513 10159
1768076551600 0.0010000000474974513 10169
1768076552332 0.0010000000474974513 10179
1768076553068 0.0010000000474974513 10189
1768076553801 0.0010000000474974513 10199
1768076554533 0.0010000000474974513 10209
1768076555268 0.0010000000474974513 10219
1768076556002 0.0010000000474974513 10229
1768076556735 0.0010000000474974513 10239
1768076557470 0.0010000000474974513 10249
1768076558204 0.0010000000474974513 10259
1768076558938 0.0010000000474974513 10269
1768076559673 0.0010000000474974513 10279
1768076560407 0.0010000000474974513 10289
1768076561141 0.0010000000474974513 10299
1768076561875 0.0010000000474974513 10309
1768076562609 0.0010000000474974513 10319
1768076563343 0.0010000000474974513 10329
1768076564078 0.0010000000474974513 10339
1768076564811 0.0010000000474974513 10349
1768076565545 0.0010000000474974513 10359
1768076566280 0.0010000000474974513 10369
1768076567015 0.0010000000474974513 10379
1768076567749 0.0010000000474974513 10389
1768076568483 0.0010000000474974513 10399
1768076569218 0.0010000000474974513 10409
1768076569952 0.0010000000474974513 10419
1768076570686 0.0010000000474974513 10429
1768076571421 0.0010000000474974513 10439
1768076572155 0.0010000000474974513 10449
1768076572888 0.0010000000474974513 10459
1768076573623 0.0010000000474974513 10469
1768076574357 0.0010000000474974513 10479
1768076575091 0.0010000000474974513 10489
1768076575824 0.0010000000474974513 10499
1768076576558 0.0010000000474974513 10509
1768076577292 0.0010000000474974513 10519
1768076578028 0.0010000000474974513 10529
1768076578762 0.0010000000474974513 10539
1768076579497 0.0010000000474974513 10549
1768076580232 0.0010000000474974513 10559
1768076580965 0.0010000000474974513 10569
1768076581700 0.0010000000474974513 10579
1768076582435 0.0010000000474974513 10589
1768076583170 0.0010000000474974513 10599
1768076583904 0.0010000000474974513 10609
1768076584639 0.0010000000474974513 10619
1768076585374 0.0010000000474974513 10629
1768076586108 0.0010000000474974513 10639
1768076586842 0.0010000000474974513 10649
1768076587577 0.0010000000474974513 10659
1768076588312 0.0010000000474974513 10669
1768076589046 0.0010000000474974513 10679
1768076589780 0.0010000000474974513 10689
1768076590515 0.0010000000474974513 10699
1768076591248 0.0010000000474974513 10709
1768076591982 0.0010000000474974513 10719
1768076592717 0.0010000000474974513 10729
1768076593451 0.0010000000474974513 10739
1768076594185 0.0010000000474974513 10749
1768076594920 0.0010000000474974513 10759
1768076595654 0.0010000000474974513 10769
1768076596388 0.0010000000474974513 10779
1768076597123 0.0010000000474974513 10789
1768076597857 0.0010000000474974513 10799
1768076598592 0.0010000000474974513 10809
1768076599325 0.0010000000474974513 10819
1768076600059 0.0010000000474974513 10829
1768076600794 0.0010000000474974513 10839
1768076601527 0.0010000000474974513 10849
1768076602264 0.0010000000474974513 10859
1768076603002 0.0010000000474974513 10869
1768076603737 0.0010000000474974513 10879
1768076604476 0.0010000000474974513 10889
1768076605213 0.0010000000474974513 10899
1768076605950 0.0010000000474974513 10909
1768076606686 0.0010000000474974513 10919
1768076607420 0.0010000000474974513 10929
1768076608154 0.0010000000474974513 10939
1768076608889 0.0010000000474974513 10949
1768076609622 0.0010000000474974513 10959
1768076610358 0.0010000000474974513 10969
1768076611094 0.0010000000474974513 10979
1768076611828 0.0010000000474974513 10989
1768076612564 0.0010000000474974513 10999
1768076613298 0.0010000000474974513 11009
1768076614032 0.0010000000474974513 11019
1768076614766 0.0010000000474974513 11029
1768076615500 0.0010000000474974513 11039
1768076616235 0.0010000000474974513 11049
1768076616969 0.0010000000474974513 11059
1768076617703 0.0010000000474974513 11069
1768076618439 0.0010000000474974513 11079
1768076619174 0.0010000000474974513 11089
1768076619907 0.0010000000474974513 11099
1768076620642 0.0010000000474974513 11109
1768076621378 0.0010000000474974513 11119
1768076622112 0.0010000000474974513 11129
1768076622847 0.0010000000474974513 11139
1768076623580 0.0010000000474974513 11149
1768076624315 0.0010000000474974513 11159
1768076625050 0.0010000000474974513 11169
1768076625784 0.0010000000474974513 11179
1768076626520 0.0010000000474974513 11189
1768076627256 0.0010000000474974513 11199
1768076627990 0.0010000000474974513 11209
1768076628726 0.0010000000474974513 11219
1768076629460 0.0010000000474974513 11229
1768076630195 0.0010000000474974513 11239
1768076630931 0.0010000000474974513 11249
1768076631665 0.0010000000474974513 11259
1768076632401 0.0010000000474974513 11269
1768076633136 0.0010000000474974513 11279
1768076633870 0.0010000000474974513 11289
1768076634605 0.0010000000474974513 11299
1768076635340 0.0010000000474974513 11309
1768076636073 0.0010000000474974513 11319
1768076636809 0.0010000000474974513 11329
1768076637544 0.0010000000474974513 11339
1768076638278 0.0010000000474974513 11349
1768076639013 0.0010000000474974513 11359
1768076639748 0.0010000000474974513 11369
1768076640484 0.0010000000474974513 11379
1768076641220 0.0010000000474974513 11389
1768076641954 0.0010000000474974513 11399
1768076642690 0.0010000000474974513 11409
1768076643425 0.0010000000474974513 11419
1768076644159 0.0010000000474974513 11429
1768076644893 0.0010000000474974513 11439
1768076645629 0.0010000000474974513 11449
1768076646363 0.0010000000474974513 11459
1768076647098 0.0010000000474974513 11469
1768076647834 0.0010000000474974513 11479
1768076648568 0.0010000000474974513 11489
1768076649303 0.0010000000474974513 11499
1768076650038 0.0010000000474974513 11509
1768076650773 0.0010000000474974513 11519
1768076806558 0.0010000000474974513 11529
1768076807292 0.0010000000474974513 11539
1768076808026 0.0010000000474974513 11549
1768076808760 0.0010000000474974513 11559
1768076809494 0.0010000000474974513 11569
1768076810227 0.0010000000474974513 11579
1768076810960 0.0010000000474974513 11589
1768076811694 0.0010000000474974513 11599
1768076812429 0.0010000000474974513 11609
1768076813162 0.0010000000474974513 11619
1768076813895 0.0010000000474974513 11629
1768076814629 0.0010000000474974513 11639
1768076815363 0.0010000000474974513 11649
1768076816096 0.0010000000474974513 11659
1768076816830 0.0010000000474974513 11669
1768076817563 0.0010000000474974513 11679
1768076818297 0.0010000000474974513 11689
1768076819030 0.0010000000474974513 11699
1768076819763 0.0010000000474974513 11709
1768076820497 0.0010000000474974513 11719
1768076821230 0.0010000000474974513 11729
1768076821964 0.0010000000474974513 11739
1768076822697 0.0010000000474974513 11749
1768076823430 0.0010000000474974513 11759
1768076824163 0.0010000000474974513 11769
1768076824897 0.0010000000474974513 11779
1768076825630 0.0010000000474974513 11789
1768076826364 0.0010000000474974513 11799
1768076827097 0.0010000000474974513 11809
1768076827831 0.0010000000474974513 11819
1768076828564 0.0010000000474974513 11829
1768076829298 0.0010000000474974513 11839
1768076830031 0.0010000000474974513 11849
1768076830765 0.0010000000474974513 11859
1768076831499 0.0010000000474974513 11869
1768076832232 0.0010000000474974513 11879
1768076832966 0.0010000000474974513 11889
1768076833699 0.0010000000474974513 11899
1768076834433 0.0010000000474974513 11909
1768076835168 0.0010000000474974513 11919
1768076835903 0.0010000000474974513 11929
1768076836638 0.0010000000474974513 11939
1768076837373 0.0010000000474974513 11949
1768076838109 0.0010000000474974513 11959
1768076838843 0.0010000000474974513 11969
1768076839576 0.0010000000474974513 11979
1768076840309 0.0010000000474974513 11989
1768076841042 0.0010000000474974513 11999
1768076841776 0.0010000000474974513 12009
1768076842509 0.0010000000474974513 12019
1768076843243 0.0010000000474974513 12029
1768076843976 0.0010000000474974513 12039
1768076844710 0.0010000000474974513 12049
1768076845444 0.0010000000474974513 12059
1768076846178 0.0010000000474974513 12069
1768076846912 0.0010000000474974513 12079
1768076847644 0.0010000000474974513 12089
1768076848378 0.0010000000474974513 12099
1768076849110 0.0010000000474974513 12109
1768076849842 0.0010000000474974513 12119
1768076850577 0.0010000000474974513 12129
1768076851310 0.0010000000474974513 12139
1768076852044 0.0010000000474974513 12149
1768076852777 0.0010000000474974513 12159
1768076853510 0.0010000000474974513 12169
1768076854243 0.0010000000474974513 12179
1768076854977 0.0010000000474974513 12189
1768076855710 0.0010000000474974513 12199
1768076856443 0.0010000000474974513 12209
1768076857177 0.0010000000474974513 12219
1768076857911 0.0010000000474974513 12229
1768076858644 0.0010000000474974513 12239
1768076859378 0.0010000000474974513 12249
1768076860111 0.0010000000474974513 12259
1768076860844 0.0010000000474974513 12269
1768076861578 0.0010000000474974513 12279
1768076862312 0.0010000000474974513 12289
1768076863046 0.0010000000474974513 12299
1768076863779 0.0010000000474974513 12309
1768076864514 0.0010000000474974513 12319
1768076865247 0.0010000000474974513 12329
1768076865981 0.0010000000474974513 12339
1768076866714 0.0010000000474974513 12349
1768076867448 0.0010000000474974513 12359
1768076868181 0.0010000000474974513 12369
1768076868915 0.0010000000474974513 12379
1768076869648 0.0010000000474974513 12389
1768076870382 0.0010000000474974513 12399
1768076871115 0.0010000000474974513 12409
1768076871848 0.0010000000474974513 12419
1768076872582 0.0010000000474974513 12429
1768076873315 0.0010000000474974513 12439
1768076874048 0.0010000000474974513 12449
1768076874782 0.0010000000474974513 12459
1768076875515 0.0010000000474974513 12469
1768076876248 0.0010000000474974513 12479
1768076876982 0.0010000000474974513 12489
1768076877715 0.0010000000474974513 12499
1768076878449 0.0010000000474974513 12509
1768076879183 0.0010000000474974513 12519
1768076879915 0.0010000000474974513 12529
1768076880649 0.0010000000474974513 12539
1768076881383 0.0010000000474974513 12549
1768076882117 0.0010000000474974513 12559
1768076882853 0.0010000000474974513 12569
1768076883588 0.0010000000474974513 12579
1768076884322 0.0010000000474974513 12589
1768076885058 0.0010000000474974513 12599
1768076885793 0.0010000000474974513 12609
1768076886527 0.0010000000474974513 12619
1768076887262 0.0010000000474974513 12629
1768076887998 0.0010000000474974513 12639
1768076888733 0.0010000000474974513 12649
1768076889469 0.0010000000474974513 12659
1768076890206 0.0010000000474974513 12669
1768076890942 0.0010000000474974513 12679
1768076891676 0.0010000000474974513 12689
1768076892411 0.0010000000474974513 12699
1768076893145 0.0010000000474974513 12709
1768076893879 0.0010000000474974513 12719
1768076894613 0.0010000000474974513 12729
1768076895347 0.0010000000474974513 12739
1768076896080 0.0010000000474974513 12749
1768076896815 0.0010000000474974513 12759
1768076897549 0.0010000000474974513 12769
1768076898283 0.0010000000474974513 12779
1768076899017 0.0010000000474974513 12789
1768076899752 0.0010000000474974513 12799
1768076900486 0.0010000000474974513 12809
1768076901219 0.0010000000474974513 12819
1768076901954 0.0010000000474974513 12829
1768076902687 0.0010000000474974513 12839
1768076903420 0.0010000000474974513 12849
1768076904154 0.0010000000474974513 12859
1768076904888 0.0010000000474974513 12869
1768076905622 0.0010000000474974513 12879
1768076906356 0.0010000000474974513 12889
1768076907090 0.0010000000474974513 12899
1768076907824 0.0010000000474974513 12909
1768076908558 0.0010000000474974513 12919
1768076909292 0.0010000000474974513 12929
1768076910026 0.0010000000474974513 12939
1768076910760 0.0010000000474974513 12949
1768076911492 0.0010000000474974513 12959
1768077066255 0.0010000000474974513 12969
1768077066989 0.0010000000474974513 12979
1768077067721 0.0010000000474974513 12989
1768077068455 0.0010000000474974513 12999
1768077069187 0.0010000000474974513 13009
1768077069920 0.0010000000474974513 13019
1768077070655 0.0010000000474974513 13029
1768077071387 0.0010000000474974513 13039
1768077072121 0.0010000000474974513 13049
1768077072854 0.0010000000474974513 13059
1768077073586 0.0010000000474974513 13069
1768077074319 0.0010000000474974513 13079
1768077075052 0.0010000000474974513 13089
1768077075785 0.0010000000474974513 13099
1768077076518 0.0010000000474974513 13109
1768077077250 0.0010000000474974513 13119
1768077077984 0.0010000000474974513 13129
1768077078717 0.0010000000474974513 13139
1768077079450 0.0010000000474974513 13149
1768077080182 0.0010000000474974513 13159
1768077080916 0.0010000000474974513 13169
1768077081649 0.0010000000474974513 13179
1768077082383 0.0010000000474974513 13189
1768077083116 0.0010000000474974513 13199
1768077083850 0.0010000000474974513 13209
1768077084583 0.0010000000474974513 13219
1768077085316 0.0010000000474974513 13229
1768077086050 0.0010000000474974513 13239
1768077086784 0.0010000000474974513 13249
1768077087517 0.0010000000474974513 13259
1768077088251 0.0010000000474974513 13269
1768077088984 0.0010000000474974513 13279
1768077089718 0.0010000000474974513 13289
1768077090452 0.0010000000474974513 13299
1768077091186 0.0010000000474974513 13309
1768077091919 0.0010000000474974513 13319
1768077092653 0.0010000000474974513 13329
1768077093386 0.0010000000474974513 13339
1768077094120 0.0010000000474974513 13349
1768077094854 0.0010000000474974513 13359
1768077095587 0.0010000000474974513 13369
1768077096320 0.0010000000474974513 13379
1768077097054 0.0010000000474974513 13389
1768077097787 0.0010000000474974513 13399
1768077098519 0.0010000000474974513 13409
1768077099253 0.0010000000474974513 13419
1768077099987 0.0010000000474974513 13429
1768077100722 0.0010000000474974513 13439
1768077101456 0.0010000000474974513 13449
1768077102190 0.0010000000474974513 13459
1768077102924 0.0010000000474974513 13469
1768077103658 0.0010000000474974513 13479
1768077104391 0.0010000000474974513 13489
1768077105125 0.0010000000474974513 13499
1768077105859 0.0010000000474974513 13509
1768077106592 0.0010000000474974513 13519
1768077107326 0.0010000000474974513 13529
1768077108060 0.0010000000474974513 13539
1768077108794 0.0010000000474974513 13549
1768077109527 0.0010000000474974513 13559
1768077110261 0.0010000000474974513 13569
1768077110995 0.0010000000474974513 13579
1768077111729 0.0010000000474974513 13589
1768077112463 0.0010000000474974513 13599
1768077113196 0.0010000000474974513 13609
1768077113931 0.0010000000474974513 13619
1768077114665 0.0010000000474974513 13629
1768077115399 0.0010000000474974513 13639
1768077116133 0.0010000000474974513 13649
1768077116867 0.0010000000474974513 13659
1768077117601 0.0010000000474974513 13669
1768077118335 0.0010000000474974513 13679
1768077119069 0.0010000000474974513 13689
1768077119803 0.0010000000474974513 13699
1768077120538 0.0010000000474974513 13709
1768077121272 0.0010000000474974513 13719
1768077122006 0.0010000000474974513 13729
1768077122739 0.0010000000474974513 13739
1768077123473 0.0010000000474974513 13749
1768077124206 0.0010000000474974513 13759
1768077124940 0.0010000000474974513 13769
1768077125674 0.0010000000474974513 13779
1768077126407 0.0010000000474974513 13789
1768077127141 0.0010000000474974513 13799
1768077127874 0.0010000000474974513 13809
1768077128607 0.0010000000474974513 13819
1768077129340 0.0010000000474974513 13829
1768077130074 0.0010000000474974513 13839
1768077130810 0.0010000000474974513 13849
1768077131542 0.0010000000474974513 13859
1768077132277 0.0010000000474974513 13869
1768077133011 0.0010000000474974513 13879
1768077133744 0.0010000000474974513 13889
1768077134478 0.0010000000474974513 13899
1768077135213 0.0010000000474974513 13909
1768077135946 0.0010000000474974513 13919
1768077136680 0.0010000000474974513 13929
1768077137415 0.0010000000474974513 13939
1768077138150 0.0010000000474974513 13949
1768077138884 0.0010000000474974513 13959
1768077139620 0.0010000000474974513 13969
1768077140354 0.0010000000474974513 13979
1768077141089 0.0010000000474974513 13989
1768077141823 0.0010000000474974513 13999
1768077142558 0.0010000000474974513 14009
1768077143291 0.0010000000474974513 14019
1768077144025 0.0010000000474974513 14029
1768077144758 0.0010000000474974513 14039
1768077145492 0.0010000000474974513 14049
1768077146226 0.0010000000474974513 14059
1768077146961 0.0010000000474974513 14069
1768077147694 0.0010000000474974513 14079
1768077148428 0.0010000000474974513 14089
1768077149161 0.0010000000474974513 14099
1768077149895 0.0010000000474974513 14109
1768077150628 0.0010000000474974513 14119
1768077151362 0.0010000000474974513 14129
1768077152095 0.0010000000474974513 14139
1768077152829 0.0010000000474974513 14149
1768077153562 0.0010000000474974513 14159
1768077154294 0.0010000000474974513 14169
1768077155028 0.0010000000474974513 14179
1768077155762 0.0010000000474974513 14189
1768077156495 0.0010000000474974513 14199
1768077157227 0.0010000000474974513 14209
1768077157961 0.0010000000474974513 14219
1768077158695 0.0010000000474974513 14229
1768077159429 0.0010000000474974513 14239
1768077160162 0.0010000000474974513 14249
1768077160896 0.0010000000474974513 14259
1768077161630 0.0010000000474974513 14269
1768077162364 0.0010000000474974513 14279
1768077163099 0.0010000000474974513 14289
1768077163831 0.0010000000474974513 14299
1768077164564 0.0010000000474974513 14309
1768077165298 0.0010000000474974513 14319
1768077166032 0.0010000000474974513 14329
1768077166764 0.0010000000474974513 14339
1768077167497 0.0010000000474974513 14349
1768077168231 0.0010000000474974513 14359
1768077168964 0.0010000000474974513 14369
1768077169699 0.0010000000474974513 14379
1768077170432 0.0010000000474974513 14389
1768077171163 0.0010000000474974513 14399
1768077326389 0.0006500000017695129 14409
1768077327123 0.0006500000017695129 14419
1768077327858 0.0006500000017695129 14429
1768077328591 0.0006500000017695129 14439
1768077329325 0.0006500000017695129 14449
1768077330058 0.0006500000017695129 14459
1768077330793 0.0006500000017695129 14469
1768077331527 0.0006500000017695129 14479
1768077332260 0.0006500000017695129 14489
1768077332996 0.0006500000017695129 14499
1768077333730 0.0006500000017695129 14509
1768077334463 0.0006500000017695129 14519
1768077335196 0.0006500000017695129 14529
1768077335930 0.0006500000017695129 14539
1768077336663 0.0006500000017695129 14549
1768077337397 0.0006500000017695129 14559
1768077338130 0.0006500000017695129 14569
1768077338863 0.0006500000017695129 14579
1768077339596 0.0006500000017695129 14589
1768077340330 0.0006500000017695129 14599
1768077341062 0.0006500000017695129 14609
1768077341796 0.0006500000017695129 14619
1768077342529 0.0006500000017695129 14629
1768077343264 0.0006500000017695129 14639
1768077343998 0.0006500000017695129 14649
1768077344731 0.0006500000017695129 14659
1768077345464 0.0006500000017695129 14669
1768077346197 0.0006500000017695129 14679
1768077346931 0.0006500000017695129 14689
1768077347664 0.0006500000017695129 14699
1768077348397 0.0006500000017695129 14709
1768077349131 0.0006500000017695129 14719
1768077349865 0.0006500000017695129 14729
1768077350598 0.0006500000017695129 14739
1768077351332 0.0006500000017695129 14749
1768077352066 0.0006500000017695129 14759
1768077352800 0.0006500000017695129 14769
1768077353532 0.0006500000017695129 14779
1768077354266 0.0006500000017695129 14789
1768077355001 0.0006500000017695129 14799
1768077355735 0.0006500000017695129 14809
1768077356469 0.0006500000017695129 14819
1768077357203 0.0006500000017695129 14829
1768077357938 0.0006500000017695129 14839
1768077358671 0.0006500000017695129 14849
1768077359405 0.0006500000017695129 14859
1768077360141 0.0006500000017695129 14869
1768077360875 0.0006500000017695129 14879
1768077361610 0.0006500000017695129 14889
1768077362344 0.0006500000017695129 14899
1768077363078 0.0006500000017695129 14909
1768077363812 0.0006500000017695129 14919
1768077364546 0.0006500000017695129 14929
1768077365280 0.0006500000017695129 14939
1768077366014 0.0006500000017695129 14949
1768077366749 0.0006500000017695129 14959
1768077367482 0.0006500000017695129 14969
1768077368215 0.0006500000017695129 14979
1768077368948 0.0006500000017695129 14989
1768077369682 0.0006500000017695129 14999
1768077370417 0.0006500000017695129 15009
1768077371151 0.0006500000017695129 15019
1768077371886 0.0006500000017695129 15029
1768077372620 0.0006500000017695129 15039
1768077373355 0.0006500000017695129 15049
1768077374089 0.0006500000017695129 15059
1768077374824 0.0006500000017695129 15069
1768077375557 0.0006500000017695129 15079
1768077376291 0.0006500000017695129 15089
1768077377025 0.0006500000017695129 15099
1768077377759 0.0006500000017695129 15109
1768077378493 0.0006500000017695129 15119
1768077379227 0.0006500000017695129 15129
1768077379961 0.0006500000017695129 15139
1768077380695 0.0006500000017695129 15149
1768077381429 0.0006500000017695129 15159
1768077382164 0.0006500000017695129 15169
1768077382897 0.0006500000017695129 15179
1768077383636 0.0006500000017695129 15189
1768077384371 0.0006500000017695129 15199
1768077385105 0.0006500000017695129 15209
1768077385838 0.0006500000017695129 15219
1768077386572 0.0006500000017695129 15229
1768077387306 0.0006500000017695129 15239
1768077388040 0.0006500000017695129 15249
1768077388774 0.0006500000017695129 15259
1768077389510 0.0006500000017695129 15269
1768077390245 0.0006500000017695129 15279
1768077390979 0.0006500000017695129 15289
1768077391712 0.0006500000017695129 15299
1768077392446 0.0006500000017695129 15309
1768077393180 0.0006500000017695129 15319
1768077393915 0.0006500000017695129 15329
1768077394648 0.0006500000017695129 15339
1768077395383 0.0006500000017695129 15349
1768077396118 0.0006500000017695129 15359
1768077396852 0.0006500000017695129 15369
1768077397587 0.0006500000017695129 15379
1768077398321 0.0006500000017695129 15389
1768077399055 0.0006500000017695129 15399
1768077399789 0.0006500000017695129 15409
1768077400524 0.0006500000017695129 15419
1768077401257 0.0006500000017695129 15429
1768077401992 0.0006500000017695129 15439
1768077402726 0.0006500000017695129 15449
1768077403461 0.0006500000017695129 15459
1768077404195 0.0006500000017695129 15469
1768077404930 0.0006500000017695129 15479
1768077405664 0.0006500000017695129 15489
1768077406398 0.0006500000017695129 15499
1768077407133 0.0006500000017695129 15509
1768077407867 0.0006500000017695129 15519
1768077408601 0.0006500000017695129 15529
1768077409336 0.0006500000017695129 15539
1768077410070 0.0006500000017695129 15549
1768077410804 0.0006500000017695129 15559
1768077411538 0.0006500000017695129 15569
1768077412272 0.0006500000017695129 15579
1768077413006 0.0006500000017695129 15589
1768077413740 0.0006500000017695129 15599
1768077414473 0.0006500000017695129 15609
1768077415206 0.0006500000017695129 15619
1768077415940 0.0006500000017695129 15629
1768077416674 0.0006500000017695129 15639
1768077417408 0.0006500000017695129 15649
1768077418142 0.0006500000017695129 15659
1768077418876 0.0006500000017695129 15669
1768077419610 0.0006500000017695129 15679
1768077420344 0.0006500000017695129 15689
1768077421079 0.0006500000017695129 15699
1768077421813 0.0006500000017695129 15709
1768077422547 0.0006500000017695129 15719
1768077423281 0.0006500000017695129 15729
1768077424014 0.0006500000017695129 15739
1768077424748 0.0006500000017695129 15749
1768077425481 0.0006500000017695129 15759
1768077426215 0.0006500000017695129 15769
1768077426948 0.0006500000017695129 15779
1768077427682 0.0006500000017695129 15789
1768077428415 0.0006500000017695129 15799
1768077429149 0.0006500000017695129 15809
1768077429883 0.0006500000017695129 15819
1768077430617 0.0006500000017695129 15829
1768077431349 0.0006500000017695129 15839
1768077584520 0.0006500000017695129 15849
1768077585255 0.0006500000017695129 15859
1768077585987 0.0006500000017695129 15869
1768077586720 0.0006500000017695129 15879
1768077587453 0.0006500000017695129 15889
1768077588186 0.0006500000017695129 15899
1768077588918 0.0006500000017695129 15909
1768077589652 0.0006500000017695129 15919
1768077590384 0.0006500000017695129 15929
1768077591116 0.0006500000017695129 15939
1768077591847 0.0006500000017695129 15949
1768077592579 0.0006500000017695129 15959
1768077593311 0.0006500000017695129 15969
1768077594042 0.0006500000017695129 15979
1768077594774 0.0006500000017695129 15989
1768077595506 0.0006500000017695129 15999
1768077596240 0.0006500000017695129 16009
1768077596974 0.0006500000017695129 16019
1768077597706 0.0006500000017695129 16029
1768077598440 0.0006500000017695129 16039
1768077599173 0.0006500000017695129 16049
1768077599906 0.0006500000017695129 16059
1768077600639 0.0006500000017695129 16069
1768077601372 0.0006500000017695129 16079
1768077602107 0.0006500000017695129 16089
1768077602840 0.0006500000017695129 16099
1768077603573 0.0006500000017695129 16109
1768077604307 0.0006500000017695129 16119
1768077605040 0.0006500000017695129 16129
1768077605774 0.0006500000017695129 16139
1768077606508 0.0006500000017695129 16149
1768077607242 0.0006500000017695129 16159
1768077607975 0.0006500000017695129 16169
1768077608708 0.0006500000017695129 16179
1768077609442 0.0006500000017695129 16189
1768077610176 0.0006500000017695129 16199
1768077610911 0.0006500000017695129 16209
1768077611644 0.0006500000017695129 16219
1768077612378 0.0006500000017695129 16229
1768077613112 0.0006500000017695129 16239
1768077613846 0.0006500000017695129 16249
1768077614581 0.0006500000017695129 16259
1768077615315 0.0006500000017695129 16269
1768077616047 0.0006500000017695129 16279
1768077616780 0.0006500000017695129 16289
1768077617513 0.0006500000017695129 16299
1768077618246 0.0006500000017695129 16309
1768077618980 0.0006500000017695129 16319
1768077619713 0.0006500000017695129 16329
1768077620448 0.0006500000017695129 16339
1768077621181 0.0006500000017695129 16349
1768077621915 0.0006500000017695129 16359
1768077622648 0.0006500000017695129 16369
1768077623382 0.0006500000017695129 16379
1768077624115 0.0006500000017695129 16389
1768077624848 0.0006500000017695129 16399
1768077625583 0.0006500000017695129 16409
1768077626317 0.0006500000017695129 16419
1768077627050 0.0006500000017695129 16429
1768077627784 0.0006500000017695129 16439
1768077628517 0.0006500000017695129 16449
1768077629251 0.0006500000017695129 16459
1768077629984 0.0006500000017695129 16469
1768077630717 0.0006500000017695129 16479
1768077631450 0.0006500000017695129 16489
1768077632182 0.0006500000017695129 16499
1768077632915 0.0006500000017695129 16509
1768077633647 0.0006500000017695129 16519
1768077634381 0.0006500000017695129 16529
1768077635115 0.0006500000017695129 16539
1768077635849 0.0006500000017695129 16549
1768077636582 0.0006500000017695129 16559
1768077637315 0.0006500000017695129 16569
1768077638049 0.0006500000017695129 16579
1768077638781 0.0006500000017695129 16589
1768077639514 0.0006500000017695129 16599
1768077640247 0.0006500000017695129 16609
1768077640981 0.0006500000017695129 16619
1768077641714 0.0006500000017695129 16629
1768077642447 0.0006500000017695129 16639
1768077643182 0.0006500000017695129 16649
1768077643915 0.0006500000017695129 16659
1768077644649 0.0006500000017695129 16669
1768077645380 0.0006500000017695129 16679
1768077646114 0.0006500000017695129 16689
1768077646848 0.0006500000017695129 16699
1768077647581 0.0006500000017695129 16709
1768077648315 0.0006500000017695129 16719
1768077649048 0.0006500000017695129 16729
1768077649782 0.0006500000017695129 16739
1768077650516 0.0006500000017695129 16749
1768077651250 0.0006500000017695129 16759
1768077651982 0.0006500000017695129 16769
1768077652715 0.0006500000017695129 16779
1768077653449 0.0006500000017695129 16789
1768077654181 0.0006500000017695129 16799
1768077654914 0.0006500000017695129 16809
1768077655648 0.0006500000017695129 16819
1768077656381 0.0006500000017695129 16829
1768077657115 0.0006500000017695129 16839
1768077657848 0.0006500000017695129 16849
1768077658581 0.0006500000017695129 16859
1768077659314 0.0006500000017695129 16869
1768077660049 0.0006500000017695129 16879
1768077660783 0.0006500000017695129 16889
1768077661517 0.0006500000017695129 16899
1768077662250 0.0006500000017695129 16909
1768077662984 0.0006500000017695129 16919
1768077663718 0.0006500000017695129 16929
1768077664452 0.0006500000017695129 16939
1768077665186 0.0006500000017695129 16949
1768077665920 0.0006500000017695129 16959
1768077666654 0.0006500000017695129 16969
1768077667388 0.0006500000017695129 16979
1768077668122 0.0006500000017695129 16989
1768077668855 0.0006500000017695129 16999
1768077669590 0.0006500000017695129 17009
1768077670324 0.0006500000017695129 17019
1768077671057 0.0006500000017695129 17029
1768077671791 0.0006500000017695129 17039
1768077672524 0.0006500000017695129 17049
1768077673256 0.0006500000017695129 17059
1768077673991 0.0006500000017695129 17069
1768077674724 0.0006500000017695129 17079
1768077675457 0.0006500000017695129 17089
1768077676191 0.0006500000017695129 17099
1768077676924 0.0006500000017695129 17109
1768077677658 0.0006500000017695129 17119
1768077678392 0.0006500000017695129 17129
1768077679126 0.0006500000017695129 17139
1768077679860 0.0006500000017695129 17149
1768077680594 0.0006500000017695129 17159
1768077681327 0.0006500000017695129 17169
1768077682060 0.0006500000017695129 17179
1768077682794 0.0006500000017695129 17189
1768077683704 0.0006500000017695129 17199
1768077684435 0.0006500000017695129 17209
1768077685168 0.0006500000017695129 17219
1768077685901 0.0006500000017695129 17229
1768077686635 0.0006500000017695129 17239
1768077687368 0.0006500000017695129 17249
1768077688102 0.0006500000017695129 17259
1768077688835 0.0006500000017695129 17269
1768077689567 0.0006500000017695129 17279
1768077844620 0.0006500000017695129 17289
1768077845356 0.0006500000017695129 17299
1768077846091 0.0006500000017695129 17309
1768077846826 0.0006500000017695129 17319
1768077847561 0.0006500000017695129 17329
1768077848296 0.0006500000017695129 17339
1768077849031 0.0006500000017695129 17349
1768077849766 0.0006500000017695129 17359
1768077850503 0.0006500000017695129 17369
1768077851238 0.0006500000017695129 17379
1768077851974 0.0006500000017695129 17389
1768077852707 0.0006500000017695129 17399
1768077853440 0.0006500000017695129 17409
1768077854174 0.0006500000017695129 17419
1768077854907 0.0006500000017695129 17429
1768077855640 0.0006500000017695129 17439
1768077856374 0.0006500000017695129 17449
1768077857108 0.0006500000017695129 17459
1768077857842 0.0006500000017695129 17469
1768077858575 0.0006500000017695129 17479
1768077859308 0.0006500000017695129 17489
1768077860042 0.0006500000017695129 17499
1768077860776 0.0006500000017695129 17509
1768077861510 0.0006500000017695129 17519
1768077862252 0.0006500000017695129 17529
1768077862986 0.0006500000017695129 17539
1768077863720 0.0006500000017695129 17549
1768077864453 0.0006500000017695129 17559
1768077865187 0.0006500000017695129 17569
1768077865921 0.0006500000017695129 17579
1768077866654 0.0006500000017695129 17589
1768077867388 0.0006500000017695129 17599
1768077868123 0.0006500000017695129 17609
1768077868856 0.0006500000017695129 17619
1768077869591 0.0006500000017695129 17629
1768077870325 0.0006500000017695129 17639
1768077871059 0.0006500000017695129 17649
1768077871793 0.0006500000017695129 17659
1768077872527 0.0006500000017695129 17669
1768077873261 0.0006500000017695129 17679
1768077873994 0.0006500000017695129 17689
1768077874728 0.0006500000017695129 17699
1768077875462 0.0006500000017695129 17709
1768077876195 0.0006500000017695129 17719
1768077876929 0.0006500000017695129 17729
1768077877663 0.0006500000017695129 17739
1768077878398 0.0006500000017695129 17749
1768077879133 0.0006500000017695129 17759
1768077879869 0.0006500000017695129 17769
1768077880604 0.0006500000017695129 17779
1768077881338 0.0006500000017695129 17789
1768077882072 0.0006500000017695129 17799
1768077882807 0.0006500000017695129 17809
1768077883541 0.0006500000017695129 17819
1768077884275 0.0006500000017695129 17829
1768077885008 0.0006500000017695129 17839
1768077885742 0.0006500000017695129 17849
1768077886476 0.0006500000017695129 17859
1768077887210 0.0006500000017695129 17869
1768077887943 0.0006500000017695129 17879
1768077888677 0.0006500000017695129 17889
1768077889411 0.0006500000017695129 17899
1768077890145 0.0006500000017695129 17909
1768077890879 0.0006500000017695129 17919
1768077891613 0.0006500000017695129 17929
1768077892349 0.0006500000017695129 17939
1768077893083 0.0006500000017695129 17949
1768077893816 0.0006500000017695129 17959
1768077894550 0.0006500000017695129 17969
1768077895282 0.0006500000017695129 17979
1768077896016 0.0006500000017695129 17989
1768077896749 0.0006500000017695129 17999
1768077897481 0.0006500000017695129 18009
1768077898214 0.0006500000017695129 18019
1768077898947 0.0006500000017695129 18029
1768077899680 0.0006500000017695129 18039
1768077900415 0.0006500000017695129 18049
1768077901149 0.0006500000017695129 18059
1768077901882 0.0006500000017695129 18069
1768077902616 0.0006500000017695129 18079
1768077903349 0.0006500000017695129 18089
1768077904082 0.0006500000017695129 18099
1768077904815 0.0006500000017695129 18109
1768077905548 0.0006500000017695129 18119
1768077906281 0.0006500000017695129 18129
1768077907015 0.0006500000017695129 18139
1768077907748 0.0006500000017695129 18149
1768077908482 0.0006500000017695129 18159
1768077909215 0.0006500000017695129 18169
1768077909948 0.0006500000017695129 18179
1768077910683 0.0006500000017695129 18189
1768077911416 0.0006500000017695129 18199
1768077912150 0.0006500000017695129 18209
1768077912884 0.0006500000017695129 18219
1768077913617 0.0006500000017695129 18229
1768077914350 0.0006500000017695129 18239
1768077915083 0.0006500000017695129 18249
1768077915816 0.0006500000017695129 18259
1768077916549 0.0006500000017695129 18269
1768077917283 0.0006500000017695129 18279
1768077918016 0.0006500000017695129 18289
1768077918750 0.0006500000017695129 18299
1768077919484 0.0006500000017695129 18309
1768077920217 0.0006500000017695129 18319
1768077920951 0.0006500000017695129 18329
1768077921685 0.0006500000017695129 18339
1768077922417 0.0006500000017695129 18349
1768077923151 0.0006500000017695129 18359
1768077923884 0.0006500000017695129 18369
1768077924617 0.0006500000017695129 18379
1768077925351 0.0006500000017695129 18389
1768077926084 0.0006500000017695129 18399
1768077926817 0.0006500000017695129 18409
1768077927551 0.0006500000017695129 18419
1768077928284 0.0006500000017695129 18429
1768077929018 0.0006500000017695129 18439
1768077929753 0.0006500000017695129 18449
1768077930486 0.0006500000017695129 18459
1768077931219 0.0006500000017695129 18469
1768077931952 0.0006500000017695129 18479
1768077932685 0.0006500000017695129 18489
1768077933417 0.0006500000017695129 18499
1768077934150 0.0006500000017695129 18509
1768077934884 0.0006500000017695129 18519
1768077935617 0.0006500000017695129 18529
1768077936349 0.0006500000017695129 18539
1768077937083 0.0006500000017695129 18549
1768077937816 0.0006500000017695129 18559
1768077938550 0.0006500000017695129 18569
1768077939283 0.0006500000017695129 18579
1768077940016 0.0006500000017695129 18589
1768077940751 0.0006500000017695129 18599
1768077941486 0.0006500000017695129 18609
1768077942221 0.0006500000017695129 18619
1768077942956 0.0006500000017695129 18629
1768077943690 0.0006500000017695129 18639
1768077944426 0.0006500000017695129 18649
1768077945162 0.0006500000017695129 18659
1768077945896 0.0006500000017695129 18669
1768077946631 0.0006500000017695129 18679
1768077947367 0.0006500000017695129 18689
1768077948102 0.0006500000017695129 18699
1768077948835 0.0006500000017695129 18709
1768077949567 0.0006500000017695129 18719
1768078104310 0.0006500000017695129 18729
1768078105043 0.0006500000017695129 18739
1768078105777 0.0006500000017695129 18749
1768078106508 0.0006500000017695129 18759
1768078107240 0.0006500000017695129 18769
1768078107972 0.0006500000017695129 18779
1768078108703 0.0006500000017695129 18789
1768078109436 0.0006500000017695129 18799
1768078110168 0.0006500000017695129 18809
1768078110902 0.0006500000017695129 18819
1768078111634 0.0006500000017695129 18829
1768078112368 0.0006500000017695129 18839
1768078113101 0.0006500000017695129 18849
1768078113834 0.0006500000017695129 18859
1768078114567 0.0006500000017695129 18869
1768078115300 0.0006500000017695129 18879
1768078116034 0.0006500000017695129 18889
1768078116768 0.0006500000017695129 18899
1768078117501 0.0006500000017695129 18909
1768078118234 0.0006500000017695129 18919
1768078118967 0.0006500000017695129 18929
1768078119701 0.0006500000017695129 18939
1768078120434 0.0006500000017695129 18949
1768078121167 0.0006500000017695129 18959
1768078121901 0.0006500000017695129 18969
1768078122634 0.0006500000017695129 18979
1768078123367 0.0006500000017695129 18989
1768078124100 0.0006500000017695129 18999
1768078124834 0.0006500000017695129 19009
1768078125566 0.0006500000017695129 19019
1768078126299 0.0006500000017695129 19029
1768078127032 0.0006500000017695129 19039
1768078127766 0.0006500000017695129 19049
1768078128499 0.0006500000017695129 19059
1768078129232 0.0006500000017695129 19069
1768078129964 0.0006500000017695129 19079
1768078130698 0.0006500000017695129 19089
1768078131431 0.0006500000017695129 19099
1768078132164 0.0006500000017695129 19109
1768078132898 0.0006500000017695129 19119
1768078133631 0.0006500000017695129 19129
1768078134364 0.0006500000017695129 19139
1768078135098 0.0006500000017695129 19149
1768078135832 0.0006500000017695129 19159
1768078136565 0.0006500000017695129 19169
1768078137299 0.0006500000017695129 19179
1768078138033 0.0006500000017695129 19189
1768078138766 0.0006500000017695129 19199
1768078139499 0.0006500000017695129 19209
1768078140233 0.0006500000017695129 19219
1768078140966 0.0006500000017695129 19229
1768078141698 0.0006500000017695129 19239
1768078142432 0.0006500000017695129 19249
1768078143165 0.0006500000017695129 19259
1768078143898 0.0006500000017695129 19269
1768078144631 0.0006500000017695129 19279
1768078145364 0.0006500000017695129 19289
1768078146098 0.0006500000017695129 19299
1768078146831 0.0006500000017695129 19309
1768078147564 0.0006500000017695129 19319
1768078148299 0.0006500000017695129 19329
1768078149034 0.0006500000017695129 19339
1768078149770 0.0006500000017695129 19349
1768078150504 0.0006500000017695129 19359
1768078151236 0.0006500000017695129 19369
1768078151969 0.0006500000017695129 19379
1768078152700 0.0006500000017695129 19389
1768078153431 0.0006500000017695129 19399
1768078154163 0.0006500000017695129 19409
1768078154895 0.0006500000017695129 19419
1768078155626 0.0006500000017695129 19429
1768078156357 0.0006500000017695129 19439
1768078157088 0.0006500000017695129 19449
1768078157819 0.0006500000017695129 19459
1768078158551 0.0006500000017695129 19469
1768078159283 0.0006500000017695129 19479
1768078160015 0.0006500000017695129 19489
1768078160746 0.0006500000017695129 19499
1768078161477 0.0006500000017695129 19509
1768078162208 0.0006500000017695129 19519
1768078162938 0.0006500000017695129 19529
1768078163668 0.0006500000017695129 19539
1768078164398 0.0006500000017695129 19549
1768078165130 0.0006500000017695129 19559
1768078165862 0.0006500000017695129 19569
1768078166594 0.0006500000017695129 19579
1768078167325 0.0006500000017695129 19589
1768078168059 0.0006500000017695129 19599
1768078168793 0.0006500000017695129 19609
1768078169526 0.0006500000017695129 19619
1768078170259 0.0006500000017695129 19629
1768078170993 0.0006500000017695129 19639
1768078171727 0.0006500000017695129 19649
1768078172460 0.0006500000017695129 19659
1768078173193 0.0006500000017695129 19669
1768078173925 0.0006500000017695129 19679
1768078174657 0.0006500000017695129 19689
1768078175389 0.0006500000017695129 19699
1768078176120 0.0006500000017695129 19709
1768078176853 0.0006500000017695129 19719
1768078177584 0.0006500000017695129 19729
1768078178316 0.0006500000017695129 19739
1768078179048 0.0006500000017695129 19749
1768078179780 0.0006500000017695129 19759
1768078180512 0.0006500000017695129 19769
1768078181243 0.0006500000017695129 19779
1768078181974 0.0006500000017695129 19789
1768078182708 0.0006500000017695129 19799
1768078183442 0.0006500000017695129 19809
1768078184175 0.0006500000017695129 19819
1768078184909 0.0006500000017695129 19829
1768078185642 0.0006500000017695129 19839
1768078186375 0.0006500000017695129 19849
1768078187109 0.0006500000017695129 19859
1768078187843 0.0006500000017695129 19869
1768078188576 0.0006500000017695129 19879
1768078189310 0.0006500000017695129 19889
1768078190045 0.0006500000017695129 19899
1768078190779 0.0006500000017695129 19909
1768078191513 0.0006500000017695129 19919
1768078192248 0.0006500000017695129 19929
1768078192981 0.0006500000017695129 19939
1768078193715 0.0006500000017695129 19949
1768078194448 0.0006500000017695129 19959
1768078195182 0.0006500000017695129 19969
1768078195915 0.0006500000017695129 19979
1768078196649 0.0006500000017695129 19989
1768078197382 0.0006500000017695129 19999
1768078198116 0.0006500000017695129 20009
1768078198850 0.0006500000017695129 20019
1768078199584 0.0006500000017695129 20029
1768078200318 0.0006500000017695129 20039
1768078201052 0.0006500000017695129 20049
1768078201787 0.0006500000017695129 20059
1768078202521 0.0006500000017695129 20069
1768078203254 0.0006500000017695129 20079
1768078203988 0.0006500000017695129 20089
1768078204722 0.0006500000017695129 20099
1768078205456 0.0006500000017695129 20109
1768078206190 0.0006500000017695129 20119
1768078206925 0.0006500000017695129 20129
1768078207658 0.0006500000017695129 20139
1768078208392 0.0006500000017695129 20149
1768078209125 0.0006500000017695129 20159
