1767897204847 29.096858978271484 9
1767897205579 43.03426742553711 19
1767897206311 8.539907455444336 29
1767897207044 5.446872234344482 39
1767897207775 8.502469062805176 49
1767897208507 6.5928168296813965 59
1767897209239 8.464667320251465 69
1767897209969 5.877028465270996 79
1767897210700 3.50386381149292 89
1767897211432 3.852283477783203 99
1767897212163 2.505178213119507 109
1767897212895 4.822137832641602 119
1767897213626 3.4545485973358154 129
1767897214357 3.987565755844116 139
1767897215089 1.3558731079101562 149
1767897215820 7.3183722496032715 159
1767897216551 1.4699957370758057 169
1767897217283 3.3857367038726807 179
1767897218014 3.0347900390625 189
1767897218744 2.05688214302063 199
1767897219479 1.7102364301681519 209
1767897220210 2.703821897506714 219
1767897220941 1.4781142473220825 229
1767897221671 2.460688352584839 239
1767897222403 4.361794471740723 249
1767897223135 1.5468692779541016 259
1767897223867 1.2063546180725098 269
1767897224598 1.4893932342529297 279
1767897225331 1.1952083110809326 289
1767897226064 2.6403868198394775 299
1767897226796 1.3431142568588257 309
1767897227529 1.3189550638198853 319
1767897228261 1.749117374420166 329
1767897228993 1.3772132396697998 339
1767897229725 1.0824898481369019 349
1767897230459 1.0555603504180908 359
1767897231191 1.6304219961166382 369
1767897231923 1.3717527389526367 379
1767897232655 1.1660491228103638 389
1767897233389 1.760892391204834 399
1767897234121 1.0900925397872925 409
1767897234853 1.404017448425293 419
1767897235587 1.003927230834961 429
1767897236319 0.8406705856323242 439
1767897237051 0.8769109845161438 449
1767897237783 1.6529195308685303 459
1767897238514 1.9881739616394043 469
1767897239246 1.156700849533081 479
1767897239977 1.2772058248519897 489
1767897240709 1.1530497074127197 499
1767897241441 0.6108077168464661 509
1767897242173 0.8406429886817932 519
1767897242904 1.08992600440979 529
1767897243636 0.9753141403198242 539
1767897244368 1.0068498849868774 549
1767897245099 1.6891264915466309 559
1767897245831 0.9836219549179077 569
1767897246562 1.8981562852859497 579
1767897247293 0.5476025342941284 589
1767897248025 1.0851178169250488 599
1767897279540 0.7317747473716736 609
1767897280275 0.8053300976753235 619
1767897281008 1.0277167558670044 629
1767897281740 0.8180439472198486 639
1767897282473 1.4454107284545898 649
1767897283205 1.0765058994293213 659
1767897283937 1.2419463396072388 669
1767897284669 1.3707451820373535 679
1767897285400 0.9241126179695129 689
1767897286133 1.1402539014816284 699
1767897286865 0.6233277320861816 709
1767897287596 0.779245138168335 719
1767897288327 1.0973554849624634 729
1767897289059 0.9476620554924011 739
1767897289791 0.6215764880180359 749
1767897290523 0.7476505637168884 759
1767897291256 0.777114987373352 769
1767897291988 0.8862825036048889 779
1767897292720 0.5113580822944641 789
1767897293452 0.9812285304069519 799
1767897294184 0.7784469723701477 809
1767897294917 0.8288418650627136 819
1767897295648 0.8851315379142761 829
1767897296379 0.5454503297805786 839
1767897297112 0.7617223858833313 849
1767897297841 0.8763118386268616 859
1767897298572 0.6967126131057739 869
1767897299305 0.7446796298027039 879
1767897300036 0.900994598865509 889
1767897300768 0.8038442134857178 899
1767897301500 0.5001853704452515 909
1767897339685 0.33779674768447876 919
1767897340419 0.7434159517288208 929
1767897341150 0.9235547184944153 939
1767897341883 0.8979884386062622 949
1767897342615 0.5012847185134888 959
1767897343346 0.9090040326118469 969
1767897344083 0.883886992931366 979
1767897344816 1.6486953496932983 989
1767897345548 0.8519057035446167 999
1767897346281 1.0402675867080688 1009
1767897347013 0.7035833597183228 1019
1767897347745 0.7946159243583679 1029
1767897348480 0.6948147416114807 1039
1767897349211 1.099647045135498 1049
1767897349943 0.8308228850364685 1059
1767897350676 0.5712620615959167 1069
1767897351408 0.741476833820343 1079
1767897352144 0.5745323896408081 1089
1767897352875 0.5078504085540771 1099
1767897353607 0.726989209651947 1109
1767897354339 1.6715377569198608 1119
1767897355070 1.5540896654129028 1129
1767897355802 0.6712602376937866 1139
1767897356533 0.4977661371231079 1149
1767897357263 0.33520764112472534 1159
1767897357993 0.5460821390151978 1169
1767897358725 0.6107378602027893 1179
1767897359455 0.6273692846298218 1189
1767897360185 0.48982715606689453 1199
1767897360918 0.49472445249557495 1209
1767897361649 0.77681565284729 1219
1767897399353 0.8149153590202332 1229
1767897400091 0.5107624530792236 1239
1767897400822 0.8859267830848694 1249
1767897401556 0.9491754174232483 1259
1767897402287 0.7675552368164062 1269
1767897403019 0.5177718997001648 1279
1767897403752 0.46410316228866577 1289
1767897404483 0.4928731322288513 1299
1767897405213 0.7116634845733643 1309
1767897405946 0.3832528591156006 1319
1767897406677 0.3667272925376892 1329
1767897407409 0.4310937523841858 1339
1767897408142 0.7279813885688782 1349
1767897408873 0.9339329600334167 1359
1767897409605 0.6129905581474304 1369
1767897410337 1.0458314418792725 1379
1767897411070 0.44577756524086 1389
1767897411804 0.8205878734588623 1399
1767897412536 0.8515540957450867 1409
1767897413268 0.5636717677116394 1419
1767897414005 0.523515522480011 1429
1767897414736 0.5580415725708008 1439
1767897436515 0.617436945438385 1449
1767897437251 0.8163085579872131 1459
1767897437990 0.6119486093521118 1469
1767897438729 0.7446038722991943 1479
1767897439466 0.5023335814476013 1489
1767897440202 1.0823932886123657 1499
1767897440938 0.8472793102264404 1509
1767897441674 0.7356933355331421 1519
1767897442409 0.8195309042930603 1529
1767897443144 0.48021215200424194 1539
1767897443880 0.7600855827331543 1549
1767897444617 0.9408755898475647 1559
1767897445354 0.41160133481025696 1569
1767897446090 0.3499024212360382 1579
1767897446826 0.39328733086586 1589
1767897447561 0.7657127380371094 1599
1767897448299 0.9286990165710449 1609
1767897449037 0.7484944462776184 1619
1767897449774 0.9569428563117981 1629
1767897450510 0.736162543296814 1639
1767897451245 0.8026347160339355 1649
1767897451980 0.5380043387413025 1659
1767897452719 0.6050426363945007 1669
1767897453454 0.3640882074832916 1679
1767897454189 0.45233801007270813 1689
1767897454927 0.8448283076286316 1699
1767897455663 0.44764888286590576 1709
1767897456399 0.3093741536140442 1719
1767897457136 0.7248303294181824 1729
1767897457873 0.5791214108467102 1739
1767897458609 0.5761077404022217 1749
1767897459345 0.32466059923171997 1759
1767897460080 1.1313984394073486 1769
1767897460818 1.375488519668579 1779
1767897461553 0.6750840544700623 1789
1767897462289 1.0541880130767822 1799
1767897463024 0.772000253200531 1809
1767897463760 0.7769692540168762 1819
1767897464495 0.5973755121231079 1829
1767897465232 0.7272428870201111 1839
1767897465968 0.2669735550880432 1849
1767897466705 0.7009789943695068 1859
1767897467440 0.5018203854560852 1869
1767897468176 0.4662005603313446 1879
1767897468912 0.7663373351097107 1889
1767897469648 0.6526286005973816 1899
1767897470384 0.9399660229682922 1909
1767897471121 1.1703824996948242 1919
1767897471855 0.5395016074180603 1929
1767897472591 0.6325864195823669 1939
1767897473327 0.31151866912841797 1949
1767897474064 0.4656211733818054 1959
1767897474801 0.535854160785675 1969
1767897475536 0.4064227342605591 1979
1767897476272 0.3800283670425415 1989
1767897477008 0.5375376343727112 1999
1767897477745 0.3587226867675781 2009
1767897478481 0.6418384909629822 2019
1767897479219 0.3738963305950165 2029
1767897479957 0.47761720418930054 2039
1767897480695 0.5728731751441956 2049
1767897481433 0.9396993517875671 2059
1767897482168 0.615373969078064 2069
1767897482905 0.6059393882751465 2079
1767897483640 0.7872291207313538 2089
1767897484374 0.46594351530075073 2099
1767897485111 0.5648539066314697 2109
1767897485847 0.3948144316673279 2119
1767897486583 0.6275762915611267 2129
1767897487319 0.6292981505393982 2139
1767897488054 0.7812438607215881 2149
1767897488788 0.551578938961029 2159
1767897489524 0.6437364220619202 2169
1767897490260 0.5159580707550049 2179
1767897490996 0.6534478664398193 2189
1767897491733 0.637507438659668 2199
1767897492468 0.5431292653083801 2209
1767897493206 0.7714640498161316 2219
1767897493942 0.7917044162750244 2229
1767897494679 0.29653140902519226 2239
1767897495415 0.9837734699249268 2249
1767897496149 0.20005351305007935 2259
1767897496884 0.47459208965301514 2269
1767897497622 0.5389190912246704 2279
1767897498356 0.5149120688438416 2289
1767897499093 0.7940104007720947 2299
1767897499828 0.7726653814315796 2309
1767897500565 0.4595763385295868 2319
1767897501301 0.37431079149246216 2329
1767897502038 0.5551990270614624 2339
1767897502774 0.4567965567111969 2349
1767897503513 0.595406174659729 2359
1767897504250 0.36490389704704285 2369
1767897504987 0.6719709634780884 2379
1767897505724 0.5466921329498291 2389
1767897506460 0.6557701230049133 2399
1767897507197 0.5385808944702148 2409
1767897507935 0.6437795758247375 2419
1767897508670 0.5432766675949097 2429
1767897509406 0.7693636417388916 2439
1767897510143 0.9722298979759216 2449
1767897510880 0.38371315598487854 2459
1767897511617 0.5421207547187805 2469
1767897512354 0.4451819658279419 2479
1767897513090 0.8375641703605652 2489
1767897513830 0.39692431688308716 2499
1767897514567 0.3140842616558075 2509
1767897515304 0.7372434735298157 2519
1767897516041 0.45837628841400146 2529
1767897516778 0.3796005845069885 2539
1767897517515 0.8464683294296265 2549
1767897518252 0.533024251461029 2559
1767897518989 0.607609212398529 2569
1767897519725 0.5392544269561768 2579
1767897520461 0.514315128326416 2589
1767897521200 0.3597743809223175 2599
1767897521936 0.4345242977142334 2609
1767897522672 0.6551821827888489 2619
1767897523407 0.3575175404548645 2629
1767897524145 0.7696382999420166 2639
1767897524879 0.7264977097511292 2649
1767897525615 0.22619813680648804 2659
1767897526349 0.598785400390625 2669
1767897527084 0.4161039888858795 2679
1767897527819 0.5090722441673279 2689
1767897528555 0.3943726718425751 2699
1767897529291 0.8367520570755005 2709
1767897530028 0.34424445033073425 2719
1767897530764 0.358998566865921 2729
1767897531499 0.7560369968414307 2739
1767897532235 0.22303226590156555 2749
1767897532972 0.8269528746604919 2759
1767897533709 0.4561935365200043 2769
1767897534446 0.413186252117157 2779
1767897535181 0.5190984010696411 2789
1767897535919 0.4993831515312195 2799
1767897536656 0.5288119912147522 2809
1767897537391 0.4335671663284302 2819
1767897538128 0.8337875008583069 2829
1767897538864 0.5250491499900818 2839
1767897539600 0.5641105771064758 2849
1767897540340 0.449746698141098 2859
1767897541076 0.4329530894756317 2869
1767897541812 0.705858588218689 2879
1767897557028 0.5459414720535278 2889
1767897557766 0.3457491099834442 2899
1767897558501 0.5455251336097717 2909
1767897559236 0.3423522114753723 2919
1767897559972 0.26539841294288635 2929
1767897560709 0.7287399172782898 2939
1767897561444 0.7206590175628662 2949
1767897562180 0.1870538294315338 2959
1767897562917 0.46756798028945923 2969
1767897563653 0.34103888273239136 2979
1767897564391 0.6758226156234741 2989
1767897565128 0.3618873059749603 2999
1767897565865 0.895048975944519 3009
1767897566602 0.4796282947063446 3019
1767897567339 0.6313465237617493 3029
1767897568074 0.4168829619884491 3039
1767897568809 0.24635890126228333 3049
1767897569543 0.2452898770570755 3059
1767897570279 0.4338289797306061 3069
1767897571017 0.614607572555542 3079
1767897571753 0.428799033164978 3089
1767897572488 0.4405113160610199 3099
1767897573223 0.2255612164735794 3109
1767897573960 0.3709717392921448 3119
1767897574696 0.4518255591392517 3129
1767897575434 0.2293028086423874 3139
1767897576171 0.4859105050563812 3149
1767897576908 0.4266120493412018 3159
1767897577643 0.5471123456954956 3169
1767897578377 0.2730620205402374 3179
1767897579115 0.5234565734863281 3189
1767897579850 0.5532201528549194 3199
1767897580588 0.5599297881126404 3209
1767897581326 0.6254175901412964 3219
1767897582061 0.4864262342453003 3229
1767897582799 0.4787655472755432 3239
1767897583535 0.2556767165660858 3249
1767897584273 0.30126482248306274 3259
1767897585010 0.6751806735992432 3269
1767897585748 0.7261548638343811 3279
1767897586484 0.832608163356781 3289
1767897587221 0.3526793122291565 3299
1767897587956 0.26927950978279114 3309
1767897588692 0.5264899134635925 3319
1767897589429 0.5914274454116821 3329
1767897590165 0.733902096748352 3339
1767897590901 0.40731948614120483 3349
1767897591639 0.3679035007953644 3359
1767897592375 0.610164225101471 3369
1767897593110 0.5693029761314392 3379
1767897593847 0.3744388222694397 3389
1767897594583 0.6172071099281311 3399
1767897595319 0.633059024810791 3409
1767897596055 0.4582170844078064 3419
1767897596792 0.2846938371658325 3429
1767897597527 0.49000754952430725 3439
1767897598264 0.5764029026031494 3449
1767897599001 0.3245428502559662 3459
1767897599736 0.3343278169631958 3469
1767897600474 0.17101465165615082 3479
1767897601211 0.37644046545028687 3489
1767897601950 0.2085324078798294 3499
1767897602685 0.5623049736022949 3509
1767897603420 0.7091048955917358 3519
1767897604157 0.355838418006897 3529
1767897604893 0.3278706669807434 3539
1767897605630 0.8368251323699951 3549
1767897606366 0.7089764475822449 3559
1767897607103 0.6616606116294861 3569
1767897607839 0.46760421991348267 3579
1767897608575 0.5014899969100952 3589
1767897609313 1.1001060009002686 3599
1767897610047 0.4808882772922516 3609
1767897610784 0.7990700602531433 3619
1767897611520 0.6286472082138062 3629
1767897612257 0.6211931705474854 3639
1767897612992 0.6446866989135742 3649
1767897613728 0.5388787388801575 3659
1767897614465 0.2569873034954071 3669
1767897615201 0.3433699607849121 3679
1767897615940 0.20986510813236237 3689
1767897616678 0.4050978124141693 3699
1767897617416 0.693259060382843 3709
1767897618153 0.5373633503913879 3719
1767897618889 0.5653378367424011 3729
1767897619627 0.3884863257408142 3739
1767897620361 0.23865415155887604 3749
1767897621100 0.6869058609008789 3759
1767897621837 0.6441802978515625 3769
1767897622573 0.6152956485748291 3779
1767897623311 0.5764429569244385 3789
1767897624048 0.9155148267745972 3799
1767897624787 0.15286047756671906 3809
1767897625524 0.511117696762085 3819
1767897626262 0.44082069396972656 3829
1767897626999 0.19156566262245178 3839
1767897627737 0.28734156489372253 3849
1767897628473 0.4445953667163849 3859
1767897629209 0.5729357004165649 3869
1767897629946 0.36465439200401306 3879
1767897630683 0.37245795130729675 3889
1767897631421 0.43213897943496704 3899
1767897632159 0.5812695026397705 3909
1767897632897 0.7226146459579468 3919
1767897633633 0.21743406355381012 3929
1767897634368 0.42539235949516296 3939
1767897635106 0.18993426859378815 3949
1767897635842 0.4390566647052765 3959
1767897636579 0.20757120847702026 3969
1767897637315 0.45781099796295166 3979
1767897638051 0.30696821212768555 3989
1767897638786 0.35103702545166016 3999
1767897639520 0.2781544327735901 4009
1767897640255 0.38492342829704285 4019
1767897640992 0.2544548809528351 4029
1767897641729 0.1524612009525299 4039
1767897642465 0.7426496744155884 4049
1767897643202 0.4613345265388489 4059
1767897643939 0.5052489638328552 4069
1767897644676 0.44690966606140137 4079
1767897645413 0.497062623500824 4089
1767897646149 0.09008844196796417 4099
1767897646885 0.35429030656814575 4109
1767897647620 0.6594957709312439 4119
1767897648357 0.13510873913764954 4129
1767897649094 0.21550634503364563 4139
1767897649831 0.4003956615924835 4149
1767897650569 0.2914883494377136 4159
1767897651306 0.4970938265323639 4169
1767897652044 0.24731092154979706 4179
1767897652780 0.9296301007270813 4189
1767897653516 0.3644302785396576 4199
1767897654255 0.34675827622413635 4209
1767897654991 0.7913520932197571 4219
1767897655728 0.42159533500671387 4229
1767897656466 0.46139267086982727 4239
1767897657201 0.6499685645103455 4249
1767897657938 0.7210152745246887 4259
1767897658675 0.3603858947753906 4269
1767897659410 0.5240699648857117 4279
1767897660146 0.650011420249939 4289
1767897660883 0.33665648102760315 4299
1767897661621 0.1642576903104782 4309
1767897662359 0.33116844296455383 4319
1767897677616 0.5596314668655396 4329
1767897678352 0.41614261269569397 4339
1767897679086 1.22293221950531 4349
1767897679820 0.5327709913253784 4359
1767897680557 0.1689179539680481 4369
1767897681292 0.18105626106262207 4379
1767897682027 0.39820846915245056 4389
1767897682764 0.1807411164045334 4399
1767897683499 0.39245128631591797 4409
1767897684236 0.2596486508846283 4419
1767897684973 0.45161712169647217 4429
1767897685712 0.6334590911865234 4439
1767897686449 0.910336434841156 4449
1767897687189 0.43244606256484985 4459
1767897687925 0.527563750743866 4469
1767897688661 0.12935124337673187 4479
1767897689398 0.3616527020931244 4489
1767897690133 0.3619857728481293 4499
1767897690871 0.21756106615066528 4509
1767897691609 0.21690097451210022 4519
1767897692346 0.25245243310928345 4529
1767897693082 0.29899317026138306 4539
1767897693817 0.17026600241661072 4549
1767897694553 0.2510394752025604 4559
1767897695292 0.5186042189598083 4569
1767897696029 0.15209582448005676 4579
1767897696766 0.5243586897850037 4589
1767897697503 0.4368279278278351 4599
1767897698239 0.8491926193237305 4609
1767897698975 0.12987858057022095 4619
1767897699709 0.3263176679611206 4629
1767897700446 0.6949406862258911 4639
1767897701182 0.2977091073989868 4649
1767897701917 0.41104215383529663 4659
1767897702652 0.6214374303817749 4669
1767897703388 0.4466443657875061 4679
1767897704124 0.22301417589187622 4689
1767897704859 0.17855918407440186 4699
1767897705594 0.25052228569984436 4709
1767897706328 0.639670729637146 4719
1767897707064 0.803844153881073 4729
1767897707801 0.2628660500049591 4739
1767897708536 0.426005482673645 4749
1767897709272 0.3657056987285614 4759
1767897710009 0.5595484375953674 4769
1767897710744 0.24000339210033417 4779
1767897711480 0.37485232949256897 4789
1767897712212 0.20613548159599304 4799
1767897712949 0.5267713665962219 4809
1767897713684 0.7455043792724609 4819
1767897714420 0.5801200866699219 4829
1767897715157 0.23926739394664764 4839
1767897715893 0.38300544023513794 4849
1767897716628 0.9605168700218201 4859
1767897717363 0.2926355004310608 4869
1767897718101 0.3646477460861206 4879
1767897718836 0.5344052314758301 4889
1767897719571 0.2975824773311615 4899
1767897720307 0.21003776788711548 4909
1767897721043 0.31273943185806274 4919
1767897721781 0.19014742970466614 4929
1767897722517 0.20500990748405457 4939
1767897723253 0.2711630165576935 4949
1767897723989 0.23116649687290192 4959
1767897724723 0.3427293598651886 4969
1767897725460 0.3907988369464874 4979
1767897726197 0.27521559596061707 4989
1767897726931 0.27064797282218933 4999
1767897727667 0.47244733572006226 5009
1767897728403 0.3240741193294525 5019
1767897729139 0.12920913100242615 5029
1767897729875 0.3571126163005829 5039
1767897730612 0.6517131924629211 5049
1767897731348 0.49388715624809265 5059
1767897732083 0.39226198196411133 5069
1767897732817 0.4166701138019562 5079
1767897733557 0.31115683913230896 5089
1767897734295 0.3624900281429291 5099
1767897735030 0.3247808814048767 5109
1767897735767 0.8035679459571838 5119
1767897736504 0.12135929614305496 5129
1767897737241 0.16405805945396423 5139
1767897737977 0.5380796790122986 5149
1767897738714 0.20514416694641113 5159
1767897739452 0.2993483245372772 5169
1767897740187 0.401212215423584 5179
1767897740924 0.19132989645004272 5189
1767897741660 0.5979486703872681 5199
1767897742395 0.24141182005405426 5209
1767897743131 0.3207913935184479 5219
1767897743868 0.43346691131591797 5229
1767897744606 0.24401919543743134 5239
1767897745341 0.6794862151145935 5249
1767897746080 0.24964533746242523 5259
1767897746817 0.3280082643032074 5269
1767897747555 0.4137510657310486 5279
1767897748291 0.2861751914024353 5289
1767897749028 0.29737943410873413 5299
1767897749766 0.3408544063568115 5309
1767897750505 0.3676322102546692 5319
1767897751241 0.36691397428512573 5329
1767897751981 0.5034539103507996 5339
1767897752719 0.39741840958595276 5349
1767897753457 0.41601765155792236 5359
1767897754195 0.5806311964988708 5369
1767897754933 0.23357966542243958 5379
1767897755669 0.6612545847892761 5389
1767897756407 0.3089483082294464 5399
1767897757144 0.4095537066459656 5409
1767897757880 0.3416537642478943 5419
1767897758616 0.2584800720214844 5429
1767897759354 0.35605186223983765 5439
1767897760091 0.36881813406944275 5449
1767897760828 0.23601733148097992 5459
1767897761565 0.17205572128295898 5469
1767897762303 0.27792349457740784 5479
1767897763038 0.4682105779647827 5489
1767897763774 0.2729661464691162 5499
1767897764511 0.18155261874198914 5509
1767897765246 0.1717943698167801 5519
1767897765983 0.181046724319458 5529
1767897766720 0.3348153531551361 5539
1767897767456 0.44437938928604126 5549
1767897768192 0.46723300218582153 5559
1767897768931 0.19026248157024384 5569
1767897769666 0.34068188071250916 5579
1767897770405 0.9242350459098816 5589
1767897771142 0.39227503538131714 5599
1767897771879 0.5589103102684021 5609
1767897772617 0.28278085589408875 5619
1767897773351 0.24664069712162018 5629
1767897774088 0.7719810605049133 5639
1767897774823 0.19157539308071136 5649
1767897775560 0.6635564565658569 5659
1767897776296 0.4584304988384247 5669
1767897777031 0.28784990310668945 5679
1767897777766 0.6881488561630249 5689
1767897778504 0.44488123059272766 5699
1767897779241 0.32133421301841736 5709
1767897779976 0.2824954688549042 5719
1767897780715 0.21008354425430298 5729
1767897781451 0.33830341696739197 5739
1767897782187 0.20287197828292847 5749
1767897782924 0.5281667113304138 5759
1767897798155 0.2142733335494995 5769
1767897798892 0.5572565197944641 5779
1767897799627 0.40814918279647827 5789
1767897800363 0.5164950489997864 5799
1767897801102 0.38448652625083923 5809
1767897801839 0.34250107407569885 5819
1767897802575 0.17844808101654053 5829
1767897803312 0.09539750218391418 5839
1767897804047 0.3772592842578888 5849
1767897804784 0.21693533658981323 5859
1767897805519 0.21167857944965363 5869
1767897806254 0.3035808801651001 5879
1767897806990 0.44350355863571167 5889
1767897807725 0.25678345561027527 5899
1767897808460 0.6033685803413391 5909
1767897809196 0.34990641474723816 5919
1767897809933 0.4391755163669586 5929
1767897810670 0.4293683171272278 5939
1767897811407 0.3462319076061249 5949
1767897812144 0.3322093188762665 5959
1767897812881 0.13431671261787415 5969
1767897813618 0.40646326541900635 5979
1767897814355 1.0685516595840454 5989
1767897815092 0.36171194911003113 5999
1767897815827 0.4595169723033905 6009
1767897816561 0.41892704367637634 6019
1767897817298 0.20811165869235992 6029
1767897818033 0.3202221095561981 6039
1767897818769 0.3418496549129486 6049
1767897819506 0.2189907729625702 6059
1767897820242 0.19578443467617035 6069
1767897820978 0.46787819266319275 6079
1767897821714 0.2649083137512207 6089
1767897822449 0.3743596076965332 6099
1767897823185 0.3745138943195343 6109
1767897823921 0.4139367640018463 6119
1767897824657 0.2684921622276306 6129
1767897825393 0.1826096475124359 6139
1767897826129 0.10410367697477341 6149
1767897826865 0.5843945741653442 6159
1767897827601 0.5569642782211304 6169
1767897828336 0.47077444195747375 6179
1767897829072 0.17265552282333374 6189
1767897829806 0.23176288604736328 6199
1767897830540 0.4274277687072754 6209
1767897831276 0.42436811327934265 6219
1767897832011 0.2861820459365845 6229
1767897832745 0.27295058965682983 6239
1767897833482 0.4111396074295044 6249
1767897834218 0.4627455770969391 6259
1767897834955 0.5511745810508728 6269
1767897835693 0.3517652750015259 6279
1767897836430 0.47048166394233704 6289
1767897837166 0.3126204013824463 6299
1767897837903 0.5682147741317749 6309
1767897838637 0.30726200342178345 6319
1767897839373 0.3617909550666809 6329
1767897840106 0.15335629880428314 6339
1767897840843 0.52805495262146 6349
1767897841580 0.31721433997154236 6359
1767897842316 0.28294646739959717 6369
1767897843053 0.5056288838386536 6379
1767897843790 0.18396735191345215 6389
1767897844525 0.135616272687912 6399
1767897845262 0.2952525317668915 6409
1767897846001 0.25677964091300964 6419
1767897846738 0.39623573422431946 6429
1767897847475 0.19598621129989624 6439
1767897848211 0.3533112704753876 6449
1767897848945 0.1470394879579544 6459
1767897849681 0.32499536871910095 6469
1767897850417 0.21979393064975739 6479
1767897851153 0.0972369909286499 6489
1767897851892 0.25523290038108826 6499
1767897852627 0.33610981702804565 6509
1767897853364 0.18100453913211823 6519
1767897854100 0.5291222929954529 6529
1767897854836 0.27383238077163696 6539
1767897855573 0.6029457449913025 6549
1767897856310 0.24630331993103027 6559
1767897857047 0.19025292992591858 6569
1767897857784 0.27952343225479126 6579
1767897858520 0.39195844531059265 6589
1767897859257 0.37415316700935364 6599
1767897859996 0.5064457058906555 6609
1767897860733 0.3262127935886383 6619
1767897861470 0.31532350182533264 6629
1767897862206 0.15192824602127075 6639
1767897862942 0.3413076400756836 6649
1767897863680 0.21812577545642853 6659
1767897864416 0.20584611594676971 6669
1767897865153 0.09646283835172653 6679
1767897865890 0.19110837578773499 6689
1767897866625 0.4655621349811554 6699
1767897867361 0.18941524624824524 6709
1767897868097 0.274006187915802 6719
1767897868832 0.3637929856777191 6729
1767897869569 0.3401022255420685 6739
1767897870305 0.1731482297182083 6749
1767897871040 0.05690823495388031 6759
1767897871776 0.13654595613479614 6769
1767897872512 0.36270871758461 6779
1767897873247 0.6009634137153625 6789
1767897873984 0.13468967378139496 6799
1767897874723 0.07777099311351776 6809
1767897875461 0.652999997138977 6819
1767897876198 0.2864283621311188 6829
1767897876936 0.08273552358150482 6839
1767897877673 0.34414997696876526 6849
1767897878410 0.3243106007575989 6859
1767897879147 0.42688989639282227 6869
1767897879884 0.35137951374053955 6879
1767897880623 0.44209015369415283 6889
1767897881361 0.31638991832733154 6899
1767897882100 0.30445098876953125 6909
1767897882835 0.3543456494808197 6919
1767897883571 0.5395199060440063 6929
1767897884309 0.41895627975463867 6939
1767897885044 0.20620135962963104 6949
1767897885782 0.8276455998420715 6959
1767897886520 0.605007529258728 6969
1767897887257 0.3497692346572876 6979
1767897887994 0.27986007928848267 6989
1767897888732 0.19259166717529297 6999
1767897889468 0.22830455005168915 7009
1767897890206 0.2657749056816101 7019
1767897890942 0.304252564907074 7029
1767897891678 0.4728282690048218 7039
1767897892415 0.3326795995235443 7049
1767897893151 0.35519880056381226 7059
1767897893888 0.32133394479751587 7069
1767897894625 0.23891513049602509 7079
1767897895363 0.3251727521419525 7089
1767897896100 0.09541270136833191 7099
1767897896836 0.18243737518787384 7109
1767897897574 0.22717216610908508 7119
1767897898312 0.3255246579647064 7129
1767897899048 0.09979453682899475 7139
1767897899784 0.07950842380523682 7149
1767897900521 0.2490426003932953 7159
1767897901256 0.19799751043319702 7169
1767897901993 0.4272539019584656 7179
1767897902729 0.4650117754936218 7189
1767897903464 0.5354741811752319 7199
1767897918657 0.40008148550987244 7209
1767897919395 0.33648982644081116 7219
1767897920129 0.6358422636985779 7229
1767897920866 0.3830786943435669 7239
1767897921602 0.2589223086833954 7249
1767897922337 0.46295955777168274 7259
1767897923074 0.27754831314086914 7269
1767897923809 0.226460799574852 7279
1767897924544 0.6875401139259338 7289
1767897925280 0.44404837489128113 7299
1767897926017 0.42572641372680664 7309
1767897926752 0.1402144432067871 7319
1767897927489 0.31515011191368103 7329
1767897928224 0.27370738983154297 7339
1767897928961 0.37385740876197815 7349
1767897929697 0.22116117179393768 7359
1767897930433 0.5009137392044067 7369
1767897931172 0.42549413442611694 7379
1767897931909 0.1727312058210373 7389
1767897932646 0.2186865210533142 7399
1767897933381 0.12040400505065918 7409
1767897934119 0.3674558103084564 7419
1767897934857 0.514037013053894 7429
1767897935594 0.1208214983344078 7439
1767897936331 0.10281688719987869 7449
1767897937069 0.21123532950878143 7459
1767897937805 0.42530760169029236 7469
1767897938539 0.1075359582901001 7479
1767897939276 0.23943781852722168 7489
1767897940012 0.34232112765312195 7499
1767897940749 0.21136198937892914 7509
1767897941488 0.226414293050766 7519
1767897942225 0.47604238986968994 7529
1767897942962 0.2620468735694885 7539
1767897943699 0.1705407053232193 7549
1767897944436 0.335071325302124 7559
1767897945173 0.21065174043178558 7569
1767897945909 0.22321107983589172 7579
1767897946646 0.2591491639614105 7589
1767897947381 0.4228706955909729 7599
1767897948116 0.5363641381263733 7609
1767897948852 0.1258912980556488 7619
1767897949589 0.16663657128810883 7629
1767897950325 0.2620466947555542 7639
1767897951060 0.1692895144224167 7649
1767897951797 0.2090618908405304 7659
1767897952533 0.34879836440086365 7669
1767897953269 0.12887990474700928 7679
1767897954005 0.0641103982925415 7689
1767897954741 0.2918517589569092 7699
1767897955477 0.1945672184228897 7709
1767897956213 0.3235931992530823 7719
1767897956950 0.3517502546310425 7729
1767897957687 0.26656532287597656 7739
1767897958422 0.6142624020576477 7749
1767897959157 0.43122291564941406 7759
1767897959895 0.17170833051204681 7769
1767897960633 0.07878866046667099 7779
1767897961369 0.1290939748287201 7789
1767897962106 0.06951142847537994 7799
1767897962842 0.44319093227386475 7809
1767897963580 0.45171016454696655 7819
1767897964317 0.3520754277706146 7829
1767897965055 0.3416138291358948 7839
1767897965794 0.10734188556671143 7849
1767897966530 0.3488917350769043 7859
1767897967267 0.3961453139781952 7869
1767897968004 0.1183745339512825 7879
1767897968739 0.1556408703327179 7889
1767897969474 0.3296095132827759 7899
1767897970212 0.17052504420280457 7909
1767897970949 0.4084550440311432 7919
1767897971686 0.4098193943500519 7929
1767897972422 0.36283615231513977 7939
1767897973158 0.26276448369026184 7949
1767897973894 0.2587830424308777 7959
1767897974632 0.2851000726222992 7969
1767897975369 0.1316356211900711 7979
1767897976106 0.19009529054164886 7989
1767897976843 0.4174891710281372 7999
1767897977579 0.32567545771598816 8009
1767897978316 0.13225746154785156 8019
1767897979052 0.4949128329753876 8029
1767897979790 0.31412190198898315 8039
1767897980527 0.018861008808016777 8049
1767897981265 0.27241069078445435 8059
1767897982003 0.28516289591789246 8069
1767897982739 0.11912079900503159 8079
1767897983475 0.1984163373708725 8089
1767897984212 0.24759143590927124 8099
1767897984949 0.128381609916687 8109
1767897985685 0.39213424921035767 8119
1767897986423 0.304222971200943 8129
1767897987160 0.37930944561958313 8139
1767897987898 0.3345069885253906 8149
1767897988634 0.31561845541000366 8159
1767897989372 0.13898347318172455 8169
1767897990108 0.419582724571228 8179
1767897990845 0.29746463894844055 8189
1767897991582 0.314900279045105 8199
1767897992316 0.3846653997898102 8209
1767897993052 0.23368774354457855 8219
1767897993788 0.3903316855430603 8229
1767897994526 0.35646334290504456 8239
1767897995264 0.10419939458370209 8249
1767897996002 0.5658778548240662 8259
1767897996740 0.22062192857265472 8269
1767897997475 0.5334010124206543 8279
1767897998212 0.360087513923645 8289
1767897998948 0.5358309149742126 8299
1767897999683 0.628308892250061 8309
1767898000419 0.29859673976898193 8319
1767898001155 0.2506351172924042 8329
1767898001889 0.22250580787658691 8339
1767898002625 0.08354036509990692 8349
1767898003362 0.352481871843338 8359
1767898004098 0.12871409952640533 8369
1767898004832 0.3432912826538086 8379
1767898005567 0.2540222406387329 8389
1767898006304 0.32982438802719116 8399
1767898007040 0.8486831188201904 8409
1767898007775 0.3631170690059662 8419
1767898008515 0.5668784379959106 8429
1767898009250 0.16334180533885956 8439
1767898009985 0.1535900980234146 8449
1767898010721 0.43652549386024475 8459
1767898011456 0.38604819774627686 8469
1767898012191 0.21916329860687256 8479
1767898012928 0.5091938376426697 8489
1767898013664 0.29225975275039673 8499
1767898014400 0.31588926911354065 8509
1767898015136 0.4457348585128784 8519
1767898015873 0.2042856514453888 8529
1767898016609 0.8983998894691467 8539
1767898017345 0.5099387764930725 8549
1767898018081 0.28948649764060974 8559
1767898018818 0.07861866801977158 8569
1767898019553 0.32900190353393555 8579
1767898020287 0.6859126091003418 8589
1767898021023 0.4725479483604431 8599
1767898021757 0.2998688817024231 8609
1767898022492 0.10488833487033844 8619
1767898023229 0.2076169103384018 8629
1767898023965 0.3436422646045685 8639
1767898039203 0.40891486406326294 8649
1767898039938 0.1699802428483963 8659
1767898040674 0.7334644198417664 8669
1767898041410 0.11855331063270569 8679
1767898042144 0.23491071164608002 8689
1767898042880 0.16378027200698853 8699
1767898043615 0.08748051524162292 8709
1767898044351 0.1092681884765625 8719
1767898045099 0.025401148945093155 8729
1767898045835 0.188135027885437 8739
1767898046571 0.12810403108596802 8749
1767898047307 0.2718433439731598 8759
1767898048045 0.246027871966362 8769
1767898048784 0.37549394369125366 8779
1767898049520 0.4639984667301178 8789
1767898050255 0.05939663574099541 8799
1767898050990 0.5116469860076904 8809
1767898051725 0.2388923019170761 8819
1767898052459 0.1487702578306198 8829
1767898053194 0.04566723108291626 8839
1767898053929 0.5998234152793884 8849
1767898054663 0.13777507841587067 8859
1767898055400 0.052114859223365784 8869
1767898056138 0.647051215171814 8879
1767898056875 0.4683973491191864 8889
1767898057611 0.10358846187591553 8899
1767898058350 0.5207931399345398 8909
1767898059086 0.5140361189842224 8919
1767898059821 0.24402284622192383 8929
1767898060556 0.17287901043891907 8939
1767898061293 0.22582688927650452 8949
1767898062028 0.3009851574897766 8959
1767898062763 0.26822179555892944 8969
1767898063498 0.2095191329717636 8979
1767898064234 0.273237943649292 8989
1767898064970 0.131246417760849 8999
1767898065707 0.20786334574222565 9009
1767898066441 0.3703199028968811 9019
1767898067177 0.12205413728952408 9029
1767898067913 0.18213312327861786 9039
1767898068648 0.02589104324579239 9049
1767898069384 0.16062688827514648 9059
1767898070119 0.2400209754705429 9069
1767898070856 0.20759698748588562 9079
1767898071594 0.09121892601251602 9089
1767898072330 0.3453700840473175 9099
1767898073065 0.2822149991989136 9109
1767898073801 0.13401874899864197 9119
1767898074536 0.15694886445999146 9129
1767898075272 0.0901043713092804 9139
1767898076009 0.291685551404953 9149
1767898076745 0.41584742069244385 9159
1767898077483 0.37281709909439087 9169
1767898078219 0.2246619164943695 9179
1767898078954 0.16629979014396667 9189
1767898079691 0.27735766768455505 9199
1767898080428 0.3958550989627838 9209
1767898081164 0.2963595688343048 9219
1767898081900 0.10799708962440491 9229
1767898082636 0.24523809552192688 9239
1767898083371 0.3190244734287262 9249
1767898084109 0.10060371458530426 9259
1767898084845 0.07695329189300537 9269
1767898085583 0.030507097020745277 9279
1767898086320 0.02281259186565876 9289
1767898087060 0.2478235512971878 9299
1767898087796 0.314979612827301 9309
1767898088532 0.05018423870205879 9319
1767898089267 0.41439417004585266 9329
1767898090003 0.1867743283510208 9339
1767898090740 0.40813055634498596 9349
1767898091476 0.20777426660060883 9359
1767898092213 0.2429085522890091 9369
1767898092949 0.1968197226524353 9379
1767898093684 0.23100797832012177 9389
1767898094419 0.25764942169189453 9399
1767898095155 0.09807683527469635 9409
1767898095893 0.16246888041496277 9419
1767898096629 0.21814002096652985 9429
1767898097365 0.2869095206260681 9439
1767898098100 0.1711636334657669 9449
1767898098834 0.44802024960517883 9459
1767898099569 0.3637457489967346 9469
1767898100305 0.20609214901924133 9479
1767898101040 0.2574961483478546 9489
1767898101776 0.011900420300662518 9499
1767898102513 0.15213988721370697 9509
1767898103249 0.35146430134773254 9519
1767898103986 0.18736450374126434 9529
1767898104721 0.4753163456916809 9539
1767898105457 0.6025362014770508 9549
1767898106194 0.2660602629184723 9559
1767898106930 0.12449653446674347 9569
1767898107665 0.29832732677459717 9579
1767898108403 0.29445797204971313 9589
1767898109140 0.2073473483324051 9599
1767898109876 0.5452420115470886 9609
1767898110613 0.12818117439746857 9619
1767898111347 0.35940325260162354 9629
1767898112084 0.4006209373474121 9639
1767898112819 0.17199164628982544 9649
1767898113555 0.1942276507616043 9659
1767898114292 0.2929058074951172 9669
1767898115026 0.4635346829891205 9679
1767898115762 0.07164101302623749 9689
1767898116501 0.37537819147109985 9699
1767898117238 0.017488498240709305 9709
1767898117975 0.17189952731132507 9719
1767898118712 0.12306792289018631 9729
1767898119446 0.29634639620780945 9739
1767898120181 0.6676756143569946 9749
1767898120917 0.4092668294906616 9759
1767898121652 0.10803505033254623 9769
1767898122388 0.12499145418405533 9779
1767898123124 0.10387095808982849 9789
1767898123858 0.1279318928718567 9799
1767898124594 0.38146254420280457 9809
1767898125329 0.5312585830688477 9819
1767898126065 0.6776654124259949 9829
1767898126802 0.460650771856308 9839
1767898127539 0.08017855137586594 9849
1767898128274 0.08628649264574051 9859
1767898129009 0.22085534036159515 9869
1767898129744 0.13279668986797333 9879
1767898130479 0.667406439781189 9889
1767898131216 0.18337184190750122 9899
1767898131952 0.31186962127685547 9909
1767898132688 0.08987267315387726 9919
1767898133423 0.15861894190311432 9929
1767898134156 0.285956472158432 9939
1767898134892 0.26677918434143066 9949
1767898135627 0.1690801978111267 9959
1767898136359 0.49376577138900757 9969
1767898137095 0.18116801977157593 9979
1767898137829 0.7218632102012634 9989
1767898138567 0.7194566130638123 9999
1767898139302 0.15015679597854614 10009
1767898140039 0.3901490569114685 10019
1767898140777 0.1620338261127472 10029
1767898141513 0.42309901118278503 10039
1767898142248 0.13273830711841583 10049
1767898142984 0.07769577950239182 10059
1767898143719 0.20385996997356415 10069
1767898144454 0.21422982215881348 10079
1767898159565 0.10109378397464752 10089
1767898160300 0.06643468886613846 10099
1767898161036 0.26879265904426575 10109
1767898161773 0.37325140833854675 10119
1767898162508 0.08212509751319885 10129
1767898163244 0.22327928245067596 10139
1767898163981 0.007069096434861422 10149
1767898164715 0.13091829419136047 10159
1767898165451 0.09898166358470917 10169
1767898166187 0.12176820635795593 10179
1767898166922 0.25987109541893005 10189
1767898167658 0.21775315701961517 10199
1767898168393 0.14116992056369781 10209
1767898169131 0.05708124116063118 10219
1767898169867 0.2908056676387787 10229
1767898170603 0.13947588205337524 10239
1767898171340 0.41141802072525024 10249
1767898172075 0.5024672746658325 10259
1767898172809 0.2650464177131653 10269
1767898173543 0.28086403012275696 10279
1767898174276 0.041239652782678604 10289
1767898175011 0.39168909192085266 10299
1767898175748 0.23457324504852295 10309
1767898176485 0.15971657633781433 10319
1767898177221 0.49743807315826416 10329
1767898177956 0.16818223893642426 10339
1767898178689 0.26155605912208557 10349
1767898179427 0.20063288509845734 10359
1767898180162 0.08881761133670807 10369
1767898180896 0.12372039258480072 10379
1767898181632 0.21706946194171906 10389
1767898182366 0.17037701606750488 10399
1767898183101 0.23319335281848907 10409
1767898183837 0.3315943777561188 10419
1767898184573 0.265164315700531 10429
1767898185308 0.2865595519542694 10439
1767898186042 0.2790498435497284 10449
1767898186780 0.47645795345306396 10459
1767898187516 0.4743266999721527 10469
1767898188251 0.1870383471250534 10479
1767898188987 0.33153074979782104 10489
1767898189723 0.36658409237861633 10499
1767898190459 0.45183461904525757 10509
1767898191194 0.4203423857688904 10519
1767898191930 0.193186417222023 10529
1767898192664 0.11386267095804214 10539
1767898193398 0.35292544960975647 10549
1767898194134 0.326433926820755 10559
1767898194872 0.16327369213104248 10569
1767898195608 0.09477386623620987 10579
1767898196343 0.15953809022903442 10589
1767898197078 0.08935839682817459 10599
1767898197813 0.11629108339548111 10609
1767898198547 0.2508302927017212 10619
1767898199282 0.6326616406440735 10629
1767898200018 0.11446037143468857 10639
1767898200752 0.1521780788898468 10649
1767898201488 0.26073136925697327 10659
1767898202224 0.13019618391990662 10669
1767898202960 0.2855467200279236 10679
1767898203697 0.06959018856287003 10689
1767898204433 0.0872780978679657 10699
1767898205170 0.1439916342496872 10709
1767898205907 0.10446271300315857 10719
1767898206643 0.4534071981906891 10729
1767898207378 0.3442680239677429 10739
1767898208117 0.11263830959796906 10749
1767898208854 0.23202653229236603 10759
1767898209591 0.14462728798389435 10769
1767898210328 0.1412738859653473 10779
1767898211065 0.06287192553281784 10789
1767898211801 0.2727653682231903 10799
1767898212537 0.5087883472442627 10809
1767898213273 0.23521272838115692 10819
1767898214009 0.20042657852172852 10829
1767898214744 0.13587896525859833 10839
1767898215480 0.3379487097263336 10849
1767898216217 0.3608677089214325 10859
1767898216951 0.324518620967865 10869
1767898217687 0.1500472128391266 10879
1767898218423 0.3559867739677429 10889
1767898219159 0.22876739501953125 10899
1767898219893 0.2640039622783661 10909
1767898220629 0.11623451858758926 10919
1767898221364 0.1471640020608902 10929
1767898222099 0.29707881808280945 10939
1767898222833 0.45722731947898865 10949
1767898223566 0.025138624012470245 10959
1767898224306 0.37312397360801697 10969
1767898225043 0.13929571211338043 10979
1767898225781 0.11595845967531204 10989
1767898226519 0.08698242157697678 10999
1767898227254 0.1031346321105957 11009
1767898227988 0.44477277994155884 11019
1767898228724 0.256028950214386 11029
1767898229460 0.11584964394569397 11039
1767898230195 0.3145220875740051 11049
1767898230931 0.09205244481563568 11059
1767898231666 0.06285322457551956 11069
1767898232403 0.1959826499223709 11079
1767898233138 0.47147905826568604 11089
1767898233873 0.14113575220108032 11099
1767898234609 0.28208065032958984 11109
1767898235349 0.1794215589761734 11119
1767898236084 0.401222288608551 11129
1767898236821 0.1493844985961914 11139
1767898237559 0.10823721438646317 11149
1767898238296 0.11471033096313477 11159
1767898239033 0.32120299339294434 11169
1767898239771 0.07365943491458893 11179
1767898240508 0.39038145542144775 11189
1767898241244 0.11891016364097595 11199
1767898241981 0.0844259113073349 11209
1767898242719 0.35484278202056885 11219
1767898243454 0.06868942826986313 11229
1767898244189 0.5239323973655701 11239
1767898244926 0.09215154498815536 11249
1767898245662 0.17451483011245728 11259
1767898246399 0.2390788197517395 11269
1767898247135 0.275861918926239 11279
1767898247871 0.15440064668655396 11289
1767898248607 0.3203078508377075 11299
1767898249342 0.14629901945590973 11309
1767898250076 0.40581411123275757 11319
1767898250812 0.08246436715126038 11329
1767898251549 0.19119583070278168 11339
1767898252284 0.05368458479642868 11349
1767898253021 0.13723912835121155 11359
1767898253759 0.15007425844669342 11369
1767898254496 0.061437033116817474 11379
1767898255231 0.19555950164794922 11389
1767898255967 0.07690887898206711 11399
1767898256703 0.23973262310028076 11409
1767898257437 0.3717641234397888 11419
1767898258174 0.05778729170560837 11429
1767898258910 0.11148110777139664 11439
1767898259646 0.467335969209671 11449
1767898260381 0.13830430805683136 11459
1767898261117 0.16795767843723297 11469
1767898261852 0.08990813046693802 11479
1767898262589 0.3349064588546753 11489
1767898263326 0.09860145300626755 11499
1767898264061 0.37198057770729065 11509
1767898264796 0.06132257729768753 11519
1767898279920 0.3948638141155243 11529
1767898280655 0.19061896204948425 11539
1767898281392 0.2487238198518753 11549
1767898282128 0.2309247851371765 11559
1767898282863 0.2714420557022095 11569
1767898283600 0.32252204418182373 11579
1767898284336 0.30594080686569214 11589
1767898285070 0.08993184566497803 11599
1767898285809 0.34568122029304504 11609
1767898286546 0.34227684140205383 11619
1767898287282 0.05876241624355316 11629
1767898288019 0.12420669943094254 11639
1767898288755 0.34857016801834106 11649
1767898289491 0.09502364695072174 11659
1767898290227 0.06718694418668747 11669
1767898290964 0.17079268395900726 11679
1767898291700 0.09861072152853012 11689
1767898292436 0.0880410447716713 11699
1767898293171 0.2405279129743576 11709
1767898293907 0.18573743104934692 11719
1767898294641 0.11115327477455139 11729
1767898295380 0.1562041938304901 11739
1767898296116 0.03292423486709595 11749
1767898296853 0.2652517557144165 11759
1767898297592 0.12734685838222504 11769
1767898298331 0.01722070574760437 11779
1767898299071 0.08198722451925278 11789
1767898299812 0.36573976278305054 11799
1767898300551 0.19816221296787262 11809
1767898301289 0.36510929465293884 11819
1767898302026 0.08565451204776764 11829
1767898302762 0.049962811172008514 11839
1767898303498 0.2363617718219757 11849
1767898304235 0.3320274353027344 11859
1767898304972 0.16155046224594116 11869
1767898305709 0.5252424478530884 11879
1767898306445 0.1279338002204895 11889
1767898307182 0.20155274868011475 11899
1767898307919 0.26283130049705505 11909
1767898308656 0.15804563462734222 11919
1767898309392 0.12755054235458374 11929
1767898310128 0.15892426669597626 11939
1767898310865 0.2763381004333496 11949
1767898311602 0.03581269085407257 11959
1767898312339 0.10917126387357712 11969
1767898313078 0.09599325805902481 11979
1767898313817 0.046565499156713486 11989
1767898314555 0.14308784902095795 11999
1767898315289 0.2606680393218994 12009
1767898316027 0.2284800112247467 12019
1767898316762 0.18084920942783356 12029
1767898317499 0.2923791706562042 12039
1767898318237 0.12434469163417816 12049
1767898318973 0.19355835020542145 12059
1767898319710 0.22535409033298492 12069
1767898320446 0.11201080679893494 12079
1767898321182 0.18563899397850037 12089
1767898321919 0.08346155285835266 12099
1767898322656 0.19970569014549255 12109
1767898323392 0.15246830880641937 12119
1767898324128 0.15519969165325165 12129
1767898324865 0.26607078313827515 12139
1767898325601 0.1650477945804596 12149
1767898326337 0.21984894573688507 12159
1767898327073 0.16935375332832336 12169
1767898327810 0.17853568494319916 12179
1767898328551 0.23275107145309448 12189
1767898329292 0.8517336249351501 12199
1767898330034 0.06467301398515701 12209
1767898330777 0.5695661306381226 12219
1767898331517 0.2963075041770935 12229
1767898332259 0.17236003279685974 12239
1767898332997 0.33950141072273254 12249
1767898333736 0.4396478831768036 12259
1767898334472 0.10185536742210388 12269
1767898335209 0.3933144211769104 12279
1767898335944 0.23984111845493317 12289
1767898336681 0.1254412978887558 12299
1767898337415 0.24359719455242157 12309
1767898338151 0.07179832458496094 12319
1767898338886 0.2911594808101654 12329
1767898339620 0.028215928003191948 12339
1767898340357 0.13771209120750427 12349
1767898341093 0.1942414790391922 12359
1767898341827 0.13680413365364075 12369
1767898342562 0.05473605543375015 12379
1767898343297 0.5143027305603027 12389
1767898344032 0.09079030901193619 12399
1767898344768 0.37883272767066956 12409
1767898345504 0.23230424523353577 12419
1767898346240 0.15367606282234192 12429
1767898346974 0.11813131719827652 12439
1767898347709 0.32071495056152344 12449
1767898348444 0.09456079453229904 12459
1767898349179 0.2472611516714096 12469
1767898349914 0.021681560203433037 12479
1767898350650 0.10424332320690155 12489
1767898351385 0.5994025468826294 12499
1767898352119 0.07957687973976135 12509
1767898352855 0.15609309077262878 12519
1767898353590 0.1328369528055191 12529
1767898354328 0.14307546615600586 12539
1767898355063 0.07027778774499893 12549
1767898355799 0.18294204771518707 12559
1767898356534 0.25501957535743713 12569
1767898357268 0.09705707430839539 12579
1767898358003 0.08246154338121414 12589
1767898358739 0.391090989112854 12599
1767898359476 0.20458045601844788 12609
1767898360212 0.12244264036417007 12619
1767898360952 0.27772602438926697 12629
1767898361686 0.028042353689670563 12639
1767898362421 0.00851568952202797 12649
1767898363157 0.039060890674591064 12659
1767898363891 0.07759810984134674 12669
1767898364627 0.2764207124710083 12679
1767898365363 0.247323676943779 12689
1767898366098 0.16048915684223175 12699
1767898366835 0.30782684683799744 12709
1767898367568 0.17061124742031097 12719
1767898368304 0.14377543330192566 12729
1767898369039 0.057793956249952316 12739
1767898369773 0.2187671810388565 12749
1767898370509 0.2926829159259796 12759
1767898371244 0.01074283104389906 12769
1767898371978 0.21291399002075195 12779
1767898372715 0.10852757841348648 12789
1767898373450 0.19506330788135529 12799
1767898374186 0.14461584389209747 12809
1767898374923 0.12901242077350616 12819
1767898375659 0.1816595047712326 12829
1767898376394 0.058134641498327255 12839
1767898377128 0.12600094079971313 12849
1767898377862 0.2778244614601135 12859
1767898378598 0.05300099402666092 12869
1767898379335 0.3863976299762726 12879
1767898380071 0.15525494515895844 12889
1767898380807 0.060555599629879 12899
1767898381544 0.10251273959875107 12909
1767898382277 0.14010591804981232 12919
1767898383012 0.10013771057128906 12929
1767898383749 0.039912160485982895 12939
1767898384484 0.4656985402107239 12949
1767898385219 0.09824007004499435 12959
1767898400309 0.2488340586423874 12969
1767898401047 0.1976945400238037 12979
1767898401786 0.601511538028717 12989
1767898402523 0.07852628827095032 12999
1767898403259 0.30765271186828613 13009
1767898403996 0.07473967224359512 13019
1767898404730 0.20417726039886475 13029
1767898405467 0.02572871558368206 13039
1767898406202 0.1659369170665741 13049
1767898406938 0.022485757246613503 13059
1767898407673 0.3094532787799835 13069
1767898408408 0.34208059310913086 13079
1767898409142 0.21692734956741333 13089
1767898409877 0.06048673391342163 13099
1767898410612 0.7182124853134155 13109
1767898411348 0.2638382613658905 13119
1767898412084 0.08578205108642578 13129
1767898412818 0.2353048473596573 13139
1767898413554 0.14093245565891266 13149
1767898414289 0.061031684279441833 13159
1767898415024 0.3902844190597534 13169
1767898415762 0.14364096522331238 13179
1767898416499 0.0479474775493145 13189
1767898417233 0.14714618027210236 13199
1767898417970 0.09339091926813126 13209
1767898418705 0.3691468834877014 13219
1767898419441 0.08034487813711166 13229
1767898420176 0.32821381092071533 13239
1767898420911 0.0883694663643837 13249
1767898421649 0.25407108664512634 13259
1767898422391 0.317064493894577 13269
1767898423127 0.22797246277332306 13279
1767898423863 0.2988663613796234 13289
1767898424598 0.034946586936712265 13299
1767898425333 0.15333980321884155 13309
1767898426070 0.2527054250240326 13319
1767898426806 0.11206875741481781 13329
1767898427540 0.09372760355472565 13339
1767898428275 0.23873771727085114 13349
1767898429009 0.1979288011789322 13359
1767898479499 0.2059144526720047 13369
1767898480235 0.4471074640750885 13379
1767898480970 0.08374349772930145 13389
1767898481707 0.10527964681386948 13399
1767898482442 0.37511205673217773 13409
1767898483177 0.35818663239479065 13419
1767898483911 0.02201014943420887 13429
1767898484644 0.1582757830619812 13439
1767898485378 0.2579156458377838 13449
1767898486110 0.4439006745815277 13459
1767898539310 0.142915740609169 13469
1767898540048 0.27167972922325134 13479
1767898540784 0.10900112241506577 13489
1767898541520 0.17092077434062958 13499
1767898542256 0.039557285606861115 13509
1767898542993 0.12163884192705154 13519
1767898543728 0.04410134255886078 13529
1767898544462 0.15318061411380768 13539
1767898545196 0.18965239822864532 13549
1767898545929 0.26581844687461853 13559
1767898546661 0.050997331738471985 13569
1767898599964 0.257777601480484 13579
1767898600670 0.158558651804924 13589
1767898601376 0.07767834514379501 13599
1767898602082 0.3225841522216797 13609
1767898602789 0.05919612571597099 13619
1767898603493 0.22391025722026825 13629
1767898604197 0.3531738519668579 13639
1767898604905 0.2451545149087906 13649
1767898605611 0.17989882826805115 13659
1767898606317 0.25124549865722656 13669
1767898659602 0.0737542137503624 13679
1767898660308 0.07789585739374161 13689
1767898661011 0.32613280415534973 13699
1767898661716 0.1732010841369629 13709
1767898662421 0.13028563559055328 13719
1767898663125 0.2699454426765442 13729
1767898663830 0.0532120019197464 13739
1767898664533 0.11873035132884979 13749
1767898665234 0.05836131051182747 13759
1767898665936 0.03193065524101257 13769
1767898666641 0.3024510443210602 13779
1767898720018 0.07837621867656708 13789
1767898720750 0.051495879888534546 13799
1767898721484 0.0506771020591259 13809
1767898722217 0.332415372133255 13819
1767898722950 0.08075963705778122 13829
1767898723687 0.08464796096086502 13839
1767898724420 0.27663126587867737 13849
1767898725151 0.05143190920352936 13859
1767898725885 0.09308451414108276 13869
1767898726618 0.24442048370838165 13879
1767898779682 0.17965924739837646 13889
1767898780416 0.3551093637943268 13899
1767898781151 0.2817038297653198 13909
1767898781886 0.12371941655874252 13919
1767898782619 0.13802097737789154 13929
1767898783354 0.0966523215174675 13939
1767898784089 0.062436025589704514 13949
1767898784822 0.02409825287759304 13959
1767898785555 0.014107970520853996 13969
1767898786285 0.074118472635746 13979
1767898787016 0.17431923747062683 13989
1767898839968 0.06599990278482437 13999
1767898840702 0.1759277731180191 14009
1767898841436 0.36363551020622253 14019
1767898842169 0.06445290148258209 14029
1767898842902 0.2208489030599594 14039
1767898843636 0.19066962599754333 14049
1767898844371 0.21635861694812775 14059
1767898845103 0.4364597201347351 14069
1767898845844 0.20898710191249847 14079
1767898846576 0.19410113990306854 14089
1767898899699 0.09657751768827438 14099
1767898900432 0.09972072392702103 14109
1767898901166 0.49869149923324585 14119
1767898901901 0.09013160318136215 14129
1767898902633 0.2020321637392044 14139
1767898903367 0.16573834419250488 14149
1767898904100 0.1262863576412201 14159
1767898904836 0.17324355244636536 14169
1767898905570 0.04861171916127205 14179
1767898906302 0.043760355561971664 14189
1767898959574 0.017214395105838776 14199
1767898960310 0.14987027645111084 14209
1767898961045 0.07584462314844131 14219
1767898961780 0.13588187098503113 14229
1767898962516 0.04766238108277321 14239
1767898963251 0.18298307061195374 14249
1767898963986 0.11246257275342941 14259
1767898964720 0.3122600018978119 14269
1767898965453 0.0458187460899353 14279
1767898966185 0.08597171306610107 14289
1767898966919 0.15912191569805145 14299
1767899019998 0.12219949811697006 14309
1767899020733 0.13636119663715363 14319
1767899021466 0.2690398693084717 14329
1767899022203 0.1100117638707161 14339
1767899022937 0.07269630581140518 14349
1767899023670 0.08308476954698563 14359
1767899024403 0.1773490458726883 14369
1767899025135 0.27789822220802307 14379
1767899025869 0.22280734777450562 14389
1767899026600 0.041959695518016815 14399
1767899440153 0.059826549142599106 14409
1767899440888 0.25617071986198425 14419
1767899441622 0.06545224040746689 14429
1767899442355 0.11144103109836578 14439
1767899443089 0.11861379444599152 14449
1767899443823 0.23795635998249054 14459
1767899444557 0.04793468862771988 14469
1767899445289 0.330952912569046 14479
1767899446022 0.10695706307888031 14489
1767899446756 0.24218472838401794 14499
1767899499934 0.049516089260578156 14509
1767899500668 0.1932862102985382 14519
1767899501400 0.21801787614822388 14529
1767899502132 0.13737033307552338 14539
1767899502864 0.03686758875846863 14549
1767899503597 0.25629493594169617 14559
1767899504330 0.06701807677745819 14569
1767899505061 0.12305793166160583 14579
1767899505795 0.04109018296003342 14589
1767899506527 0.18640285730361938 14599
1767899559664 0.2463272660970688 14609
1767899560398 0.06567634642124176 14619
1767899561131 0.057012464851140976 14629
1767899561866 0.13094711303710938 14639
1767899562600 0.19799302518367767 14649
1767899563333 0.09115530550479889 14659
1767899564067 0.11529078334569931 14669
1767899564800 0.059748854488134384 14679
1767899565534 0.05033797025680542 14689
1767899566267 0.16674527525901794 14699
1767899619321 0.04281013086438179 14709
1767899620059 0.05063162371516228 14719
1767899620792 0.13038188219070435 14729
1767899621527 0.01547651644796133 14739
1767899622260 0.029608014971017838 14749
1767899622993 0.1768830120563507 14759
1767899623727 0.20780333876609802 14769
1767899624460 0.2412770390510559 14779
1767899625192 0.16422004997730255 14789
1767899625925 0.11221647262573242 14799
1767899626656 0.10262858867645264 14809
1767899679702 0.04495849832892418 14819
1767899680435 0.1205269917845726 14829
1767899681169 0.01195132452994585 14839
1767899681902 0.03819526731967926 14849
1767899682635 0.22148700058460236 14859
1767899683368 0.15262794494628906 14869
1767899684101 0.03704628348350525 14879
1767899684834 0.1523057371377945 14889
1767899685568 0.16144606471061707 14899
1767899686300 0.1606457680463791 14909
1767899739390 0.0933791995048523 14919
1767899740126 0.028827695176005363 14929
1767899740860 0.10167796164751053 14939
1767899741593 0.01065265666693449 14949
1767899742327 0.008967027999460697 14959
1767899743060 0.11248686909675598 14969
1767899743795 0.23318706452846527 14979
1767899744530 0.0768236368894577 14989
1767899745262 0.26332899928092957 14999
1767899745994 0.11244287341833115 15009
1767899746727 0.07064112275838852 15019
1767899799758 0.29410162568092346 15029
1767899800493 0.1389896124601364 15039
1767899801226 0.19470888376235962 15049
1767899801959 0.10618510842323303 15059
1767899802693 0.26913687586784363 15069
1767899803427 0.02146610990166664 15079
1767899804161 0.17801471054553986 15089
1767899804894 0.15360011160373688 15099
1767899805626 0.014007548801600933 15109
1767899806360 0.06116290017962456 15119
1767899859569 0.13570843636989594 15129
1767899860304 0.4485822916030884 15139
1767899861039 0.3403315246105194 15149
1767899861774 0.17629502713680267 15159
1767899862508 0.14441774785518646 15169
1767899863242 0.13911496102809906 15179
1767899863976 0.1261391043663025 15189
1767899864708 0.13961540162563324 15199
1767899865440 0.13060623407363892 15209
1767899866174 0.2266489416360855 15219
1767899866906 0.12987646460533142 15229
1767899919979 0.12377427518367767 15239
1767899920713 0.23619434237480164 15249
1767899921449 0.05867859721183777 15259
1767899922185 0.18257443606853485 15269
1767899922920 0.25048792362213135 15279
1767899923657 0.0939253717660904 15289
1767899924392 0.05305764451622963 15299
1767899925124 0.07774753123521805 15309
1767899925859 0.15324220061302185 15319
1767899926592 0.03783056139945984 15329
1767899979747 0.15893837809562683 15339
1767899980481 0.04662813991308212 15349
1767899981217 0.04458833113312721 15359
1767899981951 0.030585451051592827 15369
1767899982684 0.030015062540769577 15379
1767899983420 0.2377534806728363 15389
1767899984154 0.01766177825629711 15399
1767899984888 0.1752077043056488 15409
1767899985623 0.043104637414216995 15419
1767899986354 0.01919865980744362 15429
1767900039440 0.02265283465385437 15439
1767900040175 0.08056430518627167 15449
1767900040910 0.12846875190734863 15459
1767900041643 0.03677773475646973 15469
1767900042375 0.0437653549015522 15479
1767900043109 0.09329793602228165 15489
1767900043842 0.035194218158721924 15499
1767900044575 0.09030083566904068 15509
1767900045308 0.45626455545425415 15519
1767900046041 0.22178347408771515 15529
1767900046772 0.27884939312934875 15539
1767900099851 0.08626352250576019 15549
1767900100586 0.06133967265486717 15559
1767900101320 0.18657799065113068 15569
1767900102054 0.05798419937491417 15579
1767900102788 0.08006738126277924 15589
1767900103522 0.04057249426841736 15599
1767900104254 0.03124825470149517 15609
1767900104987 0.015411577187478542 15619
1767900105720 0.08218324184417725 15629
1767900106451 0.34683191776275635 15639
1767900159619 0.2461189478635788 15649
1767900160353 0.0027168213855475187 15659
1767900161087 0.15215496718883514 15669
1767900161821 0.06331991404294968 15679
1767900162555 0.12785185873508453 15689
1767900163288 0.21552135050296783 15699
1767900164022 0.11882083863019943 15709
1767900164756 0.08860545605421066 15719
1767900165488 0.09626299887895584 15729
1767900166221 0.005221035331487656 15739
1767900166955 0.16324949264526367 15749
1767900220055 0.05482165515422821 15759
1767900220790 0.20306453108787537 15769
1767900221525 0.026018451899290085 15779
1767900222261 0.026576915755867958 15789
1767900222996 0.16087312996387482 15799
1767900223730 0.22591717541217804 15809
1767900224466 0.23558245599269867 15819
1767900225200 0.12868031859397888 15829
1767900225932 0.16042131185531616 15839
1767900639529 0.08063750714063644 15849
1767900640264 0.1786402314901352 15859
1767900640996 0.012433111667633057 15869
1767900641728 0.06763409823179245 15879
1767900642460 0.02711891569197178 15889
1767900643191 0.01972196437418461 15899
1767900643923 0.2156931608915329 15909
1767900644656 0.09095322340726852 15919
1767900645388 0.18001939356327057 15929
1767900646122 0.1652129590511322 15939
1767900646854 0.01390978042036295 15949
1767900699992 0.1378716230392456 15959
1767900700726 0.21069011092185974 15969
1767900701460 0.1517171710729599 15979
1767900702194 0.28171440958976746 15989
1767900702928 0.086636483669281 15999
1767900703660 0.26273205876350403 16009
1767900704394 0.29085826873779297 16019
1767900705127 0.02005823142826557 16029
1767900705861 0.18054398894309998 16039
1767900706594 0.07622883468866348 16049
1767900759688 0.5587257742881775 16059
1767900760420 0.05975872278213501 16069
1767900761155 0.2272804230451584 16079
1767900761890 0.1515568196773529 16089
1767900762624 0.0695192888379097 16099
1767900763358 0.08530145138502121 16109
1767900764092 0.03151498734951019 16119
1767900764824 0.09215053170919418 16129
1767900765557 0.03382837399840355 16139
1767900766289 0.11685480177402496 16149
1767900767021 0.29995277523994446 16159
1767900819981 0.11204436421394348 16169
1767900820714 0.12938076257705688 16179
1767900821448 0.06456494331359863 16189
1767900822181 0.07946754992008209 16199
1767900822914 0.02649039961397648 16209
1767900823647 0.01508775819092989 16219
1767900824380 0.052389517426490784 16229
1767900825112 0.1070222482085228 16239
1767900825847 0.20987169444561005 16249
1767900826578 0.05977164953947067 16259
1767900879711 0.048497963696718216 16269
1767900880443 0.044606588780879974 16279
1767900881181 0.2646936774253845 16289
1767900881914 0.16372151672840118 16299
1767900882646 0.12255682796239853 16309
1767900883380 0.04045639932155609 16319
1767900884113 0.059589579701423645 16329
1767900884844 0.161430224776268 16339
1767900885579 0.03310365974903107 16349
1767900886310 0.158698171377182 16359
1767900939411 0.16676440834999084 16369
1767900940144 0.052683670073747635 16379
1767900940879 0.2844142019748688 16389
1767900941613 0.030340855941176414 16399
1767900942346 0.03508317470550537 16409
1767900943080 0.1486559510231018 16419
1767900943812 0.233632430434227 16429
1767900944544 0.011813854798674583 16439
1767900945285 0.024378426373004913 16449
1767900946016 0.28184691071510315 16459
1767900946750 0.03650900721549988 16469
1767900999861 0.13344061374664307 16479
1767901000597 0.08301536738872528 16489
1767901001331 0.016648106276988983 16499
1767901002065 0.2755774259567261 16509
1767901002800 0.044679608196020126 16519
1767901003533 0.03358341008424759 16529
1767901004267 0.12494415044784546 16539
1767901005000 0.09273137897253036 16549
1767901005734 0.06453411281108856 16559
1767901006467 0.2078448385000229 16569
1767901059601 0.14651261270046234 16579
1767901060336 0.14753082394599915 16589
1767901061069 0.024682044982910156 16599
1767901061803 0.3002393841743469 16609
1767901062536 0.04577096924185753 16619
1767901063268 0.07828771322965622 16629
1767901064003 0.07859762758016586 16639
1767901064736 0.19723112881183624 16649
1767901065475 0.07068869471549988 16659
1767901066207 0.10135573893785477 16669
1767901119319 0.0019729300402104855 16679
1767901120057 0.12580755352973938 16689
1767901120792 0.08151457458734512 16699
1767901121526 0.062094010412693024 16709
1767901122259 0.12459017336368561 16719
1767901122991 0.19314059615135193 16729
1767901123725 0.1601518988609314 16739
1767901124457 0.0024825085420161486 16749
1767901125188 0.13074035942554474 16759
1767901125921 0.048009682446718216 16769
1767901126652 0.20163124799728394 16779
1767901179795 0.16244180500507355 16789
1767901180528 0.10086186975240707 16799
1767901181262 0.006553951185196638 16809
1767901181997 0.13393840193748474 16819
1767901182730 0.04791400954127312 16829
1767901183464 0.08682504296302795 16839
1767901184198 0.1534627228975296 16849
1767901184930 0.16161005198955536 16859
1767901185665 0.07346296310424805 16869
1767901186397 0.04876086488366127 16879
1767901239465 0.06884224712848663 16889
1767901240199 0.019274801015853882 16899
1767901240934 0.09996407479047775 16909
1767901241668 0.042923931032419205 16919
1767901242402 0.07123735547065735 16929
1767901243136 0.008852362632751465 16939
1767901243869 0.020813321694731712 16949
1767901244601 0.08108001202344894 16959
1767901245334 0.10391068458557129 16969
1767901246066 0.0437648668885231 16979
1767901246798 0.04685991257429123 16989
1767901299824 0.08058671653270721 16999
1767901300558 0.03653895482420921 17009
1767901301292 0.21818415820598602 17019
1767901302025 0.048448123037815094 17029
1767901302759 0.27126777172088623 17039
1767901303491 0.14254596829414368 17049
1767901304224 0.2042429894208908 17059
1767901304958 0.08804889768362045 17069
1767901305691 0.2677990794181824 17079
1767901306423 0.03664814308285713 17089
1767901359648 0.027314219623804092 17099
1767901360382 0.4020734429359436 17109
1767901361113 0.22785405814647675 17119
1767901361844 0.10466648638248444 17129
1767901362578 0.023672759532928467 17139
1767901363313 0.08210507035255432 17149
1767901364045 0.24721354246139526 17159
1767901364778 0.034738387912511826 17169
1767901365510 0.016523508355021477 17179
1767901366242 0.13825681805610657 17189
1767901366976 0.036092791706323624 17199
1767901420066 0.1685398519039154 17209
1767901420800 0.06929346174001694 17219
1767901421535 0.023516930639743805 17229
1767901422268 0.31724485754966736 17239
1767901423002 0.07912081480026245 17249
1767901423734 0.005293688736855984 17259
1767901424469 0.15602149069309235 17269
1767901425199 0.11594859510660172 17279
1767901782202 0.005763806402683258 17289
1767901839601 0.2324661761522293 17299
1767901840336 0.09347786009311676 17309
1767901841072 0.01066447701305151 17319
1767901841807 0.14176975190639496 17329
1767901842541 0.1745162159204483 17339
1767901843275 0.03777066618204117 17349
1767901844008 0.03396456316113472 17359
1767901844744 0.05765148624777794 17369
1767901845480 0.18811509013175964 17379
1767901846215 0.03482399880886078 17389
1767901846949 0.026791097596287727 17399
1767901899855 0.03845694288611412 17409
1767901900589 0.019710537046194077 17419
1767901901323 0.024394351989030838 17429
1767901902059 0.32314586639404297 17439
1767901902794 0.21389533579349518 17449
1767901903528 0.1698039025068283 17459
1767901904264 0.08627322316169739 17469
1767901904996 0.015349941328167915 17479
1767901905730 0.10192698985338211 17489
1767901906467 0.046162161976099014 17499
1767901959568 0.013560888357460499 17509
1767901960303 0.01941186562180519 17519
1767901961037 0.08385957777500153 17529
1767901961772 0.04537603259086609 17539
1767901962507 0.2016746699810028 17549
1767901963241 0.044706959277391434 17559
1767901963976 0.28204384446144104 17569
1767901964710 0.039828673005104065 17579
1767901965443 0.01768827997148037 17589
1767901966176 0.11887027323246002 17599
1767901966911 0.013650483451783657 17609
1767902019971 0.155885249376297 17619
1767902020707 0.16553346812725067 17629
1767902021442 0.09608089178800583 17639
1767902022176 0.06145675852894783 17649
1767902022909 0.06145023554563522 17659
1767902023644 0.17349347472190857 17669
1767902024378 0.010613562539219856 17679
1767902025110 0.017428498715162277 17689
1767902025845 0.22383590042591095 17699
1767902026577 0.11357337981462479 17709
1767902037784 0.08171675354242325 17719
1767902038521 0.0671275332570076 17729
1767902039259 0.25494369864463806 17739
1767902039995 0.06295545399188995 17749
1767902040730 0.1181885153055191 17759
1767902041465 0.06695171445608139 17769
1767902042203 0.01119806244969368 17779
1767902042940 0.029097354039549828 17789
1767902043677 0.42462611198425293 17799
1767902044412 0.1599230021238327 17809
1767902045150 0.1730392426252365 17819
1767902045887 0.1548997312784195 17829
1767902046621 0.21052387356758118 17839
1767902047357 0.1172681674361229 17849
1767902048094 0.08001599460840225 17859
1767902048829 0.19954848289489746 17869
1767902049564 0.20994126796722412 17879
