1767206516649 0.0 1999
1767206517073 0.0 1999
1767207305457 1.0 3999
1767207305917 1.0 3999
1767208094096 2.0 5999
1767208094484 2.0 5999
1767208882128 3.0 7999
1767208882130 3.0 7999
1767209669811 4.0 9999
1767209669814 4.0 9999
1767210457420 5.0 11999
1767210457423 5.0 11999
1767211245146 6.0 13999
1767211245527 6.0 13999
1767212033260 7.0 15999
1767212033263 7.0 15999
1767212820897 8.0 17999
1767212820900 8.0 17999
1767213608502 9.0 19999
1767213608504 9.0 19999
1767214396154 10.0 21999
1767214396157 10.0 21999
1767215183741 11.0 23999
1767215183743 11.0 23999
1767215971386 12.0 25999
1767215971388 12.0 25999
1767216758971 13.0 27999
1767216758974 13.0 27999
1767217546572 14.0 29999
1767217546575 14.0 29999
1767218334161 15.0 31999
1767218334163 15.0 31999
1767219121784 16.0 33999
1767219121786 16.0 33999
