1767205728701 0.001 0
1767206517074 0.0009990232305719944 2000
1767207305921 0.0009960967771506664 4000
1767208094487 0.0009912321891107007 6000
1767208882131 0.0009844486647586721 8000
1767209669814 0.0009757729755661009 10000
1767210457424 0.0009652393605146842 12000
1767211245530 0.0009528893909706795 14000
1767212033263 0.0009387718066217122 16000
1767212820900 0.0009229423231234972 18000
1767213608505 0.0009054634122155987 20000
1767214396158 0.0008864040551740153 22000
1767215183744 0.0008658394705735984 24000
1767215971389 0.0008438508174347006 26000
1767216758974 0.000820524874925601 28000
1767217546575 0.000795953699884774 30000
1767218334164 0.000770234263514603 32000
