1767206517073 0.5117390751838684 1999
1767207305917 0.8220488429069519 3999
1767208094484 0.911105215549469 5999
1767208882130 0.9311248064041138 7999
1767209669814 0.9456348419189453 9999
1767210457423 0.9508945345878601 11999
1767211245527 0.9583152532577515 13999
1767212033263 0.9641758799552917 15999
1767212820900 0.9710654616355896 17999
1767213608504 0.9699961543083191 19999
1767214396157 0.9747955799102783 21999
1767215183743 0.978316605091095 23999
1767215971388 0.9772168397903442 25999
1767216758974 0.9798868894577026 27999
1767217546575 0.9797073602676392 29999
1767218334163 0.9838671088218689 31999
1767219121786 0.98188716173172 33999
