1766624064020 0.0 1999
1766624064235 0.0 1999
1766624292691 1.0 3999
1766624292692 1.0 3999
1766624520980 2.0 5999
1766624521066 2.0 5999
1766624749285 3.0 7999
1766624749363 3.0 7999
1766624977705 4.0 9999
1766624977707 4.0 9999
1766625206078 5.0 11999
1766625206079 5.0 11999
1766625434272 6.0 13999
1766625434274 6.0 13999
1766625662478 7.0 15999
1766625662479 7.0 15999
1766625890699 8.0 17999
1766625890701 8.0 17999
1766626118930 9.0 19999
1766626118931 9.0 19999
1766626347340 10.0 21999
1766626347342 10.0 21999
1766626575831 11.0 23999
1766626575833 11.0 23999
1766626804457 12.0 25999
1766626804458 12.0 25999
1766627032945 13.0 27999
1766627032947 13.0 27999
1766627041430 14.0 28000
