1766624064235 1.1777851581573486 1999
1766624292692 1.0333510637283325 3999
1766624521066 0.9829787611961365 5999
1766624749363 0.9560219645500183 7999
1766624977707 0.9411016702651978 9999
1766625206079 0.9312951564788818 11999
1766625434274 0.9195586442947388 13999
1766625662479 0.9145624041557312 15999
1766625890701 0.9028820991516113 17999
1766626118931 0.9006472229957581 19999
1766626347342 0.8922860622406006 21999
1766626575833 0.8886595964431763 23999
1766626804458 0.8869416117668152 25999
1766627032947 0.8856201171875 27999
