1766624064235 0.8287975192070007 1999
1766624292692 0.9425843954086304 3999
1766624521066 0.9629539251327515 5999
1766624749363 0.9672947525978088 7999
1766624977707 0.9733744263648987 9999
1766625206079 0.9742952585220337 11999
1766625434274 0.9761456251144409 13999
1766625662479 0.976025402545929 15999
1766625890701 0.9796353578567505 17999
1766626118931 0.9799659252166748 19999
1766626347342 0.9813560843467712 21999
1766626575833 0.9826264381408691 23999
1766626804458 0.9835068583488464 25999
1766627032947 0.9824267625808716 27999
