1768084195312 0.6689027547836304 1439
1768084464698 0.8077499866485596 2879
1768084734330 0.8523333072662354 4319
1768085003918 0.8779305815696716 5759
1768085272146 0.8926805257797241 7199
1768085543369 0.9047777652740479 8639
1768085814875 0.9200555682182312 10079
1768086084179 0.9276666641235352 11519
1768086351859 0.9346528053283691 12959
1768086618217 0.9385555386543274 14399
1768086888564 0.9553611278533936 15839
1768087153077 0.9595416784286499 17279
1768087417406 0.9625555276870728 18719
1768087684255 0.9639583230018616 20159
