1768084195312 2.3279740810394287 1439
1768084464698 0.5757840871810913 2879
1768084734330 0.4545479714870453 4319
1768085003918 0.3763820230960846 5759
1768085272146 0.3303256928920746 7199
1768085543369 0.2988729476928711 8639
1768085814875 0.24777965247631073 10079
1768086084179 0.2244357168674469 11519
1768086351859 0.20365773141384125 12959
1768086618217 0.18569183349609375 14399
1768086888564 0.13745130598545074 15839
1768087153077 0.12728475034236908 17279
1768087417406 0.11448494344949722 18719
1768087684255 0.10974974930286407 20159
