1768083922580 29.19725799560547 9
1768083923311 36.94314956665039 19
1768083924043 7.600327968597412 29
1768083924776 4.729562759399414 39
1768083925508 10.420619010925293 49
1768083926239 7.029519081115723 59
1768083926972 9.326953887939453 69
1768083927704 6.135904312133789 79
1768083928436 3.718065023422241 89
1768083929170 4.185433387756348 99
1768083929903 2.552155017852783 109
1768083930636 4.474385738372803 119
1768083931367 3.802455425262451 129
1768083932099 4.609203815460205 139
1768083932831 1.5696804523468018 149
1768083933563 7.7998576164245605 159
1768083934295 1.1801574230194092 169
1768083935029 4.303618907928467 179
1768083935764 3.446300506591797 189
1768083936498 2.492405414581299 199
1768083937232 1.63962721824646 209
1768083937964 2.678065538406372 219
1768083938698 1.9953031539916992 229
1768083939433 2.4831554889678955 239
1768083940167 3.979020833969116 249
1768083940903 1.4408968687057495 259
1768083941637 1.4906002283096313 269
1768083942373 1.501509666442871 279
1768083943107 1.1243435144424438 289
1768083943843 2.369338274002075 299
1768083944577 1.2324516773223877 309
1768083945312 1.1771068572998047 319
1768083946046 1.6800631284713745 329
1768083946780 1.156130313873291 339
1768083947514 1.3967012166976929 349
1768083948248 1.1237797737121582 359
1768083948984 1.5709469318389893 369
1768083949720 1.3803452253341675 379
1768083950455 1.164414882659912 389
1768083951190 2.0267131328582764 399
1768083951922 1.2334431409835815 409
1768083952655 1.530605435371399 419
1768083953388 0.9544984698295593 429
1768083954122 0.8970257639884949 439
1768083954855 0.9408147931098938 449
1768083955589 1.3604546785354614 459
1768083956322 2.002755641937256 469
1768083957055 0.8705140352249146 479
1768083957789 1.3191028833389282 489
1768083958521 1.3303890228271484 499
1768083959254 0.8157789707183838 509
1768083959988 0.7826021909713745 519
1768083960721 1.0482702255249023 529
1768083961456 0.9632866978645325 539
1768083962188 0.8232930302619934 549
1768083962922 1.4544787406921387 559
1768083963654 0.9923633337020874 569
1768083964387 1.8515594005584717 579
1768083965123 0.6269100308418274 589
1768083965858 1.0657151937484741 599
1768083966591 0.8144766688346863 609
1768083967325 0.8809305429458618 619
1768083968059 1.0321005582809448 629
1768083968793 0.844674825668335 639
1768083969528 1.3534139394760132 649
1768083970262 1.1153452396392822 659
1768083970997 1.2323170900344849 669
1768083971730 1.171653151512146 679
1768083972464 0.8494351506233215 689
1768083973197 1.052056074142456 699
1768083973931 0.675423264503479 709
1768083974665 0.6117600798606873 719
1768083975399 1.278423547744751 729
1768083976133 1.0570735931396484 739
1768083976867 0.6116231679916382 749
1768083977602 0.7226020693778992 759
1768083978336 0.773588240146637 769
1768083979071 0.9296703934669495 779
1768083979804 0.5103951692581177 789
1768083980538 1.0053050518035889 799
1768083981273 0.767984926700592 809
1768083982007 0.9529463052749634 819
1768083982740 0.8316473960876465 829
1768083983475 0.5229722857475281 839
1768083984208 0.687274158000946 849
1768083984941 0.8143337965011597 859
1768083985677 0.751404881477356 869
1768083986410 0.8217397332191467 879
1768083987144 0.91205233335495 889
1768083987879 0.8804583549499512 899
1768083988613 0.5540186762809753 909
1768083989348 0.28175386786460876 919
1768083990087 0.7072749137878418 929
1768083990827 0.9689750671386719 939
1768083991566 0.9456322193145752 949
1768083992304 0.5639523863792419 959
1768083993037 0.89265376329422 969
1768083993771 0.7489984035491943 979
1768083994505 1.45517098903656 989
1768083995239 0.7694587707519531 999
1768083995971 1.2268469333648682 1009
1768083996704 0.8119550943374634 1019
1768083997436 0.8395478129386902 1029
1768083998169 0.5607327222824097 1039
1768083998903 1.223596453666687 1049
1768083999636 0.8290936350822449 1059
1768084000370 0.5389400124549866 1069
1768084001104 0.7047653198242188 1079
1768084001838 0.5892967581748962 1089
1768084002570 0.5157389044761658 1099
1768084003304 0.7673664093017578 1109
1768084004037 1.6858229637145996 1119
1768084004771 1.530740737915039 1129
1768084005502 0.6843761205673218 1139
1768084006234 0.4900173842906952 1149
1768084006965 0.31073829531669617 1159
1768084007697 0.5355944037437439 1169
1768084008429 0.5696617960929871 1179
1768084009159 0.6762162446975708 1189
1768084009891 0.43568533658981323 1199
1768084010624 0.5836508274078369 1209
1768084011357 0.6991147398948669 1219
1768084012091 0.8463457822799683 1229
1768084012823 0.44279974699020386 1239
1768084013556 0.8875040411949158 1249
1768084014289 0.9585157632827759 1259
1768084015022 0.6525895595550537 1269
1768084015754 0.5662314295768738 1279
1768084016488 0.3046179413795471 1289
1768084017219 0.4703335762023926 1299
1768084017951 0.6238611340522766 1309
1768084018683 0.4435518980026245 1319
1768084019413 0.27837881445884705 1329
1768084020145 0.4211645722389221 1339
1768084020877 0.7886494398117065 1349
1768084021607 1.01322603225708 1359
1768084022339 0.7053970694541931 1369
1768084023069 1.0774693489074707 1379
1768084023802 0.43158531188964844 1389
1768084024533 0.8004336953163147 1399
1768084025263 0.6644435524940491 1409
1768084025992 0.5342350602149963 1419
1768084026724 0.5948260426521301 1429
1768084027452 0.5999564528465271 1439
1768084196102 0.8823897242546082 1449
1768084196837 0.678776204586029 1459
1768084197574 0.8374823331832886 1469
1768084198311 0.7234382629394531 1479
1768084199045 0.8269776701927185 1489
1768084199781 0.8997246623039246 1499
1768084200517 0.749920666217804 1509
1768084201251 0.5605061650276184 1519
1768084201987 0.2915397584438324 1529
1768084202722 0.5863768458366394 1539
1768084203456 0.6548261642456055 1549
1768084204193 0.5323578715324402 1559
1768084204928 0.5993808507919312 1569
1768084205662 0.931244432926178 1579
1768084206397 0.2960722744464874 1589
1768084207132 0.8679383397102356 1599
1768084207868 0.7759225368499756 1609
1768084208604 0.6161285042762756 1619
1768084209339 0.30718302726745605 1629
1768084210074 0.6400242447853088 1639
1768084210811 0.5089969635009766 1649
1768084211546 0.833154559135437 1659
1768084212449 0.8762505650520325 1669
1768084213183 0.35866013169288635 1679
1768084213919 0.518315315246582 1689
1768084214654 0.5020678043365479 1699
1768084215389 0.8049823641777039 1709
1768084216125 0.7808013558387756 1719
1768084216860 0.2560635209083557 1729
1768084217594 0.8756740093231201 1739
1768084218330 0.41811445355415344 1749
1768084219064 0.44518333673477173 1759
1768084219800 0.6409443020820618 1769
1768084220538 0.506369948387146 1779
1768084221274 0.39057546854019165 1789
1768084222009 0.4246622323989868 1799
1768084222745 0.7650545835494995 1809
1768084223480 0.39716994762420654 1819
1768084224216 1.1977194547653198 1829
1768084224952 0.2801308333873749 1839
1768084225688 0.8054115772247314 1849
1768084226424 0.34689781069755554 1859
1768084227160 0.4736720025539398 1869
1768084227895 0.7637613415718079 1879
1768084228632 0.4941544532775879 1889
1768084229367 0.7586084604263306 1899
1768084230104 0.9296835064888 1909
1768084230840 0.872761070728302 1919
1768084231576 0.5960788726806641 1929
1768084232312 0.8775812983512878 1939
1768084233050 0.381672203540802 1949
1768084233786 0.3342134356498718 1959
1768084234520 0.43098920583724976 1969
1768084235257 1.012139081954956 1979
1768084235993 0.5240543484687805 1989
1768084236729 0.7926213145256042 1999
1768084237464 0.46061259508132935 2009
1768084238201 1.0200248956680298 2019
1768084238939 0.24071764945983887 2029
1768084239675 0.7082199454307556 2039
1768084240412 0.63437420129776 2049
1768084241148 0.4345426857471466 2059
1768084241884 0.4572408199310303 2069
1768084242621 0.40537548065185547 2079
1768084243359 0.5358890295028687 2089
1768084244097 0.4803844392299652 2099
1768084244833 0.7459728717803955 2109
1768084245566 0.764022707939148 2119
1768084246299 0.6630274057388306 2129
1768084247034 0.8058940768241882 2139
1768084247769 0.5325285792350769 2149
1768084248504 0.40572577714920044 2159
1768084249241 0.49063020944595337 2169
1768084249977 0.5241712331771851 2179
1768084250713 1.0241132974624634 2189
1768084251447 0.3514540493488312 2199
1768084252182 0.3098055124282837 2209
1768084252919 0.36621519923210144 2219
1768084253654 0.9009336829185486 2229
1768084254389 0.2521185874938965 2239
1768084255125 0.5470550060272217 2249
1768084255860 0.382567822933197 2259
1768084256598 0.4008803963661194 2269
1768084257335 0.37427347898483276 2279
1768084258070 0.5437201857566833 2289
1768084258807 0.7207220196723938 2299
1768084259545 0.32871606945991516 2309
1768084260281 0.7380662560462952 2319
1768084261017 0.5046491622924805 2329
1768084261753 0.862170398235321 2339
1768084262488 0.4569627344608307 2349
1768084263225 0.3372313976287842 2359
1768084263962 0.5267667770385742 2369
1768084264698 0.6443823575973511 2379
1768084265434 0.4526817202568054 2389
1768084266168 0.4508221447467804 2399
1768084266903 0.9432357549667358 2409
1768084267639 0.4216691553592682 2419
1768084268376 0.41964492201805115 2429
1768084269110 0.4186108708381653 2439
1768084269846 0.9413586258888245 2449
1768084270581 0.8038973808288574 2459
1768084271319 0.6293483972549438 2469
1768084272053 1.1266158819198608 2479
1768084272791 0.3584490120410919 2489
1768084273526 0.2693571150302887 2499
1768084274264 0.5783538818359375 2509
1768084274999 0.4923606812953949 2519
1768084275735 0.16858837008476257 2529
1768084276471 0.23324176669120789 2539
1768084277207 0.7787497043609619 2549
1768084277944 0.5851474404335022 2559
1768084278678 0.3512614667415619 2569
1768084279413 0.37355494499206543 2579
1768084280148 0.4497682750225067 2589
1768084280883 0.5770050287246704 2599
1768084281620 0.5364016890525818 2609
1768084282355 0.6350488662719727 2619
1768084283089 0.27341780066490173 2629
1768084283825 0.6091437339782715 2639
1768084284562 0.3605687618255615 2649
1768084285298 0.5429755449295044 2659
1768084286035 0.2664116621017456 2669
1768084286770 0.26483044028282166 2679
1768084287505 0.3579915463924408 2689
1768084288241 0.5618909597396851 2699
1768084288978 0.5478423833847046 2709
1768084289715 0.9368412494659424 2719
1768084290451 0.5351969003677368 2729
1768084291185 0.8544092178344727 2739
1768084291920 0.38340485095977783 2749
1768084292657 0.5257536172866821 2759
1768084293392 0.3935398757457733 2769
1768084294127 0.5873309969902039 2779
1768084294863 0.27913323044776917 2789
1768084295598 0.6403527855873108 2799
1768084296335 0.5348865985870361 2809
1768084297069 0.7514364719390869 2819
1768084297808 0.4803425073623657 2829
1768084298543 0.46320047974586487 2839
1768084299280 0.397297203540802 2849
1768084300017 0.45782551169395447 2859
1768084300751 0.7227508425712585 2869
1768084301485 0.33482626080513 2879
1768084465491 0.7526200413703918 2889
1768084466225 0.22067241370677948 2899
1768084466960 0.3913269639015198 2909
1768084467697 0.0935048833489418 2919
1768084468432 0.4115428328514099 2929
1768084469167 0.5144855380058289 2939
1768084469905 0.4353454113006592 2949
1768084470641 0.38018104434013367 2959
1768084471377 0.6254478096961975 2969
1768084472112 0.2263319343328476 2979
1768084472848 0.7046406269073486 2989
1768084473585 0.578042209148407 2999
1768084474323 0.7440077662467957 3009
1768084475059 0.4053896367549896 3019
1768084475795 0.41797155141830444 3029
1768084476531 0.5166236162185669 3039
1768084477266 0.3581724464893341 3049
1768084478002 0.2329985499382019 3059
1768084478736 0.2598993182182312 3069
1768084479472 0.3298581540584564 3079
1768084480207 0.22238963842391968 3089
1768084480943 0.5325396060943604 3099
1768084481677 0.33370569348335266 3109
1768084482414 0.31585681438446045 3119
1768084483151 0.571151852607727 3129
1768084483887 0.7527363896369934 3139
1768084484624 0.6236069202423096 3149
1768084485360 0.21818046271800995 3159
1768084486096 0.42401593923568726 3169
1768084486831 0.46385350823402405 3179
1768084487567 0.7089124917984009 3189
1768084488304 0.37974515557289124 3199
1768084489039 0.30458515882492065 3209
1768084489776 0.690167248249054 3219
1768084490512 0.3053772747516632 3229
1768084491247 0.5950824022293091 3239
1768084491984 0.2899022400379181 3249
1768084492721 0.5265326499938965 3259
1768084493457 0.3876782953739166 3269
1768084494195 0.389060914516449 3279
1768084494930 0.3331604301929474 3289
1768084495667 0.327510267496109 3299
1768084496404 0.42258623242378235 3309
1768084497139 0.8325379490852356 3319
1768084497874 0.41559040546417236 3329
1768084498610 0.6590185165405273 3339
1768084499345 0.41301292181015015 3349
1768084500080 0.26345449686050415 3359
1768084500816 0.323131263256073 3369
1768084501551 0.505325436592102 3379
1768084502286 0.28385165333747864 3389
1768084503023 0.40022528171539307 3399
1768084503758 0.7573423385620117 3409
1768084504495 0.15425758063793182 3419
1768084505230 0.7745426297187805 3429
1768084505965 0.7042574286460876 3439
1768084506701 0.34470072388648987 3449
1768084507436 0.49233493208885193 3459
1768084508171 0.4593025743961334 3469
1768084508907 0.42639029026031494 3479
1768084509643 0.39685752987861633 3489
1768084510380 0.5131920576095581 3499
1768084511116 0.49247273802757263 3509
1768084511851 0.2650258243083954 3519
1768084512588 0.24519695341587067 3529
1768084513324 0.5882260799407959 3539
1768084514061 0.41882240772247314 3549
1768084514798 0.3807986080646515 3559
1768084515533 0.25690698623657227 3569
1768084516268 0.4904879629611969 3579
1768084517005 0.47982868552207947 3589
1768084517740 0.40694552659988403 3599
1768084518476 0.4261952042579651 3609
1768084519211 0.35704368352890015 3619
1768084519947 0.2699142098426819 3629
1768084520684 0.24896970391273499 3639
1768084521421 0.4354407489299774 3649
1768084522157 0.8565492033958435 3659
1768084522893 0.3342287242412567 3669
1768084523627 0.3319026827812195 3679
1768084524363 0.5324008464813232 3689
1768084525099 0.5046882629394531 3699
1768084525836 0.473702996969223 3709
1768084526571 0.24156223237514496 3719
1768084527307 0.5972013473510742 3729
1768084528043 0.3746078312397003 3739
1768084528779 0.23606917262077332 3749
1768084529515 0.4602603018283844 3759
1768084530251 0.32354408502578735 3769
1768084530988 0.2745968997478485 3779
1768084531724 0.43181881308555603 3789
1768084532459 0.3340210020542145 3799
1768084533195 0.18234007060527802 3809
1768084533931 0.5541958808898926 3819
1768084534668 0.5135259032249451 3829
1768084535405 0.39584776759147644 3839
1768084536140 0.2213708609342575 3849
1768084536876 0.7352145910263062 3859
1768084537610 0.5366243720054626 3869
1768084538346 0.6950885653495789 3879
1768084539083 0.27175411581993103 3889
1768084539817 0.47931551933288574 3899
1768084540551 0.4523090124130249 3909
1768084541287 0.35594379901885986 3919
1768084542023 0.17818696796894073 3929
1768084542757 0.6029561758041382 3939
1768084543493 1.2029566764831543 3949
1768084544228 0.12428472191095352 3959
1768084544963 0.44897425174713135 3969
1768084545699 0.6814436912536621 3979
1768084546435 0.2023431658744812 3989
1768084547172 0.26349470019340515 3999
1768084547908 0.5935843586921692 4009
1768084548644 0.3510657846927643 4019
1768084549380 0.3632569909095764 4029
1768084550115 0.21218334138393402 4039
1768084550852 0.4388684630393982 4049
1768084551588 0.0758994072675705 4059
1768084552323 0.24163268506526947 4069
1768084553059 0.48750051856040955 4079
1768084553795 0.5907729268074036 4089
1768084554531 0.3712993860244751 4099
1768084555267 0.286210834980011 4109
1768084556004 0.23146604001522064 4119
1768084556740 0.5396870374679565 4129
1768084557476 0.5129433870315552 4139
1768084558212 0.7256506085395813 4149
1768084558948 0.42696258425712585 4159
1768084559684 0.1473887413740158 4169
1768084560422 0.4149934649467468 4179
1768084561157 0.3615846037864685 4189
1768084561894 0.08560992032289505 4199
1768084562632 0.2864973843097687 4209
1768084563369 0.21016600728034973 4219
1768084564104 0.2511208653450012 4229
1768084564841 0.6050112247467041 4239
1768084565579 0.3759051561355591 4249
1768084566315 0.1322813183069229 4259
1768084567051 0.4378175139427185 4269
1768084567787 0.5403376817703247 4279
1768084568523 0.4480777978897095 4289
1768084569259 0.2083643674850464 4299
1768084569995 0.331329882144928 4309
1768084570730 0.31901487708091736 4319
1768084735126 0.6360315680503845 4329
1768084735862 0.5508139729499817 4339
1768084736598 0.5482365489006042 4349
1768084737335 0.23019343614578247 4359
1768084738073 0.39488181471824646 4369
1768084738808 0.27573129534721375 4379
1768084739544 0.42043864727020264 4389
1768084740279 0.47707733511924744 4399
1768084741014 0.5138328671455383 4409
1768084741751 0.33989980816841125 4419
1768084742487 0.17706027626991272 4429
1768084743225 0.3911910057067871 4439
1768084743964 0.73604416847229 4449
1768084744703 0.20161676406860352 4459
1768084745442 0.3956570327281952 4469
1768084746179 0.21051634848117828 4479
1768084746915 0.43630287051200867 4489
1768084747651 0.25395843386650085 4499
1768084748385 0.3162793517112732 4509
1768084749119 0.5311951041221619 4519
1768084749855 0.7036860585212708 4529
1768084750589 0.2742072641849518 4539
1768084751324 0.3080751299858093 4549
1768084752059 0.30971670150756836 4559
1768084752795 0.29225844144821167 4569
1768084753533 0.3096235990524292 4579
1768084754267 0.7752825617790222 4589
1768084755001 0.2896196246147156 4599
1768084755739 0.3517441153526306 4609
1768084756477 0.3056972026824951 4619
1768084757215 0.578035295009613 4629
1768084757952 0.4725913107395172 4639
1768084758690 0.2893921434879303 4649
1768084759427 0.059869688004255295 4659
1768084760167 0.16384145617485046 4669
1768084760907 0.43129464983940125 4679
1768084761644 0.19818496704101562 4689
1768084762380 0.5800120234489441 4699
1768084763117 0.5233496427536011 4709
1768084763853 0.24156981706619263 4719
1768084764591 0.4808500111103058 4729
1768084765327 0.28531360626220703 4739
1768084766063 0.17132820188999176 4749
1768084766798 0.2354462742805481 4759
1768084767535 0.31477320194244385 4769
1768084768271 0.35245418548583984 4779
1768084769007 0.5688393115997314 4789
1768084769745 0.7244256138801575 4799
1768084770480 0.38999679684638977 4809
1768084771214 0.41179999709129333 4819
1768084771951 0.38355153799057007 4829
1768084772689 0.2670251131057739 4839
1768084773425 0.2298409640789032 4849
1768084774161 0.09648323059082031 4859
1768084774900 0.4861195385456085 4869
1768084775639 0.24552400410175323 4879
1768084776378 0.36494016647338867 4889
1768084777114 0.4684353470802307 4899
1768084777852 0.3395497500896454 4909
1768084778587 0.48740631341934204 4919
1768084779324 0.40528735518455505 4929
1768084780059 0.1388487070798874 4939
1768084780794 0.5391027331352234 4949
1768084781530 0.2169371247291565 4959
1768084782267 0.22813807427883148 4969
1768084783002 0.21283628046512604 4979
1768084783740 0.14473746716976166 4989
1768084784477 0.29924535751342773 4999
1768084785212 0.2161746621131897 5009
1768084785952 0.38465529680252075 5019
1768084786690 0.5302560925483704 5029
1768084787429 0.4498634934425354 5039
1768084788164 0.2614622712135315 5049
1768084788900 0.4003922641277313 5059
1768084789637 0.2597779929637909 5069
1768084790373 0.4156726598739624 5079
1768084791110 0.24790331721305847 5089
1768084791846 0.4800123870372772 5099
1768084792584 0.26812222599983215 5109
1768084793320 0.45718836784362793 5119
1768084794056 0.3043932616710663 5129
1768084794794 0.4525540769100189 5139
1768084795528 0.33530688285827637 5149
1768084796264 0.42237144708633423 5159
1768084796999 0.27708038687705994 5169
1768084797733 0.5813986659049988 5179
1768084798469 0.3777284026145935 5189
1768084799206 0.21242067217826843 5199
1768084799942 0.6053282618522644 5209
1768084800679 0.625265896320343 5219
1768084801416 0.3855610489845276 5229
1768084802153 0.5437589287757874 5239
1768084802889 0.44977980852127075 5249
1768084803626 0.28021299839019775 5259
1768084804363 0.9479589462280273 5269
1768084805099 0.5032076835632324 5279
1768084805835 0.4729386866092682 5289
1768084806572 0.49675917625427246 5299
1768084807309 0.3821426331996918 5309
1768084808045 0.14698222279548645 5319
1768084808784 0.85870361328125 5329
1768084809520 0.17650020122528076 5339
1768084810257 0.3426479995250702 5349
1768084810993 0.2794671654701233 5359
1768084811729 0.3536030352115631 5369
1768084812468 0.10369423776865005 5379
1768084813204 0.36742836236953735 5389
1768084813941 0.16127237677574158 5399
1768084814678 0.526546061038971 5409
1768084815414 0.24618510901927948 5419
1768084816150 0.3704620897769928 5429
1768084816888 0.44320547580718994 5439
1768084817625 0.655333399772644 5449
1768084818363 0.3704366981983185 5459
1768084819100 0.38384222984313965 5469
1768084819837 0.22517676651477814 5479
1768084820573 0.8324597477912903 5489
1768084821308 0.32292309403419495 5499
1768084822041 0.283875972032547 5509
1768084822776 0.2961520850658417 5519
1768084823513 0.23218785226345062 5529
1768084824248 0.4851108193397522 5539
1768084824985 0.742409348487854 5549
1768084825721 0.33325523138046265 5559
1768084826457 0.768096923828125 5569
1768084827192 0.28618237376213074 5579
1768084827928 0.35258322954177856 5589
1768084828662 0.5180759429931641 5599
1768084829398 0.21435028314590454 5609
1768084830130 0.22659488022327423 5619
1768084830865 0.1940474510192871 5629
1768084831598 0.39321368932724 5639
1768084832334 0.3407253921031952 5649
1768084833070 0.3704906404018402 5659
1768084833806 0.3598341643810272 5669
1768084834542 0.3155839741230011 5679
1768084835280 0.1782175600528717 5689
1768084836015 0.407367080450058 5699
1768084836751 0.32765471935272217 5709
1768084837486 0.4867030084133148 5719
1768084838220 0.5028620362281799 5729
1768084838958 0.4251876771450043 5739
1768084839695 0.33612868189811707 5749
1768084840431 0.35177892446517944 5759
1768085004717 0.5529798269271851 5769
1768085005454 0.20248019695281982 5779
1768085006188 0.3138066530227661 5789
1768085006924 0.44257330894470215 5799
1768085007661 0.24316748976707458 5809
1768085008397 0.4201670289039612 5819
1768085009132 0.21542523801326752 5829
1768085009868 0.5477445125579834 5839
1768085010602 0.15071862936019897 5849
1768085011337 0.30729374289512634 5859
1768085012073 0.29172030091285706 5869
1768085012809 0.5390328764915466 5879
1768085013545 0.2417934238910675 5889
1768085014280 0.45589563250541687 5899
1768085015015 0.43997547030448914 5909
1768085015750 0.4019058048725128 5919
1768085016484 0.520841121673584 5929
1768085017219 0.4088394045829773 5939
1768085017953 0.3089790344238281 5949
1768085018688 0.38090187311172485 5959
1768085019425 0.3181033134460449 5969
1768085020160 0.1404254287481308 5979
1768085020896 0.7817898392677307 5989
1768085021632 0.5495169758796692 5999
1768085022368 0.38959425687789917 6009
1768085023104 0.5293400287628174 6019
1768085023840 0.3361099064350128 6029
1768085024576 0.34117454290390015 6039
1768085025311 0.14143472909927368 6049
1768085026046 0.15788698196411133 6059
1768085026780 0.6243390440940857 6069
1768085027515 0.16222871840000153 6079
1768085028251 0.8107064366340637 6089
1768085028985 0.25327566266059875 6099
1768085029722 0.1654728353023529 6109
1768085030458 0.3533048629760742 6119
1768085031196 0.47714442014694214 6129
1768085031930 0.26702845096588135 6139
1768085032665 0.26112112402915955 6149
1768085033402 0.15186230838298798 6159
1768085034139 0.3538009226322174 6169
1768085034875 0.42247137427330017 6179
1768085035610 0.2597513496875763 6189
1768085036347 0.3521669805049896 6199
1768085037081 0.4936859905719757 6209
1768085037818 0.19370225071907043 6219
1768085038556 0.46983614563941956 6229
1768085039292 0.5230237245559692 6239
1768085040029 0.3990921676158905 6249
1768085040767 0.43594062328338623 6259
1768085041503 0.3821069896221161 6269
1768085042239 0.2710401713848114 6279
1768085042975 0.34022533893585205 6289
1768085043712 0.5399311184883118 6299
1768085044447 0.3892768323421478 6309
1768085045182 0.32487690448760986 6319
1768085045920 0.5613126754760742 6329
1768085046656 0.2292764037847519 6339
1768085047394 0.44424620270729065 6349
1768085048131 0.18223148584365845 6359
1768085048868 0.25284695625305176 6369
1768085049604 0.2593947649002075 6379
1768085050339 0.3005470931529999 6389
1768085051073 0.2470531463623047 6399
1768085051809 0.2813947796821594 6409
1768085052548 0.21262109279632568 6419
1768085053285 0.25777700543403625 6429
1768085054025 0.20894938707351685 6439
1768085054764 0.2355971485376358 6449
1768085055502 0.3228582739830017 6459
1768085056240 0.4620916247367859 6469
1768085056979 0.4429418444633484 6479
1768085057719 0.4964253008365631 6489
1768085058458 0.359760046005249 6499
1768085059197 0.7166592478752136 6509
1768085059936 0.3611091673374176 6519
1768085060673 0.3022700250148773 6529
1768085061410 0.5694591999053955 6539
1768085062148 0.2093634307384491 6549
1768085062883 0.5548192262649536 6559
1768085063619 0.14352545142173767 6569
1768085064356 0.2724536955356598 6579
1768085065092 0.18945163488388062 6589
1768085065829 0.9038805961608887 6599
1768085066565 0.2846602499485016 6609
1768085067300 0.4457322359085083 6619
1768085068038 0.18917547166347504 6629
1768085068775 0.17973171174526215 6639
1768085069511 0.261299729347229 6649
1768085070248 0.5355531573295593 6659
1768085070984 0.10809480398893356 6669
1768085071719 0.07434351742267609 6679
1768085072454 0.2923796474933624 6689
1768085073190 0.6842088103294373 6699
1768085073928 0.6101427674293518 6709
1768085074663 0.3286709487438202 6719
1768085075397 0.2734823524951935 6729
1768085076133 0.3983618915081024 6739
1768085076869 0.6183233261108398 6749
1768085077605 0.2597200274467468 6759
1768085078342 0.13072921335697174 6769
1768085079077 0.14725473523139954 6779
1768085079814 0.4563520848751068 6789
1768085080552 0.24042095243930817 6799
1768085081287 0.20127466320991516 6809
1768085082023 0.3064729571342468 6819
1768085082759 0.22752965986728668 6829
1768085083497 0.6105763912200928 6839
1768085084234 0.1728331297636032 6849
1768085084973 0.1603543758392334 6859
1768085085711 0.31556063890457153 6869
1768085086447 0.20532669126987457 6879
1768085087181 0.13723339140415192 6889
1768085087916 0.5169585943222046 6899
1768085088652 0.34143561124801636 6909
1768085089386 0.3741716742515564 6919
1768085090122 0.12544113397598267 6929
1768085090859 0.23299288749694824 6939
1768085091593 0.34473052620887756 6949
1768085092331 0.4884934425354004 6959
1768085093066 0.189236581325531 6969
1768085093802 0.33953994512557983 6979
1768085094539 0.5755255222320557 6989
1768085095275 0.3347545862197876 6999
1768085096010 0.2593522071838379 7009
1768085096746 0.365074098110199 7019
1768085097483 0.4053254723548889 7029
1768085098219 0.4025912880897522 7039
1768085098954 0.18924394249916077 7049
1768085099691 0.395995169878006 7059
1768085100427 0.25625598430633545 7069
1768085101163 0.14116217195987701 7079
1768085101899 0.3403417468070984 7089
1768085102636 0.3286624550819397 7099
1768085103372 0.4737184941768646 7109
1768085104106 0.07316603511571884 7119
1768085104842 0.7264285087585449 7129
1768085105577 0.3103478252887726 7139
1768085106312 0.2607852816581726 7149
1768085107048 0.20815306901931763 7159
1768085107784 0.210738867521286 7169
1768085108520 0.2502298057079315 7179
1768085109255 0.13880231976509094 7189
1768085109989 0.12931540608406067 7199
1768085272939 0.27200886607170105 7209
1768085273674 0.1606936752796173 7219
1768085274411 0.1731829047203064 7229
1768085275146 0.3613963723182678 7239
1768085275880 0.20427857339382172 7249
1768085276615 0.19543573260307312 7259
1768085277351 0.168837770819664 7269
1768085278086 0.4908733367919922 7279
1768085278825 0.3112563490867615 7289
1768085279563 0.2314017117023468 7299
1768085280301 0.5097928643226624 7309
1768085281040 0.1426936686038971 7319
1768085281777 0.3538215458393097 7329
1768085282515 0.45093199610710144 7339
1768085283250 0.08253461867570877 7349
1768085283986 0.5107079744338989 7359
1768085284724 0.3436420261859894 7369
1768085285461 0.23269745707511902 7379
1768085286196 0.3270344138145447 7389
1768085286933 0.29377034306526184 7399
1768085287668 0.5813478231430054 7409
1768085288405 0.13005200028419495 7419
1768085289142 0.35773786902427673 7429
1768085289877 0.21505774557590485 7439
1768085290614 0.42671340703964233 7449
1768085291352 0.22828605771064758 7459
1768085292089 0.5161312222480774 7469
1768085292827 0.2209704965353012 7479
1768085293562 0.2426004409790039 7489
1768085294297 0.14058741927146912 7499
1768085295034 0.32058894634246826 7509
1768085295770 0.5475761890411377 7519
1768085296505 0.21291762590408325 7529
1768085297243 0.44698241353034973 7539
1768085297979 0.20654626190662384 7549
1768085298715 0.2741844952106476 7559
1768085299453 0.16134802997112274 7569
1768085300189 0.22642429172992706 7579
1768085300927 0.7549940943717957 7589
1768085301663 0.24194753170013428 7599
1768085302397 0.14118829369544983 7609
1768085303134 0.4771515429019928 7619
1768085303870 0.09800401329994202 7629
1768085304607 0.07413972169160843 7639
1768085305345 0.3535863161087036 7649
1768085306081 0.31313976645469666 7659
1768085306817 0.2268628627061844 7669
1768085307553 0.4635356068611145 7679
1768085308288 0.376861572265625 7689
1768085309025 0.3967472016811371 7699
1768085309761 0.19973224401474 7709
1768085310497 0.44462934136390686 7719
1768085311233 0.602677583694458 7729
1768085311968 0.17304691672325134 7739
1768085312705 0.46603822708129883 7749
1768085313442 0.142298623919487 7759
1768085314179 0.1624140739440918 7769
1768085314915 0.21191926300525665 7779
1768085315651 0.3689199686050415 7789
1768085316387 0.6047751307487488 7799
1768085317124 0.2837429940700531 7809
1768085317860 0.5443691611289978 7819
1768085318596 0.3348728120326996 7829
1768085319335 0.5399426221847534 7839
1768085320071 0.48787635564804077 7849
1768085320807 0.35776832699775696 7859
1768085321543 0.27935442328453064 7869
1768085322280 0.12263017147779465 7879
1768085323016 0.07298912853002548 7889
1768085323752 0.36387282609939575 7899
1768085324487 0.34339162707328796 7909
1768085325224 0.2263089269399643 7919
1768085325961 0.18716073036193848 7929
1768085326696 0.13708361983299255 7939
1768085327432 0.2266973853111267 7949
1768085328168 0.26831257343292236 7959
1768085328904 0.20594236254692078 7969
1768085329641 0.1347838044166565 7979
1768085330376 0.06385713070631027 7989
1768085331112 0.04228408634662628 7999
1768085331848 0.33231303095817566 8009
1768085332585 0.2839832305908203 8019
1768085333320 0.21255581080913544 8029
1768085334057 0.2029128223657608 8039
1768085334790 0.22052167356014252 8049
1768085335524 0.2134641408920288 8059
1768085336258 0.3659951984882355 8069
1768085336992 0.7921390533447266 8079
1768085337727 0.3045356571674347 8089
1768085338463 0.30275505781173706 8099
1768085339198 0.15106447041034698 8109
1768085339935 0.7238906621932983 8119
1768085340672 0.3154362142086029 8129
1768085341407 0.5990803837776184 8139
1768085342143 0.1945362091064453 8149
1768085342879 0.3509960174560547 8159
1768085343616 0.7237723469734192 8169
1768085344351 0.16654250025749207 8179
1768085345086 0.8126227855682373 8189
1768085345824 0.3845040500164032 8199
1768085346561 0.48719432950019836 8209
1768085347298 0.6991872191429138 8219
1768085348035 0.3121197521686554 8229
1768085348771 0.20688509941101074 8239
1768085349508 0.37204012274742126 8249
1768085350245 0.11346466839313507 8259
1768085350981 0.09962226450443268 8269
1768085351719 0.28640371561050415 8279
1768085352455 0.1583358347415924 8289
1768085353190 0.09415174275636673 8299
1768085353927 0.6005420684814453 8309
1768085354664 0.5239737033843994 8319
1768085355400 0.11835221946239471 8329
1768085356137 0.2691987454891205 8339
1768085356873 0.288404643535614 8349
1768085357609 0.31920433044433594 8359
1768085358346 0.457811564207077 8369
1768085359084 0.3558511734008789 8379
1768085359821 0.44007477164268494 8389
1768085360558 0.4731764793395996 8399
1768085361295 0.293069988489151 8409
1768085362033 0.2519846260547638 8419
1768085362769 0.6314362287521362 8429
1768085363504 0.1688142716884613 8439
1768085364242 0.2509837746620178 8449
1768085364977 0.35133853554725647 8459
1768085365713 0.14722605049610138 8469
1768085366449 0.22370292246341705 8479
1768085367184 0.1631140112876892 8489
1768085367919 0.27762311697006226 8499
1768085368656 0.03897639364004135 8509
1768085369392 0.28770285844802856 8519
1768085370130 0.620768666267395 8529
1768085370866 0.24255332350730896 8539
1768085371603 0.18378081917762756 8549
1768085372340 0.3421269953250885 8559
1768085373077 0.3282283842563629 8569
1768085373815 0.18549306690692902 8579
1768085374554 0.19970327615737915 8589
1768085375292 0.1615835279226303 8599
1768085376030 0.1817999929189682 8609
1768085376765 0.1497315615415573 8619
1768085377501 0.11388111114501953 8629
1768085378236 0.27490976452827454 8639
1768085544162 0.15464183688163757 8649
1768085544897 0.3660219609737396 8659
1768085545632 0.2706715762615204 8669
1768085546369 0.2596656084060669 8679
1768085547108 0.1323896050453186 8689
1768085547844 0.32453474402427673 8699
1768085548580 0.1076359748840332 8709
1768085549315 0.22072555124759674 8719
1768085550050 0.3317100703716278 8729
1768085550785 0.3184325695037842 8739
1768085551521 0.4036141037940979 8749
1768085552259 0.17455053329467773 8759
1768085552995 0.34771692752838135 8769
1768085553730 0.43994367122650146 8779
1768085554464 0.47496604919433594 8789
1768085555199 0.3626469373703003 8799
1768085555933 0.16703914105892181 8809
1768085556670 0.3762912154197693 8819
1768085557406 0.13654275238513947 8829
1768085558142 0.08066457509994507 8839
1768085558878 0.3414669632911682 8849
1768085559612 0.08669637143611908 8859
1768085560349 0.13319095969200134 8869
1768085561083 0.33770960569381714 8879
1768085561817 0.12756897509098053 8889
1768085562553 0.2699890434741974 8899
1768085563288 0.4345334470272064 8909
1768085564025 0.3018909692764282 8919
1768085564762 0.6280529499053955 8929
1768085565497 0.05158345401287079 8939
1768085566233 0.4773186445236206 8949
1768085566970 0.3498033881187439 8959
1768085567705 0.1028410866856575 8969
1768085568443 0.18530391156673431 8979
1768085569179 0.04698799178004265 8989
1768085569914 0.27411743998527527 8999
1768085570651 0.6382883787155151 9009
1768085571386 0.14160680770874023 9019
1768085572121 0.14127056300640106 9029
1768085572859 0.17276769876480103 9039
1768085573595 0.22788947820663452 9049
1768085574333 0.34673628211021423 9059
1768085575070 0.12266375869512558 9069
1768085575806 0.2517690360546112 9079
1768085576544 0.2900006175041199 9089
1768085577281 0.28687965869903564 9099
1768085578019 0.35705339908599854 9109
1768085578756 0.10505160689353943 9119
1768085579494 0.57365483045578 9129
1768085580230 0.24113729596138 9139
1768085580968 0.09730454534292221 9149
1768085581704 0.2516446113586426 9159
1768085582441 0.20106559991836548 9169
1768085583178 0.20675642788410187 9179
1768085583916 0.4515599310398102 9189
1768085584653 0.2219610959291458 9199
1768085585390 0.06201780214905739 9209
1768085586127 0.40109097957611084 9219
1768085586865 0.3970533609390259 9229
1768085587601 0.15289707481861115 9239
1768085588338 0.06168938800692558 9249
1768085589077 0.21153341233730316 9259
1768085589813 0.32373517751693726 9269
1768085590549 0.2908875346183777 9279
1768085591285 0.14516043663024902 9289
1768085592021 0.06497108936309814 9299
1768085592757 0.08174600452184677 9309
1768085593494 0.19334782660007477 9319
1768085594230 0.3095605671405792 9329
1768085594968 0.19751670956611633 9339
1768085595703 0.10620804876089096 9349
1768085596439 0.032442014664411545 9359
1768085597175 0.40910452604293823 9369
1768085597912 0.20931869745254517 9379
1768085598649 0.29237258434295654 9389
1768085599386 0.2092423439025879 9399
1768085600123 0.25618278980255127 9409
1768085600860 0.30206698179244995 9419
1768085601600 0.227029949426651 9429
1768085602339 0.3387327492237091 9439
1768085603077 0.07330743223428726 9449
1768085603813 0.1800663322210312 9459
1768085604548 0.2426203042268753 9469
1768085605288 0.3725295066833496 9479
1768085606024 0.01440161932259798 9489
1768085606761 0.3106369972229004 9499
1768085607497 0.4620826542377472 9509
1768085608233 0.1139121800661087 9519
1768085608969 0.22742144763469696 9529
1768085609705 0.21597442030906677 9539
1768085610442 0.1849736124277115 9549
1768085611177 0.27637115120887756 9559
1768085611912 0.24660958349704742 9569
1768085612647 0.13387565314769745 9579
1768085613386 0.09207059442996979 9589
1768085614123 0.23900440335273743 9599
1768085614860 0.3086201846599579 9609
1768085615596 0.05414247885346413 9619
1768085616331 0.196956604719162 9629
1768085617066 0.2653743624687195 9639
1768085617803 0.13071584701538086 9649
1768085618538 0.11256889998912811 9659
1768085619273 0.047269392758607864 9669
1768085620010 0.09283126890659332 9679
1768085620746 0.19925029575824738 9689
1768085621482 0.33093318343162537 9699
1768085622218 0.39432117342948914 9709
1768085622953 0.2948818802833557 9719
1768085623688 0.12452175468206406 9729
1768085624424 0.36280104517936707 9739
1768085625162 0.25709694623947144 9749
1768085625900 0.545913815498352 9759
1768085626635 0.21215006709098816 9769
1768085627372 0.23995083570480347 9779
1768085628111 0.17503704130649567 9789
1768085628847 0.28052520751953125 9799
1768085629585 0.05292957276105881 9809
1768085630321 0.2905644476413727 9819
1768085631057 0.46597820520401 9829
1768085631795 0.1322622150182724 9839
1768085632532 0.12455600500106812 9849
1768085633269 0.08458505570888519 9859
1768085634008 0.24724380671977997 9869
1768085634745 0.228279247879982 9879
1768085635481 0.1703801155090332 9889
1768085636218 0.2069738358259201 9899
1768085636954 0.23171202838420868 9909
1768085637690 0.09412956237792969 9919
1768085638425 0.24897421896457672 9929
1768085639161 0.33829328417778015 9939
1768085639899 0.14800383150577545 9949
1768085640635 0.082188680768013 9959
1768085641373 1.0828843116760254 9969
1768085642109 0.3250667154788971 9979
1768085642847 0.19790321588516235 9989
1768085643583 0.01189093105494976 9999
1768085644319 0.19218969345092773 10009
1768085645056 0.18664461374282837 10019
1768085645792 0.1626020073890686 10029
1768085646530 0.16469942033290863 10039
1768085647266 0.2746585011482239 10049
1768085648005 0.1454247236251831 10059
1768085648743 0.05882834643125534 10069
1768085649480 0.2640017867088318 10079
1768085815669 0.20278525352478027 10089
1768085816406 0.20692817866802216 10099
1768085817141 0.2462436854839325 10109
1768085817877 0.4597736895084381 10119
1768085818612 0.41852232813835144 10129
1768085819347 0.153472900390625 10139
1768085820086 0.0841837078332901 10149
1768085820821 0.5608710050582886 10159
1768085821556 0.1617254614830017 10169
1768085822295 0.3506520688533783 10179
1768085823030 0.2076428383588791 10189
1768085823768 0.1369701474905014 10199
1768085824505 0.5782843232154846 10209
1768085825241 0.09718136489391327 10219
1768085825981 0.2767769992351532 10229
1768085826717 0.49619707465171814 10239
1768085827453 0.21284562349319458 10249
1768085828191 0.3629905581474304 10259
1768085828928 0.48420628905296326 10269
1768085829665 0.09202205389738083 10279
1768085830405 0.21619150042533875 10289
1768085831139 0.14467433094978333 10299
1768085831875 0.30451756715774536 10309
1768085832611 0.3013627827167511 10319
1768085833346 0.0668971911072731 10329
1768085834082 0.18870539963245392 10339
1768085834819 0.22479118406772614 10349
1768085835555 0.0432840958237648 10359
1768085836292 0.26865410804748535 10369
1768085837024 0.19634956121444702 10379
1768085837759 0.30994006991386414 10389
1768085838495 0.20622891187667847 10399
1768085839230 0.30616000294685364 10409
1768085839966 0.1773272156715393 10419
1768085840703 0.3572247624397278 10429
1768085841439 0.30374854803085327 10439
1768085842175 0.1975933462381363 10449
1768085842912 0.13403581082820892 10459
1768085843648 0.43916428089141846 10469
1768085844385 0.18677206337451935 10479
1768085845124 0.09377159923315048 10489
1768085845859 0.3589320182800293 10499
1768085846595 0.2207433581352234 10509
1768085847330 0.14214494824409485 10519
1768085848065 0.2729477882385254 10529
1768085848801 0.15721729397773743 10539
1768085849537 0.25497278571128845 10549
1768085850273 0.2585943639278412 10559
1768085851009 0.046116817742586136 10569
1768085851744 0.20841845870018005 10579
1768085852480 0.344693124294281 10589
1768085853213 0.3342892527580261 10599
1768085853950 0.2886442244052887 10609
1768085854686 0.03367787227034569 10619
1768085855423 0.06739340722560883 10629
1768085856158 0.3816367983818054 10639
1768085856894 0.09032855927944183 10649
1768085857629 0.25481197237968445 10659
1768085858365 0.2895929515361786 10669
1768085859101 0.15710946917533875 10679
1768085859838 0.05515215918421745 10689
1768085860575 0.12682649493217468 10699
1768085861312 0.1061241403222084 10709
1768085862049 0.25002792477607727 10719
1768085862783 0.12218768149614334 10729
1768085863518 0.047802940011024475 10739
1768085864255 0.20766186714172363 10749
1768085864994 0.08085666596889496 10759
1768085865732 0.09795623272657394 10769
1768085866469 0.1594887375831604 10779
1768085867207 0.15671221911907196 10789
1768085867943 0.11938096582889557 10799
1768085868679 0.3590334951877594 10809
1768085869415 0.1456839144229889 10819
1768085870151 0.33502647280693054 10829
1768085870889 0.3001071512699127 10839
1768085871624 0.23692356050014496 10849
1768085872360 0.10692328959703445 10859
1768085873096 0.10218572616577148 10869
1768085873833 0.5094773173332214 10879
1768085874568 0.3207556903362274 10889
1768085875304 0.11130884289741516 10899
1768085876039 0.13424821197986603 10909
1768085876776 0.4597000777721405 10919
1768085877514 0.09595201164484024 10929
1768085878249 0.2048974335193634 10939
1768085878985 0.15532156825065613 10949
1768085879721 0.1483105570077896 10959
1768085880457 0.1684732735157013 10969
1768085881195 0.21272200345993042 10979
1768085881929 0.2438262552022934 10989
1768085882665 0.2615574896335602 10999
1768085883401 0.09915611147880554 11009
1768085884138 0.1904079020023346 11019
1768085884874 0.30357128381729126 11029
1768085885610 0.06563767790794373 11039
1768085886346 0.1973150223493576 11049
1768085887081 0.37436649203300476 11059
1768085887817 0.4063788056373596 11069
1768085888554 0.22545114159584045 11079
1768085889290 0.1443159133195877 11089
1768085890026 0.4693130850791931 11099
1768085890762 0.3728049397468567 11109
1768085891500 0.27557075023651123 11119
1768085892236 0.15358532965183258 11129
1768085892971 0.12642167508602142 11139
1768085893708 0.10206525772809982 11149
1768085894443 0.22579707205295563 11159
1768085895180 0.08858390897512436 11169
1768085895917 0.04066523537039757 11179
1768085896651 0.24676856398582458 11189
1768085897387 0.5009033679962158 11199
1768085898123 0.2832305431365967 11209
1768085898857 0.1208370104432106 11219
1768085899592 0.1222180500626564 11229
1768085900327 0.2163250893354416 11239
1768085901062 0.20966210961341858 11249
1768085901797 0.24018439650535583 11259
1768085902532 0.21245618164539337 11269
1768085903267 0.4670392572879791 11279
1768085904004 0.1465926319360733 11289
1768085904739 0.07699869573116302 11299
1768085905474 0.44836363196372986 11309
1768085906210 0.11998704820871353 11319
1768085906945 0.47329315543174744 11329
1768085907680 0.2046564370393753 11339
1768085908415 0.21177448332309723 11349
1768085909149 0.43026790022850037 11359
1768085909886 0.26064714789390564 11369
1768085910621 0.22494664788246155 11379
1768085911357 0.17885351181030273 11389
1768085912093 0.2924324870109558 11399
1768085912828 0.15007591247558594 11409
1768085913563 0.15549920499324799 11419
1768085914299 0.12000663578510284 11429
1768085915033 0.2276267260313034 11439
1768085915767 0.23823407292366028 11449
1768085916503 0.07960354536771774 11459
1768085917237 0.11931952089071274 11469
1768085917973 0.046836379915475845 11479
1768085918709 0.0769127607345581 11489
1768085919444 0.05021742358803749 11499
1768085920181 0.10452035814523697 11509
1768085920914 0.2577458918094635 11519
1768086084971 0.29136931896209717 11529
1768086085705 0.2647121548652649 11539
1768086086438 0.44286108016967773 11549
1768086087173 0.4573632776737213 11559
1768086087910 0.5678253173828125 11569
1768086088645 0.2594015896320343 11579
1768086089381 0.20555640757083893 11589
1768086090117 0.27285057306289673 11599
1768086090852 0.19206871092319489 11609
1768086091587 0.13970094919204712 11619
1768086092321 0.29175764322280884 11629
1768086093057 0.422403484582901 11639
1768086093793 0.21979302167892456 11649
1768086094528 0.2682874798774719 11659
1768086095265 0.336390882730484 11669
1768086096001 0.13128818571567535 11679
1768086096736 0.24604801833629608 11689
1768086097473 0.47925040125846863 11699
1768086098208 0.185380220413208 11709
1768086098942 0.14793936908245087 11719
1768086099677 0.1738368719816208 11729
1768086100413 0.41366031765937805 11739
1768086101149 0.07481999695301056 11749
1768086101885 0.06510666012763977 11759
1768086102619 0.35473543405532837 11769
1768086103355 0.1715744435787201 11779
1768086104096 0.05308966338634491 11789
1768086104832 0.14452996850013733 11799
1768086105568 0.05396979674696922 11809
1768086106305 0.15318110585212708 11819
1768086107041 0.2028340846300125 11829
1768086107775 0.056302569806575775 11839
1768086108509 0.06152671203017235 11849
1768086109244 0.15280795097351074 11859
1768086109979 0.30339330434799194 11869
1768086110714 0.11636790633201599 11879
1768086111448 0.2037699818611145 11889
1768086112185 0.06866596639156342 11899
1768086112920 0.15798652172088623 11909
1768086113654 0.24283812940120697 11919
1768086114389 0.1032540425658226 11929
1768086115124 0.2228507697582245 11939
1768086115861 0.40365493297576904 11949
1768086116597 0.1359228491783142 11959
1768086117333 0.11561247706413269 11969
1768086118069 0.3378191292285919 11979
1768086118805 0.13771574199199677 11989
1768086119541 0.1498367339372635 11999
1768086120279 0.08450853079557419 12009
1768086121013 0.2172994166612625 12019
1768086121748 0.1620495617389679 12029
1768086122483 0.14121009409427643 12039
1768086123217 0.3267346918582916 12049
1768086123953 0.24479833245277405 12059
1768086124690 0.0647081583738327 12069
1768086125426 0.40734413266181946 12079
1768086126165 0.27482888102531433 12089
1768086126901 0.100496806204319 12099
1768086127637 0.12505121529102325 12109
1768086128375 0.1747709959745407 12119
1768086129110 0.20345480740070343 12129
1768086129848 0.051150619983673096 12139
1768086130587 0.11007289588451385 12149
1768086131323 0.13969048857688904 12159
1768086132058 0.2365517020225525 12169
1768086132793 0.2305547446012497 12179
1768086133528 0.06980796903371811 12189
1768086134264 0.11831643432378769 12199
1768086135001 0.1535705178976059 12209
1768086135737 0.35904791951179504 12219
1768086136475 0.39226576685905457 12229
1768086137211 0.15272939205169678 12239
1768086137947 0.06357195973396301 12249
1768086138685 0.571805477142334 12259
1768086139423 0.1898125261068344 12269
1768086140159 0.09107347577810287 12279
1768086140896 0.4174511730670929 12289
1768086141630 0.07520484924316406 12299
1768086142365 0.5915535092353821 12309
1768086143101 0.68852299451828 12319
1768086143836 0.2683020234107971 12329
1768086144572 0.0884937047958374 12339
1768086145307 0.16829265654087067 12349
1768086146041 0.02945847623050213 12359
1768086146778 0.4497065246105194 12369
1768086147515 0.11740352213382721 12379
1768086148252 0.10624171048402786 12389
1768086148988 0.08886562287807465 12399
1768086149725 0.23008616268634796 12409
1768086150462 0.3007431626319885 12419
1768086151200 0.10728209465742111 12429
1768086151936 0.22397422790527344 12439
1768086152673 0.3919207751750946 12449
1768086153410 0.09447834640741348 12459
1768086154145 0.22587762773036957 12469
1768086154883 0.3150902986526489 12479
1768086155620 0.055874068289995193 12489
1768086156354 0.06109653413295746 12499
1768086157091 0.2873920500278473 12509
1768086157827 0.2855450510978699 12519
1768086158562 0.09239119291305542 12529
1768086159300 0.19291312992572784 12539
1768086160037 0.21543121337890625 12549
1768086160773 0.13598257303237915 12559
1768086161510 0.04637671262025833 12569
1768086162247 0.054203376173973083 12579
1768086162983 0.12924666702747345 12589
1768086163719 0.08044540882110596 12599
1768086164455 0.08479027450084686 12609
1768086165192 0.2446509748697281 12619
1768086165927 0.12903974950313568 12629
1768086166663 0.1308741569519043 12639
1768086167400 0.07572350651025772 12649
1768086168135 0.1948052942752838 12659
1768086168872 0.2082858830690384 12669
1768086169609 0.034168701618909836 12679
1768086170345 0.09684682637453079 12689
1768086171082 0.19614294171333313 12699
1768086171819 0.046479348093271255 12709
1768086172555 0.5232768654823303 12719
1768086173293 0.20368316769599915 12729
1768086174030 0.10570091009140015 12739
1768086174766 0.20363116264343262 12749
1768086175504 0.29085874557495117 12759
1768086176239 0.08680044859647751 12769
1768086176975 0.1270291805267334 12779
1768086177713 0.3995916545391083 12789
1768086178450 0.06399765610694885 12799
1768086179186 0.1269831657409668 12809
1768086179921 0.3579864501953125 12819
1768086180659 0.13294239342212677 12829
1768086181397 0.21907168626785278 12839
1768086182133 0.22073347866535187 12849
1768086182870 0.23469758033752441 12859
1768086183607 0.22581931948661804 12869
1768086184344 0.3348316252231598 12879
1768086185080 0.3259909451007843 12889
1768086185814 0.4725412130355835 12899
1768086186549 0.1291903257369995 12909
1768086187289 0.3112311363220215 12919
1768086188025 0.04854344204068184 12929
1768086188761 0.26204317808151245 12939
1768086189496 0.08898251503705978 12949
1768086190230 0.11909784376621246 12959
1768086352651 0.06664352864027023 12969
1768086353387 0.4285631477832794 12979
1768086354122 0.3293648362159729 12989
1768086354858 0.1761833131313324 12999
1768086355594 0.18688851594924927 13009
1768086356329 0.15357409417629242 13019
1768086357065 0.33088219165802 13029
1768086357800 0.425432950258255 13039
1768086358535 0.4547998011112213 13049
1768086359271 0.2730591595172882 13059
1768086360008 0.0437597930431366 13069
1768086360745 0.18591029942035675 13079
1768086361481 0.07743348926305771 13089
1768086362217 0.06279460340738297 13099
1768086362954 0.3152325749397278 13109
1768086363691 0.09073371440172195 13119
1768086364428 0.11496392637491226 13129
1768086365163 0.24859777092933655 13139
1768086365900 0.3767791986465454 13149
1768086366637 0.36286741495132446 13159
1768086367375 0.2967478036880493 13169
1768086368111 0.3666674792766571 13179
1768086368847 0.21188117563724518 13189
1768086369584 0.2269187867641449 13199
1768086370320 0.23594795167446136 13209
1768086371056 0.2965357005596161 13219
1768086371794 0.3884716033935547 13229
1768086372533 0.135171040892601 13239
1768086373269 0.2469346970319748 13249
1768086374006 0.09906671196222305 13259
1768086374743 0.13994264602661133 13269
1768086375477 0.09003100544214249 13279
1768086376213 0.03582194820046425 13289
1768086376950 0.28460589051246643 13299
1768086377688 0.19832473993301392 13309
1768086378424 0.17569275200366974 13319
1768086379161 0.21218913793563843 13329
1768086379897 0.4065225422382355 13339
1768086380633 0.26965686678886414 13349
1768086381370 0.0834045484662056 13359
1768086382107 0.31661826372146606 13369
1768086382843 0.30993470549583435 13379
1768086383580 0.19728469848632812 13389
1768086384317 0.3427217900753021 13399
1768086385053 0.295114129781723 13409
1768086385790 0.1636851280927658 13419
1768086386524 0.3278968632221222 13429
1768086387260 0.071042500436306 13439
1768086387997 0.251821368932724 13449
1768086388734 0.06947965919971466 13459
1768086389471 0.08194378018379211 13469
1768086390208 0.2164110541343689 13479
1768086390945 0.4061240553855896 13489
1768086391682 0.5765021443367004 13499
1768086392419 0.12271744757890701 13509
1768086393155 0.10813203454017639 13519
1768086393891 0.25001659989356995 13529
1768086394628 0.1637791097164154 13539
1768086395364 0.15005335211753845 13549
1768086396102 0.30031058192253113 13559
1768086396840 0.0803999975323677 13569
1768086397577 0.24959582090377808 13579
1768086398315 0.17072135210037231 13589
1768086399052 0.37217989563941956 13599
1768086399789 0.37743595242500305 13609
1768086400524 0.10373331606388092 13619
1768086401259 0.042067911475896835 13629
1768086401995 0.5545257329940796 13639
1768086402732 0.28212854266166687 13649
1768086403467 0.0847996324300766 13659
1768086404204 0.28218722343444824 13669
1768086404940 0.16426552832126617 13679
1768086405675 0.1445876806974411 13689
1768086406412 0.18035872280597687 13699
1768086407149 0.2029859870672226 13709
1768086407884 0.09354466199874878 13719
1768086408621 0.10638938844203949 13729
1768086409357 0.1890118420124054 13739
1768086410094 0.19773732125759125 13749
1768086410829 0.06907807290554047 13759
1768086411734 0.08906944841146469 13769
1768086412471 0.1034926027059555 13779
1768086413206 0.17713575065135956 13789
1768086413942 0.24473357200622559 13799
1768086414679 0.3645556569099426 13809
1768086415414 0.1811559796333313 13819
1768086416151 0.1976986974477768 13829
1768086416888 0.5427442789077759 13839
1768086417624 0.045123495161533356 13849
1768086418360 0.213677778840065 13859
1768086419096 0.14095868170261383 13869
1768086419832 0.3398248553276062 13879
1768086420568 0.03183547779917717 13889
1768086421305 0.19043678045272827 13899
1768086422039 0.2867286503314972 13909
1768086422775 0.05072423443198204 13919
1768086423509 0.23323756456375122 13929
1768086424245 0.08332035690546036 13939
1768086424983 0.06529146432876587 13949
1768086425719 0.05264156684279442 13959
1768086426456 0.44641053676605225 13969
1768086427192 0.10598809272050858 13979
1768086427927 0.04646507650613785 13989
1768086428663 0.2800635099411011 13999
1768086429399 0.6351569294929504 14009
1768086430134 0.11209966242313385 14019
1768086430872 0.19536995887756348 14029
1768086431607 0.38676130771636963 14039
1768086432343 0.2205767035484314 14049
1768086433080 0.009064346551895142 14059
1768086433817 0.12802191078662872 14069
1768086434555 0.1461031138896942 14079
1768086435291 0.321750670671463 14089
1768086436028 0.14525718986988068 14099
1768086436766 0.1703331023454666 14109
1768086437499 0.3067477345466614 14119
1768086438236 0.14581145346164703 14129
1768086438971 0.12465767562389374 14139
1768086439708 0.2974720597267151 14149
1768086440444 0.09729234129190445 14159
1768086441179 0.4035104215145111 14169
1768086441915 0.12779398262500763 14179
1768086442651 0.11639244109392166 14189
1768086443386 0.33367279171943665 14199
1768086444121 0.4457971155643463 14209
1768086444857 0.22344236075878143 14219
1768086445592 0.29534998536109924 14229
1768086446327 0.213297039270401 14239
1768086447061 0.026509808376431465 14249
1768086447796 0.013010808266699314 14259
1768086448531 0.025868358090519905 14269
1768086449267 0.14229345321655273 14279
1768086450002 0.029378298670053482 14289
1768086450738 0.1480128914117813 14299
1768086451474 0.05118938162922859 14309
1768086452211 0.1758466511964798 14319
1768086452948 0.09239043295383453 14329
1768086453684 0.15698225796222687 14339
1768086454420 0.08585832267999649 14349
1768086455158 0.029669491574168205 14359
1768086455894 0.15525399148464203 14369
1768086456629 0.15828745067119598 14379
1768086457365 0.24074220657348633 14389
1768086458099 0.512430727481842 14399
1768086619015 0.17839737236499786 14409
1768086619753 0.18922248482704163 14419
1768086620492 0.13111211359500885 14429
1768086621231 0.46341344714164734 14439
1768086621968 0.17083899676799774 14449
1768086622706 0.004243261180818081 14459
1768086623441 0.024303525686264038 14469
1768086624176 0.1525319367647171 14479
1768086624913 0.15956754982471466 14489
1768086625649 0.1707553118467331 14499
1768086626384 0.3626335859298706 14509
1768086627120 0.09402813762426376 14519
1768086627856 0.027606166899204254 14529
1768086628592 0.08657826483249664 14539
1768086629329 0.21580450236797333 14549
1768086630064 0.04661499708890915 14559
1768086630800 0.20381739735603333 14569
1768086631536 0.3702090382575989 14579
1768086632271 0.04028213396668434 14589
1768086633008 0.36392083764076233 14599
1768086633744 0.13281257450580597 14609
1768086634478 0.13784043490886688 14619
1768086635215 0.24465666711330414 14629
1768086635949 0.108554907143116 14639
1768086636682 0.14800922572612762 14649
1768086637420 0.06599835306406021 14659
1768086638155 0.18860095739364624 14669
1768086638891 0.3526395857334137 14679
1768086639627 0.026956643909215927 14689
1768086640363 0.03119613043963909 14699
1768086641097 0.1821308434009552 14709
1768086641832 0.3465926945209503 14719
1768086642569 0.24469569325447083 14729
1768086643306 0.20776620507240295 14739
1768086644045 0.2289789468050003 14749
1768086644785 0.3481936454772949 14759
1768086645525 0.15591050684452057 14769
1768086646265 0.17809373140335083 14779
1768086647003 0.137651264667511 14789
1768086647740 0.1753820925951004 14799
1768086648479 0.03713909164071083 14809
1768086649217 0.1757877618074417 14819
1768086649955 0.13186511397361755 14829
1768086650690 0.17501235008239746 14839
1768086651427 0.3338090777397156 14849
1768086652162 0.4823649227619171 14859
1768086652898 0.08076510578393936 14869
1768086653637 0.22109033167362213 14879
1768086654374 0.1349077820777893 14889
1768086655112 0.21302127838134766 14899
1768086655855 0.07170849293470383 14909
1768086656594 0.08898287266492844 14919
1768086657334 0.03064703568816185 14929
1768086658071 0.19365134835243225 14939
1768086658809 0.47930043935775757 14949
1768086659547 0.022398551926016808 14959
1768086660283 0.09573163092136383 14969
1768086661020 0.4886553883552551 14979
1768086661759 0.04993471875786781 14989
1768086662497 0.053531110286712646 14999
1768086663237 0.12827114760875702 15009
1768086663973 0.15424492955207825 15019
1768086664708 0.10535667836666107 15029
1768086665445 0.05482662469148636 15039
1768086666183 0.2879335284233093 15049
1768086666919 0.21277940273284912 15059
1768086667656 0.09421324729919434 15069
1768086668394 0.03166387602686882 15079
1768086669128 0.04407341778278351 15089
1768086669865 0.18210704624652863 15099
1768086670601 0.12079307436943054 15109
1768086671336 0.11957843601703644 15119
1768086672072 0.06152290850877762 15129
1768086672810 0.0720091164112091 15139
1768086673547 0.0693952739238739 15149
1768086674285 0.13633650541305542 15159
1768086675023 0.15507018566131592 15169
1768086675761 0.0724690705537796 15179
1768086676496 0.17628730833530426 15189
1768086677229 0.09913386404514313 15199
1768086677965 0.11422621458768845 15209
1768086678700 0.2743726968765259 15219
1768086679437 0.04319705814123154 15229
1768086680175 0.005545262712985277 15239
1768086680910 0.17394885420799255 15249
1768086681647 0.1963362842798233 15259
1768086682385 0.16582655906677246 15269
1768086683120 0.19816738367080688 15279
1768086683856 0.012959489598870277 15289
1768086684593 0.08358138799667358 15299
1768086685328 0.05473542958498001 15309
1768086686065 0.12295457720756531 15319
1768086686803 0.04032132402062416 15329
1768086687544 0.16945143043994904 15339
1768086688282 0.09041541814804077 15349
1768086689017 0.39377376437187195 15359
1768086689754 0.14932389557361603 15369
1768086690491 0.16500180959701538 15379
1768086691226 0.07889030873775482 15389
1768086691964 0.047626793384552 15399
1768086692699 0.026466144248843193 15409
1768086693435 0.03700247034430504 15419
1768086694171 0.1185532659292221 15429
1768086694908 0.02753770723938942 15439
1768086695645 0.09097732603549957 15449
1768086696382 0.05835333839058876 15459
1768086697118 0.12098094820976257 15469
1768086697854 0.0019143050303682685 15479
1768086698592 0.5734864473342896 15489
1768086699329 0.10758331418037415 15499
1768086700067 0.12235341966152191 15509
1768086700803 0.02801230363547802 15519
1768086701540 0.03892054781317711 15529
1768086702277 0.1759662926197052 15539
1768086703015 0.0562780499458313 15549
1768086703752 0.029936237260699272 15559
1768086704489 0.2273862063884735 15569
1768086705224 0.05869919806718826 15579
1768086705961 0.14623498916625977 15589
1768086706696 0.05846182629466057 15599
1768086707433 0.06313931196928024 15609
1768086708169 0.10182086378335953 15619
1768086708906 0.17513476312160492 15629
1768086709642 0.0925021544098854 15639
1768086710379 0.17117275297641754 15649
1768086711117 0.08735411614179611 15659
1768086711853 0.2502458989620209 15669
1768086712589 0.15888577699661255 15679
1768086713324 0.03433859720826149 15689
1768086714059 0.30683666467666626 15699
1768086714794 0.09512046724557877 15709
1768086715527 0.04373686760663986 15719
1768086716262 0.1347552239894867 15729
1768086716998 0.1432512104511261 15739
1768086717735 0.1291465163230896 15749
1768086718472 0.06865324825048447 15759
1768086719205 0.2263149470090866 15769
1768086719939 0.10738825798034668 15779
1768086720676 0.05447019636631012 15789
1768086721410 0.06492256373167038 15799
1768086722145 0.12079846113920212 15809
1768086722881 0.08944708853960037 15819
1768086723616 0.02885495312511921 15829
1768086724348 0.14796702563762665 15839
1768086889360 0.199175164103508 15849
1768086890097 0.20368582010269165 15859
1768086890834 0.11405062675476074 15869
1768086891569 0.07584443688392639 15879
1768086892305 0.07367632538080215 15889
1768086893040 0.050989244133234024 15899
1768086893776 0.1903439462184906 15909
1768086894512 0.19882483780384064 15919
1768086895248 0.3717500865459442 15929
1768086895983 0.1776788979768753 15939
1768086896719 0.03115548938512802 15949
1768086897456 0.07387499511241913 15959
1768086898191 0.06908859312534332 15969
1768086898925 0.0769617035984993 15979
1768086899659 0.1827036291360855 15989
1768086900395 0.04027324169874191 15999
1768086901130 0.11759325861930847 16009
1768086901866 0.04073372855782509 16019
1768086902602 0.04294963926076889 16029
1768086903339 0.12925748527050018 16039
1768086904076 0.024937361478805542 16049
1768086904812 0.20427119731903076 16059
1768086905547 0.14134763181209564 16069
1768086906280 0.12319265305995941 16079
1768086907015 0.008682883344590664 16089
1768086907750 0.05023999139666557 16099
1768086908486 0.07667163014411926 16109
1768086909220 0.22302661836147308 16119
1768086909956 0.19347599148750305 16129
1768086910692 0.034251321107149124 16139
1768086911428 0.47876855731010437 16149
1768086912163 0.2020138055086136 16159
1768086912900 0.1256791204214096 16169
1768086913639 0.12400100380182266 16179
1768086914376 0.23661796748638153 16189
1768086915112 0.20992779731750488 16199
1768086915849 0.0435747466981411 16209
1768086916586 0.03774842247366905 16219
1768086917321 0.12040380388498306 16229
1768086918056 0.06518161296844482 16239
1768086918791 0.1135384738445282 16249
1768086919525 0.004959086887538433 16259
1768086920261 0.012962337583303452 16269
1768086920996 0.34052130579948425 16279
1768086921731 0.042569831013679504 16289
1768086922466 0.11262749135494232 16299
1768086923203 0.19682076573371887 16309
1768086923937 0.1883535534143448 16319
1768086924671 0.23602896928787231 16329
1768086925405 0.0807386189699173 16339
1768086926139 0.06912249326705933 16349
1768086926875 0.2542216181755066 16359
1768086927611 0.2058912068605423 16369
1768086928347 0.16733267903327942 16379
1768086929083 0.050820112228393555 16389
1768086929820 0.06966420263051987 16399
1768086930557 0.03705326095223427 16409
1768086931292 0.017408661544322968 16419
1768086932028 0.11253619939088821 16429
1768086932763 0.1257418543100357 16439
1768086933499 0.05714409053325653 16449
1768086934235 0.17764998972415924 16459
1768086934970 0.13571609556674957 16469
1768086935704 0.08701084554195404 16479
1768086936440 0.2225123941898346 16489
1768086937177 0.023569229990243912 16499
1768086937912 0.01565656065940857 16509
1768086938647 0.45472750067710876 16519
1768086939384 0.08809549361467361 16529
1768086940119 0.06818423420190811 16539
1768086940854 0.026812493801116943 16549
1768086941591 0.03652948513627052 16559
1768086942325 0.2651493549346924 16569
1768086943061 0.04755453020334244 16579
1768086943798 0.042430732399225235 16589
1768086944535 0.5269036889076233 16599
1768086945271 0.1816345900297165 16609
1768086946005 0.043299902230501175 16619
1768086946740 0.04848967492580414 16629
1768086947478 0.09865489602088928 16639
1768086948215 0.5273166298866272 16649
1768086948952 0.2660432457923889 16659
1768086949689 0.03340534120798111 16669
1768086950425 0.319234699010849 16679
1768086951161 0.19630318880081177 16689
1768086951897 0.052994031459093094 16699
1768086952632 0.07342738658189774 16709
1768086953372 0.10809305310249329 16719
1768086954108 0.10033358633518219 16729
1768086954843 0.03776935115456581 16739
1768086955581 0.2506176829338074 16749
1768086956318 0.2017042487859726 16759
1768086957053 0.11082538217306137 16769
1768086957789 0.03975838050246239 16779
1768086958524 0.09735369682312012 16789
1768086959261 0.15309779345989227 16799
1768086959998 0.10052696615457535 16809
1768086960734 0.13117380440235138 16819
1768086961471 0.11007619649171829 16829
1768086962208 0.07437630742788315 16839
1768086962946 0.19471976161003113 16849
1768086963682 0.030148152261972427 16859
1768086964419 0.19308583438396454 16869
1768086965155 0.23043182492256165 16879
1768086965894 0.040982816368341446 16889
1768086966629 0.013660292141139507 16899
1768086967369 0.024553587660193443 16909
1768086968107 0.068151094019413 16919
1768086968844 0.04530394822359085 16929
1768086969580 0.020739492028951645 16939
1768086970318 0.12223311513662338 16949
1768086971053 0.02693518064916134 16959
1768086971789 0.3268565535545349 16969
1768086972524 0.01275623869150877 16979
1768086973261 0.29622024297714233 16989
1768086973998 0.08520686626434326 16999
1768086974735 0.03766017407178879 17009
1768086975469 0.021829737350344658 17019
1768086976209 0.03995022550225258 17029
1768086976945 0.10657963156700134 17039
1768086977680 0.07647421211004257 17049
1768086978416 0.13483057916164398 17059
1768086979151 0.08825729787349701 17069
1768086979887 0.06741330027580261 17079
1768086980622 0.1029730960726738 17089
1768086981357 0.019951503723859787 17099
1768086982093 0.1991312950849533 17109
1768086982828 0.07940566539764404 17119
1768086983565 0.08935564756393433 17129
1768086984301 0.14880292117595673 17139
1768086985036 0.17936621606349945 17149
1768086985771 0.19521209597587585 17159
1768086986508 0.04094086214900017 17169
1768086987244 0.0989508256316185 17179
1768086987981 0.1725919097661972 17189
1768086988719 0.14309461414813995 17199
1768086989453 0.1508048176765442 17209
1768086990189 0.045250944793224335 17219
1768086990926 0.028854651376605034 17229
1768086991663 0.49636149406433105 17239
1768086992400 0.023094037547707558 17249
1768086993138 0.12000776827335358 17259
1768086993874 0.0018854280933737755 17269
1768086994612 0.08095519989728928 17279
1768087153873 0.15638414025306702 17289
1768087154609 0.08341805636882782 17299
1768087155344 0.1881299614906311 17309
1768087156079 0.07153589278459549 17319
1768087156814 0.26907598972320557 17329
1768087157548 0.04859136417508125 17339
1768087158287 0.17368288338184357 17349
1768087159022 0.0525394082069397 17359
1768087159759 0.13493911921977997 17369
1768087160493 0.3252120614051819 17379
1768087161229 0.01668308675289154 17389
1768087161966 0.04339294508099556 17399
1768087162700 0.10357168316841125 17409
1768087163435 0.13266783952713013 17419
1768087164172 0.18981465697288513 17429
1768087164909 0.16253992915153503 17439
1768087165647 0.11418197304010391 17449
1768087166386 0.14218610525131226 17459
1768087167125 0.03047923929989338 17469
1768087167864 0.008716654032468796 17479
1768087168605 0.08706348389387131 17489
1768087169343 0.22037295997142792 17499
1768087170078 0.055538929998874664 17509
1768087170812 0.16442054510116577 17519
1768087171545 0.0964358001947403 17529
1768087172279 0.022195544093847275 17539
1768087173013 0.039946284145116806 17549
1768087173747 0.006115136202424765 17559
1768087174483 0.018504686653614044 17569
1768087175217 0.03311372175812721 17579
1768087175952 0.03014190122485161 17589
1768087176688 0.11443992704153061 17599
1768087177423 0.029706496745347977 17609
1768087178158 0.11648508906364441 17619
1768087178892 0.07280480861663818 17629
1768087179628 0.012777048163115978 17639
1768087180363 0.03267420083284378 17649
1768087181096 0.10809581726789474 17659
1768087181831 0.13132384419441223 17669
1768087182569 0.048544805496931076 17679
1768087183304 0.04230424761772156 17689
1768087184042 0.18461039662361145 17699
1768087184780 0.05251290276646614 17709
1768087185517 0.06978160887956619 17719
1768087186255 0.0816807746887207 17729
1768087186992 0.059628020972013474 17739
1768087187727 0.04452073946595192 17749
1768087188463 0.09175314009189606 17759
1768087189199 0.24219760298728943 17769
1768087189934 0.15085111558437347 17779
1768087190670 0.16662733256816864 17789
1768087191406 0.05401085317134857 17799
1768087192141 0.020868677645921707 17809
1768087192877 0.019604390487074852 17819
1768087193612 0.08809597045183182 17829
1768087194346 0.07783590257167816 17839
1768087195082 0.18521912395954132 17849
1768087195817 0.15685972571372986 17859
1768087196552 0.47607144713401794 17869
1768087197288 0.12648160755634308 17879
1768087198024 0.04945431649684906 17889
1768087198760 0.149068221449852 17899
1768087199495 0.03612587973475456 17909
1768087200232 0.01482243463397026 17919
1768087200969 0.022106284275650978 17929
1768087201705 0.1732606440782547 17939
1768087202441 0.07365177571773529 17949
1768087203178 0.2754279673099518 17959
1768087203915 0.03649083897471428 17969
1768087204649 0.02397266775369644 17979
1768087205385 0.7132378816604614 17989
1768087206120 0.025886932387948036 17999
1768087206856 0.05807032436132431 18009
1768087207593 0.04270996153354645 18019
1768087208332 0.01466117613017559 18029
1768087209069 0.21176160871982574 18039
1768087209804 0.24050673842430115 18049
1768087210539 0.18967853486537933 18059
1768087211276 0.10175253450870514 18069
1768087212012 0.07678263634443283 18079
1768087212749 0.1210552304983139 18089
1768087213485 0.23298941552639008 18099
1768087214220 0.02116181142628193 18109
1768087214958 0.061742477118968964 18119
1768087215693 0.05702945590019226 18129
1768087216428 0.07317222654819489 18139
1768087217164 0.1768997758626938 18149
1768087217900 0.06376196444034576 18159
1768087218637 0.1812945008277893 18169
1768087219375 0.1629147231578827 18179
1768087220112 0.2610701620578766 18189
1768087220848 0.06250520795583725 18199
1768087221584 0.011749989353120327 18209
1768087222319 0.020858734846115112 18219
1768087223054 0.060453593730926514 18229
1768087223790 0.042957939207553864 18239
1768087224526 0.014974560588598251 18249
1768087225263 0.05185355246067047 18259
1768087225999 0.11624014377593994 18269
1768087226736 0.12529593706130981 18279
1768087227473 0.06343848258256912 18289
1768087228208 0.0516960471868515 18299
1768087228944 0.039621077477931976 18309
1768087229679 0.06560613960027695 18319
1768087230415 0.0455847904086113 18329
1768087231151 0.07591166347265244 18339
1768087231887 0.04550042003393173 18349
1768087232622 0.06981565803289413 18359
1768087233358 0.18855227530002594 18369
1768087234094 0.10307475924491882 18379
1768087234830 0.5703895688056946 18389
1768087235565 0.21010597050189972 18399
1768087236300 0.16239672899246216 18409
1768087237035 0.3562820255756378 18419
1768087237772 0.04090261831879616 18429
1768087238509 0.24563884735107422 18439
1768087239247 0.026555946096777916 18449
1768087239983 0.11961254477500916 18459
1768087240719 0.29053008556365967 18469
1768087241457 0.2320726364850998 18479
1768087242192 0.2533891499042511 18489
1768087242928 0.018217504024505615 18499
1768087243665 0.08799147605895996 18509
1768087244402 0.10785194486379623 18519
1768087245136 0.03983141854405403 18529
1768087245872 0.05350101739168167 18539
1768087246606 0.1050819382071495 18549
1768087247341 0.08544466644525528 18559
1768087248078 0.175033837556839 18569
1768087248813 0.09989320486783981 18579
1768087249550 0.07463264465332031 18589
1768087250288 0.03313977271318436 18599
1768087251023 0.1736561805009842 18609
1768087251762 0.1438172161579132 18619
1768087252498 0.07369250804185867 18629
1768087253235 0.11578652262687683 18639
1768087253972 0.09393832832574844 18649
1768087254708 0.15738540887832642 18659
1768087255443 0.08363422006368637 18669
1768087256178 0.0003889272047672421 18679
1768087256912 0.14517441391944885 18689
1768087257647 0.10768097639083862 18699
1768087258383 0.02690201997756958 18709
1768087259118 0.13298748433589935 18719
1768087418205 0.04702037200331688 18729
1768087418943 0.06726530939340591 18739
1768087419681 0.016340941190719604 18749
1768087420417 0.004908399656414986 18759
1768087421152 0.11235296726226807 18769
1768087421889 0.07744546979665756 18779
1768087422624 0.014847089536488056 18789
1768087423361 0.1140613928437233 18799
1768087424099 0.05944934859871864 18809
1768087424836 0.08500649034976959 18819
1768087425574 0.018507929518818855 18829
1768087426310 0.07163354754447937 18839
1768087427045 0.14565667510032654 18849
1768087427782 0.24126312136650085 18859
1768087428519 0.043860696256160736 18869
1768087429257 0.16899625957012177 18879
1768087429994 0.04563587158918381 18889
1768087430730 0.06742655485868454 18899
1768087431467 0.07453926652669907 18909
1768087432203 0.08564193546772003 18919
1768087432939 0.07782863080501556 18929
1768087433677 0.05341378599405289 18939
1768087434412 0.016655342653393745 18949
1768087435147 0.005955055356025696 18959
1768087435883 0.09029968082904816 18969
1768087436619 0.18229055404663086 18979
1768087437355 0.05981803685426712 18989
1768087438091 0.06115610897541046 18999
1768087438828 0.06935061514377594 19009
1768087439564 0.004229079000651836 19019
1768087440301 0.3404495418071747 19029
1768087441037 0.06423932313919067 19039
1768087441774 0.05487774312496185 19049
1768087442512 0.1440236121416092 19059
1768087443247 0.17290553450584412 19069
1768087443985 0.0864081159234047 19079
1768087444721 0.05354699864983559 19089
1768087445457 0.06413131207227707 19099
1768087446195 0.1061461791396141 19109
1768087446931 0.04794752970337868 19119
1768087447665 0.05995121970772743 19129
1768087448400 0.09625598788261414 19139
1768087449137 0.07293190807104111 19149
1768087449872 0.06741093099117279 19159
1768087450608 0.2978448271751404 19169
1768087451343 0.07229434698820114 19179
1768087452079 0.17652487754821777 19189
1768087452815 0.06260497868061066 19199
1768087453549 0.055786505341529846 19209
1768087454287 0.06300149857997894 19219
1768087455023 0.13275770843029022 19229
1768087455760 0.15915937721729279 19239
1768087456497 0.0329129584133625 19249
1768087457233 0.05363849550485611 19259
1768087457970 0.08184997737407684 19269
1768087458707 0.14512398838996887 19279
1768087459443 0.03827489912509918 19289
1768087460181 0.2824302315711975 19299
1768087460916 0.1495177298784256 19309
1768087461653 0.015508257783949375 19319
1768087462390 0.07872939854860306 19329
1768087463127 0.20779292285442352 19339
1768087463863 0.21766631305217743 19349
1768087464599 0.018316831439733505 19359
1768087465336 0.04998752102255821 19369
1768087466072 0.056714195758104324 19379
1768087466809 0.15486934781074524 19389
1768087467544 0.004812678787857294 19399
1768087468281 0.08702557533979416 19409
1768087469018 0.04348964989185333 19419
1768087469753 0.6748777627944946 19429
1768087470490 0.010517257265746593 19439
1768087471226 0.28818750381469727 19449
1768087471963 0.1277012825012207 19459
1768087472700 0.16374678909778595 19469
1768087473437 0.15264944732189178 19479
1768087474175 0.1462341994047165 19489
1768087474912 0.27163171768188477 19499
1768087475648 0.12227100878953934 19509
1768087476385 0.19370123744010925 19519
1768087477121 0.142576202750206 19529
1768087477857 0.010160313919186592 19539
1768087478595 0.0037979695480316877 19549
1768087479331 0.08471176773309708 19559
1768087480068 0.12024233490228653 19569
1768087480805 0.11759895086288452 19579
1768087481540 0.02837117575109005 19589
1768087482276 0.02381029725074768 19599
1768087483014 0.20057570934295654 19609
1768087483751 0.12878304719924927 19619
1768087484488 0.11442605406045914 19629
1768087485224 0.0268416628241539 19639
1768087485961 0.051866497844457626 19649
1768087486699 0.19238720834255219 19659
1768087487435 0.01857566460967064 19669
1768087488169 0.054721154272556305 19679
1768087488906 0.07038021087646484 19689
1768087489642 0.036662448197603226 19699
1768087490378 0.023739401251077652 19709
1768087491115 0.05251606926321983 19719
1768087491851 0.11946216225624084 19729
1768087492588 0.026546619832515717 19739
1768087493325 0.10232443362474442 19749
1768087494062 0.09944478422403336 19759
1768087494797 0.05663638934493065 19769
1768087495532 0.09404550492763519 19779
1768087496268 0.08206558227539062 19789
1768087497006 0.13611413538455963 19799
1768087497742 0.09711235761642456 19809
1768087498479 0.021085528656840324 19819
1768087499217 0.18240199983119965 19829
1768087499955 0.21150323748588562 19839
1768087500690 0.02672005631029606 19849
1768087501424 0.1076282411813736 19859
1768087502158 0.06186426803469658 19869
1768087502894 0.02860017865896225 19879
1768087503629 0.07370372861623764 19889
1768087504366 0.17295287549495697 19899
1768087505104 0.030109986662864685 19909
1768087505841 0.12469211220741272 19919
1768087506579 0.28512129187583923 19929
1768087507317 0.10870099067687988 19939
1768087508055 0.215245321393013 19949
1768087508792 0.07390350848436356 19959
1768087509529 0.14709781110286713 19969
1768087510264 0.015227889642119408 19979
1768087511000 0.12375505268573761 19989
1768087511735 0.2043035477399826 19999
1768087512471 0.2747209370136261 20009
1768087513208 0.07657399773597717 20019
1768087513944 0.12478498369455338 20029
1768087514680 0.13096727430820465 20039
1768087515414 0.16365782916545868 20049
1768087516150 0.04001445695757866 20059
1768087516885 0.430785208940506 20069
1768087517623 0.23134185373783112 20079
1768087518359 0.060354750603437424 20089
1768087519095 0.14819921553134918 20099
1768087519831 0.015928996726870537 20109
1768087520567 0.05167735368013382 20119
1768087521303 0.12169467657804489 20129
1768087522038 0.08478503674268723 20139
1768087522776 0.07272271066904068 20149
1768087523510 0.28774580359458923 20159
