1767894747178 29.096858978271484 9
1767894747912 43.03426742553711 19
1767894748648 8.539907455444336 29
1767894749382 5.446872234344482 39
1767894750116 8.502469062805176 49
1767894750851 6.5928168296813965 59
1767894751584 8.464667320251465 69
1767894752316 5.877028465270996 79
1767894753050 3.50386381149292 89
1767894753785 3.852283477783203 99
1767894754520 2.505178213119507 109
1767894755254 4.822137832641602 119
1767894755987 3.4545485973358154 129
1767894756721 3.987565755844116 139
1767894757455 1.3558731079101562 149
1767894758189 7.3183722496032715 159
1767894758923 1.4699957370758057 169
1767894759656 3.3857367038726807 179
1767894760389 3.0347900390625 189
1767894761123 2.05688214302063 199
1767894761855 1.7102364301681519 209
1767894762589 2.703821897506714 219
1767894763324 1.4781142473220825 229
1767894764058 2.460688352584839 239
1767894764792 4.361794471740723 249
1767894765525 1.5468692779541016 259
1767894766257 1.2063546180725098 269
1767894766991 1.4893932342529297 279
1767894767726 1.1952083110809326 289
1767894768461 2.6403868198394775 299
1767894769198 1.3431142568588257 309
1767894769932 1.3189550638198853 319
1767894770666 1.749117374420166 329
1767894771399 1.3772132396697998 339
1767894772131 1.0824898481369019 349
1767894772867 1.0555603504180908 359
1767894773601 1.6304219961166382 369
1767894774334 1.3717527389526367 379
1767894775068 1.1660491228103638 389
1767894775802 1.760892391204834 399
1767894776536 1.0900925397872925 409
1767894777269 1.404017448425293 419
1767894778004 1.003927230834961 429
1767894778738 0.8406705856323242 439
1767894779473 0.8769109845161438 449
1767894780207 1.6529195308685303 459
1767894780941 1.9881739616394043 469
1767894781674 1.156700849533081 479
1767894782408 1.2772058248519897 489
1767894783142 1.1530497074127197 499
1767894783877 0.6108077168464661 509
1767894784611 0.8406429886817932 519
1767894785345 1.08992600440979 529
1767894786079 0.9753141403198242 539
1767894786815 1.0068498849868774 549
1767894787550 1.6891264915466309 559
1767894788284 0.9836219549179077 569
1767894789018 1.8981562852859497 579
1767894789751 0.5476025342941284 589
1767894790486 1.0851178169250488 599
1767894791220 0.7317747473716736 609
1767894791954 0.8053300976753235 619
1767894792688 1.0277167558670044 629
1767894793423 0.8180439472198486 639
1767894794157 1.4454107284545898 649
1767894794892 1.0765058994293213 659
1767894795626 1.2419463396072388 669
1767894796361 1.3707451820373535 679
1767894797097 0.9241126179695129 689
1767894797831 1.1402539014816284 699
1767894798566 0.6233277320861816 709
1767894799302 0.779245138168335 719
1767894800035 1.0973554849624634 729
1767894800769 0.9476620554924011 739
1767894801503 0.6215764880180359 749
1767894802238 0.7476505637168884 759
1767894802973 0.777114987373352 769
1767894803709 0.8862825036048889 779
1767894804444 0.5113580822944641 789
1767894805178 0.9812285304069519 799
1767894805915 0.7784469723701477 809
1767894806649 0.8288418650627136 819
1767894807385 0.8851315379142761 829
1767894808121 0.5454503297805786 839
1767894808856 0.7617223858833313 849
1767894809592 0.8763118386268616 859
1767894810327 0.6967126131057739 869
1767894811062 0.7446796298027039 879
1767894811798 0.900994598865509 889
1767894812533 0.8038442134857178 899
1767894813268 0.5001853704452515 909
1767894814004 0.33779674768447876 919
1767894814737 0.7434159517288208 929
1767894815471 0.9235547184944153 939
1767894816205 0.8979884386062622 949
1767894816939 0.5012847185134888 959
1767894817675 0.9090040326118469 969
1767894818409 0.883886992931366 979
1767894819144 1.6486953496932983 989
1767894819879 0.8519057035446167 999
1767894820611 1.0402675867080688 1009
1767894821344 0.7035833597183228 1019
1767894822078 0.7946159243583679 1029
1767894822811 0.6948147416114807 1039
1767894823545 1.099647045135498 1049
1767894824278 0.8308228850364685 1059
1767894825011 0.5712620615959167 1069
1767894825745 0.741476833820343 1079
1767894826478 0.5745323896408081 1089
1767894827212 0.5078504085540771 1099
1767894827946 0.726989209651947 1109
1767894828679 1.6715377569198608 1119
1767894829412 1.5540896654129028 1129
1767894830147 0.6712602376937866 1139
1767894830880 0.4977661371231079 1149
1767894831614 0.33520764112472534 1159
1767894832347 0.5460821390151978 1169
1767894833080 0.6107378602027893 1179
1767894833814 0.6273692846298218 1189
1767894834547 0.48982715606689453 1199
1767894835279 0.49472445249557495 1209
1767894836014 0.77681565284729 1219
1767894836747 0.8149153590202332 1229
1767894837480 0.5107624530792236 1239
1767894838216 0.8859267830848694 1249
1767894838949 0.9491754174232483 1259
1767894839682 0.7675552368164062 1269
1767894840417 0.5177718997001648 1279
1767894841149 0.46410316228866577 1289
1767894841881 0.4928731322288513 1299
1767894842613 0.7116634845733643 1309
1767894843346 0.3832528591156006 1319
1767894844079 0.3667272925376892 1329
1767894844811 0.4310937523841858 1339
1767894845542 0.7279813885688782 1349
1767894879769 0.9339329600334167 1359
1767894880500 0.6129905581474304 1369
1767894881233 1.0458314418792725 1379
1767894881964 0.44577756524086 1389
1767894882694 0.8205878734588623 1399
1767894883427 0.8515540957450867 1409
1767894884160 0.5636717677116394 1419
1767894884893 0.523515522480011 1429
1767894885625 0.5580415725708008 1439
1767894913000 0.4767487347126007 1449
1767894913738 0.4241093099117279 1459
1767894914475 0.5892056822776794 1469
1767894915210 0.6496143341064453 1479
1767894915946 0.5594316124916077 1489
1767894916680 0.3206598460674286 1499
1767894917415 0.7332305908203125 1509
1767894918151 0.5549004077911377 1519
1767894918887 0.20306284725666046 1529
1767894919623 1.444919228553772 1539
1767894920359 0.49401557445526123 1549
1767894921096 0.6502369046211243 1559
1767894921832 0.7912122011184692 1569
1767894922566 0.36429163813591003 1579
1767894923300 0.44306960701942444 1589
1767894924036 1.000436544418335 1599
1767894924773 0.9522779583930969 1609
1767894925509 0.49829259514808655 1619
1767894926245 0.8542376756668091 1629
1767894926982 0.8235634565353394 1639
1767894927718 0.5449568629264832 1649
1767894928455 0.6166262030601501 1659
1767894929190 0.6456497311592102 1669
1767894929927 0.8127738833427429 1679
1767894930665 0.481270432472229 1689
1767894931400 0.7693799138069153 1699
1767894932137 0.2846173644065857 1709
1767894932873 0.5439271330833435 1719
1767894933612 1.0932459831237793 1729
1767894934350 0.1864306628704071 1739
1767894935087 0.7913509011268616 1749
1767894935824 0.44906413555145264 1759
1767894936562 0.7197356820106506 1769
1767894937296 0.5814949870109558 1779
1767894938035 0.6282899379730225 1789
1767894938775 0.7469557523727417 1799
1767894939509 0.677834153175354 1809
1767894940247 0.3615330457687378 1819
1767894940982 0.4787391424179077 1829
1767894941717 1.0674090385437012 1839
1767894942453 0.728988766670227 1849
1767894943190 0.7620157599449158 1859
1767894943926 0.49449974298477173 1869
1767894944661 0.7318128943443298 1879
1767894945394 0.6227509379386902 1889
1767894946127 0.6286996006965637 1899
1767894946863 1.146406650543213 1909
1767894947597 0.369829386472702 1919
1767894948332 0.4420047700405121 1929
1767894949069 0.9516288638114929 1939
1767894949803 0.6155019998550415 1949
1767894950537 0.7301449179649353 1959
1767894951270 0.8954934477806091 1969
1767894952004 0.5357652306556702 1979
1767894952739 0.6825807690620422 1989
1767894953473 0.43640607595443726 1999
1767894954209 0.7873636484146118 2009
1767894954943 0.6559686660766602 2019
1767894955677 0.8421043753623962 2029
1767894956414 0.6000352501869202 2039
1767894957146 0.36770331859588623 2049
1767894957881 0.22645415365695953 2059
1767894958616 0.6287277936935425 2069
1767894959352 0.6634069085121155 2079
1767894960087 0.7006257176399231 2089
1767894960822 0.4912659227848053 2099
1767894961556 1.0980398654937744 2109
1767894962292 0.9125822186470032 2119
1767894963028 0.33451297879219055 2129
1767894963765 0.5430126190185547 2139
1767894964499 0.40250223875045776 2149
1767894965236 0.6274313926696777 2159
1767894965971 1.2292851209640503 2169
1767894966705 0.2759307324886322 2179
1767894967440 0.7844639420509338 2189
1767894968178 0.42058297991752625 2199
1767894968914 0.2800065875053406 2209
1767894969649 0.7761098146438599 2219
1767894970384 0.08105985820293427 2229
1767894971121 0.8548797369003296 2239
1767894971855 0.3322180211544037 2249
1767894972591 0.46501976251602173 2259
1767894973326 0.3291648328304291 2269
1767894974061 0.6574364900588989 2279
1767894974796 0.7489761114120483 2289
1767894975529 1.0783201456069946 2299
1767894976263 0.5739685297012329 2309
1767894976998 0.5240042805671692 2319
1767894977732 0.4520419239997864 2329
1767894978467 0.433658242225647 2339
1767894979205 0.7051559090614319 2349
1767894979939 0.8947571516036987 2359
1767894980675 0.4015401005744934 2369
1767894981412 0.7440847754478455 2379
1767894982147 0.8135472536087036 2389
1767894982881 0.6990875005722046 2399
1767894983617 0.4057631194591522 2409
1767894984351 0.5416891574859619 2419
1767894985086 0.6391234397888184 2429
1767894985821 0.5677831172943115 2439
1767894986555 0.5906124114990234 2449
1767894987290 0.5885223150253296 2459
1767894988025 0.4596007764339447 2469
1767894988760 0.975789487361908 2479
1767894989496 0.26076316833496094 2489
1767894990232 0.5919020175933838 2499
1767894990968 0.4794708788394928 2509
1767894991705 0.726125180721283 2519
1767894992440 0.5969557166099548 2529
1767894993176 0.4993962347507477 2539
1767894993910 0.769964873790741 2549
1767894994645 0.6167604327201843 2559
1767894995381 0.539616048336029 2569
1767894996115 0.42317214608192444 2579
1767894996849 0.3932645320892334 2589
1767894997584 0.31146565079689026 2599
1767894998320 0.8940337300300598 2609
1767894999059 0.4856836497783661 2619
1767894999794 0.3395840525627136 2629
1767895000529 0.5214037299156189 2639
1767895001266 0.5528001189231873 2649
1767895002000 0.37428152561187744 2659
1767895002735 0.4501391649246216 2669
1767895003473 0.3319956660270691 2679
1767895004208 0.45507293939590454 2689
1767895004943 0.440103143453598 2699
1767895005680 0.48773273825645447 2709
1767895006414 0.5865833759307861 2719
1767895007149 0.46565356850624084 2729
1767895007885 0.8185069561004639 2739
1767895008621 0.24593722820281982 2749
1767895009354 0.45729494094848633 2759
1767895010089 0.22716791927814484 2769
1767895010823 0.4286484718322754 2779
1767895011563 0.5299625992774963 2789
1767895012300 0.45399007201194763 2799
1767895013037 0.4717031419277191 2809
1767895013772 0.3808227479457855 2819
1767895014506 0.47670599818229675 2829
1767895015244 0.3894551694393158 2839
1767895015981 0.681787371635437 2849
1767895016717 0.5215264558792114 2859
1767895017451 0.3545434772968292 2869
1767895018188 0.26888686418533325 2879
1767895024985 1.0709216594696045 2889
1767895025719 0.23596040904521942 2899
1767895026452 0.5110245943069458 2909
1767895027184 0.36282265186309814 2919
1767895027919 0.5744439363479614 2929
1767895028654 0.5484258532524109 2939
1767895029391 0.3049282431602478 2949
1767895030126 0.7675262093544006 2959
1767895030862 0.6622546315193176 2969
1767895031596 0.23356452584266663 2979
1767895032330 0.33205413818359375 2989
1767895033068 0.4603223204612732 2999
1767895033803 0.47465378046035767 3009
1767895034538 0.331073522567749 3019
1767895035273 0.5171095728874207 3029
1767895036009 1.2015244960784912 3039
1767895036745 0.4820793867111206 3049
1767895037479 0.5429255366325378 3059
1767895038214 0.570513129234314 3069
1767895038949 0.9487510323524475 3079
1767895039683 0.7490420341491699 3089
1767895040420 0.2684202492237091 3099
1767895041155 0.4220663011074066 3109
1767895041890 0.3087708353996277 3119
1767895042625 0.6185443997383118 3129
1767895043359 0.9291595816612244 3139
1767895044096 0.5312241911888123 3149
1767895044830 0.6068805456161499 3159
1767895045563 0.39990362524986267 3169
1767895046297 0.42672696709632874 3179
1767895047030 0.32188498973846436 3189
1767895047764 0.7297161817550659 3199
1767895048498 0.5045205950737 3209
1767895049232 0.4341820180416107 3219
1767895049966 0.5441217422485352 3229
1767895050702 0.31126004457473755 3239
1767895051436 0.286621630191803 3249
1767895052171 0.5215525031089783 3259
1767895052906 0.33342114090919495 3269
1767895053643 0.19444377720355988 3279
1767895054378 0.3569815754890442 3289
1767895055113 0.6196398138999939 3299
1767895055849 0.5463341474533081 3309
1767895056586 0.3812468647956848 3319
1767895057319 0.3310120701789856 3329
1767895058053 0.2553473711013794 3339
1767895058791 0.4526132047176361 3349
1767895059527 0.35264697670936584 3359
1767895060265 0.6034407019615173 3369
1767895060999 0.5674657225608826 3379
1767895061732 0.5204129219055176 3389
1767895062468 0.2916622757911682 3399
1767895063200 0.3040063679218292 3409
1767895063934 0.39977484941482544 3419
1767895064669 0.5124413371086121 3429
1767895065404 0.506610631942749 3439
1767895066138 0.4831097424030304 3449
1767895066874 0.71213299036026 3459
1767895067609 0.48278671503067017 3469
1767895068346 0.5550084710121155 3479
1767895069082 0.44467389583587646 3489
1767895069820 0.32475921511650085 3499
1767895070557 0.5665183663368225 3509
1767895071291 0.17955122888088226 3519
1767895072027 0.36856386065483093 3529
1767895072763 0.2272149622440338 3539
1767895073499 0.3581375181674957 3549
1767895074235 0.5809895992279053 3559
1767895074972 0.24790827929973602 3569
1767895075706 0.5951393842697144 3579
1767895076441 0.16867214441299438 3589
1767895077177 0.37887701392173767 3599
1767895077911 0.5392942428588867 3609
1767895078650 0.3486659526824951 3619
1767895079386 0.2674264907836914 3629
1767895080121 0.28061652183532715 3639
1767895080856 0.22179614007472992 3649
1767895081591 0.75682532787323 3659
1767895082325 0.5912037491798401 3669
1767895083062 0.6686985492706299 3679
1767895083799 0.5931456685066223 3689
1767895084534 0.46869319677352905 3699
1767895085269 0.2665243148803711 3709
1767895086004 0.391864538192749 3719
1767895086740 0.2084362953901291 3729
1767895087473 0.3311883509159088 3739
1767895088207 0.35074111819267273 3749
1767895088944 0.44237905740737915 3759
1767895089679 0.14601781964302063 3769
1767895090414 0.4009464979171753 3779
1767895091152 0.44130775332450867 3789
1767895091887 0.394927978515625 3799
1767895092621 0.7379014492034912 3809
1767895093359 0.6160686016082764 3819
1767895094095 0.5104783773422241 3829
1767895094831 0.4112173616886139 3839
1767895095565 0.2378334403038025 3849
1767895096301 0.4640505909919739 3859
1767895097036 0.1797010451555252 3869
1767895097769 0.41848623752593994 3879
1767895098504 0.21097098290920258 3889
1767895099239 0.7148934602737427 3899
1767895099975 0.5246610045433044 3909
1767895100709 0.6047173738479614 3919
1767895101446 0.37935829162597656 3929
1767895102180 0.6221498250961304 3939
1767895102916 0.36097103357315063 3949
1767895103653 0.4032188951969147 3959
1767895104390 0.41170576214790344 3969
1767895105125 0.1918909102678299 3979
1767895105861 0.3288496434688568 3989
1767895106595 0.734416663646698 3999
1767895107333 0.4310024082660675 4009
1767895108070 0.5122534036636353 4019
1767895108807 0.24756097793579102 4029
1767895109544 0.30442580580711365 4039
1767895110280 0.34850597381591797 4049
1767895111014 0.3713906407356262 4059
1767895111750 0.31701916456222534 4069
1767895112485 0.6576593518257141 4079
1767895113220 0.6645243763923645 4089
1767895113955 0.9514779448509216 4099
1767895114691 0.37639907002449036 4109
1767895115427 0.32795006036758423 4119
1767895116159 0.6378544569015503 4129
1767895116893 0.12717780470848083 4139
1767895117628 0.07932442426681519 4149
1767895118363 0.30386656522750854 4159
1767895119099 0.5573139190673828 4169
1767895119837 0.5175390839576721 4179
1767895120571 1.0417654514312744 4189
1767895121306 0.7614791989326477 4199
1767895122041 0.2488536834716797 4209
1767895122775 0.4797343611717224 4219
1767895123510 0.4284779131412506 4229
1767895124245 0.44675561785697937 4239
1767895124981 0.5077948570251465 4249
1767895125716 0.28186360001564026 4259
1767895126451 0.8649524450302124 4269
1767895127188 0.528775155544281 4279
1767895127923 0.4009341597557068 4289
1767895128661 0.1861497461795807 4299
1767895129397 0.32918864488601685 4309
1767895130132 0.4554463028907776 4319
1767895136772 0.2512310743331909 4329
1767895137505 0.48081594705581665 4339
1767895138241 0.19075743854045868 4349
1767895138975 0.19841937720775604 4359
1767895139710 0.43338802456855774 4369
1767895140444 0.23418134450912476 4379
1767895141178 0.401762992143631 4389
1767895141913 0.3475571274757385 4399
1767895142648 0.2807135581970215 4409
1767895143381 0.29579535126686096 4419
1767895144116 0.3951148986816406 4429
1767895144853 0.25444766879081726 4439
1767895145590 0.2604195773601532 4449
1767895146325 0.3029312491416931 4459
1767895147060 0.18917055428028107 4469
1767895147794 0.3872936964035034 4479
1767895148528 0.3339049220085144 4489
1767895149265 0.4615093767642975 4499
1767895150001 0.3451172709465027 4509
1767895150734 0.6687619686126709 4519
1767895151467 0.4196286201477051 4529
1767895152201 0.3816918432712555 4539
1767895152934 0.30057814717292786 4549
1767895153669 0.4501376748085022 4559
1767895154403 0.38924652338027954 4569
1767895155139 0.4497501254081726 4579
1767895155874 0.19397704303264618 4589
1767895156607 0.39692816138267517 4599
1767895157342 0.7063503861427307 4609
1767895158077 0.10811446607112885 4619
1767895158811 0.4156069755554199 4629
1767895159547 0.3541160523891449 4639
1767895160282 0.3844972550868988 4649
1767895161017 0.19596031308174133 4659
1767895161751 0.08056534826755524 4669
1767895162487 0.16623573005199432 4679
1767895163222 0.2837372422218323 4689
1767895163957 0.28709104657173157 4699
1767895164691 0.2943669855594635 4709
1767895165424 0.391216903924942 4719
1767895166159 0.21279682219028473 4729
1767895166891 0.6759440302848816 4739
1767895167624 0.13541196286678314 4749
1767895168360 0.29609620571136475 4759
1767895169094 0.2100471407175064 4769
1767895169828 0.45289331674575806 4779
1767895170563 0.3335016071796417 4789
1767895171297 0.28320759534835815 4799
1767895172031 0.7464641332626343 4809
1767895172766 0.3937409520149231 4819
1767895173501 0.3752313554286957 4829
1767895174237 0.19119209051132202 4839
1767895174972 0.36689215898513794 4849
1767895175704 0.421191543340683 4859
1767895176440 0.23939421772956848 4869
1767895177174 0.21837127208709717 4879
1767895177908 0.5936139822006226 4889
1767895178644 0.33569708466529846 4899
1767895179378 0.29094502329826355 4909
1767895180115 0.3161377012729645 4919
1767895180853 0.12791752815246582 4929
1767895181589 0.20495936274528503 4939
1767895182323 0.30326151847839355 4949
1767895183057 0.37092605233192444 4959
1767895183791 0.5431591272354126 4969
1767895184526 0.29927557706832886 4979
1767895185260 0.4735819399356842 4989
1767895185995 0.18347536027431488 4999
1767895186730 0.26763927936553955 5009
1767895187466 0.4921819865703583 5019
1767895188201 0.2378549575805664 5029
1767895188936 0.38977766036987305 5039
1767895189670 0.3806484043598175 5049
1767895190405 0.4685797393321991 5059
1767895191142 0.5704717040061951 5069
1767895191877 0.4816409945487976 5079
1767895192618 0.18970240652561188 5089
1767895193353 0.37581366300582886 5099
1767895194088 0.29859980940818787 5109
1767895194824 0.45090949535369873 5119
1767895195559 0.1351274698972702 5129
1767895196293 0.5811532735824585 5139
1767895197027 0.09059924632310867 5149
1767895197761 0.2089294046163559 5159
1767895198496 0.48453864455223083 5169
1767895199232 0.22126621007919312 5179
1767895199967 0.20381103456020355 5189
1767895200702 0.48454979062080383 5199
1767895201439 0.20066958665847778 5209
1767895202172 0.5746691823005676 5219
1767895202910 0.3781035542488098 5229
1767895203644 0.3422113060951233 5239
1767895204379 0.40841051936149597 5249
1767895205113 0.13473638892173767 5259
1767895205848 0.6043415069580078 5269
1767895206582 0.6121192574501038 5279
1767895207316 0.1631678193807602 5289
1767895208051 0.341465562582016 5299
1767895208789 0.7417458295822144 5309
1767895209526 0.4665631353855133 5319
1767895210260 0.2863196134567261 5329
1767895210996 0.6395452618598938 5339
1767895211730 0.454679012298584 5349
1767895212464 0.21596917510032654 5359
1767895213204 0.18598100543022156 5369
1767895213940 0.23644892871379852 5379
1767895214676 0.12947644293308258 5389
1767895215414 0.2935587763786316 5399
1767895216150 0.5037425756454468 5409
1767895216886 0.3746575117111206 5419
1767895217619 0.60533207654953 5429
1767895218354 0.3224842846393585 5439
1767895219089 0.21142083406448364 5449
1767895219824 0.24398933351039886 5459
1767895220559 0.20591124892234802 5469
1767895221296 0.3691256642341614 5479
1767895222030 0.1337006688117981 5489
1767895222765 0.33155134320259094 5499
1767895223502 0.3833211362361908 5509
1767895224237 1.6130852699279785 5519
1767895224972 0.4454670548439026 5529
1767895225708 1.0749377012252808 5539
1767895226443 0.6459215879440308 5549
1767895227177 0.1282390058040619 5559
1767895227912 0.3649943768978119 5569
1767895228648 0.44357168674468994 5579
1767895229383 0.262920081615448 5589
1767895230119 0.26114875078201294 5599
1767895230854 0.43123212456703186 5609
1767895231590 0.1653769612312317 5619
1767895232323 0.1810336858034134 5629
1767895233059 0.203206405043602 5639
1767895233795 0.08133566379547119 5649
1767895234529 0.29095736145973206 5659
1767895235265 0.3580686151981354 5669
1767895236000 0.21172286570072174 5679
1767895236735 0.33129799365997314 5689
1767895237468 0.16595977544784546 5699
1767895238205 0.21786130964756012 5709
1767895238940 0.3225773274898529 5719
1767895239675 0.3094603717327118 5729
1767895240409 0.3001754581928253 5739
1767895241149 0.5037975311279297 5749
1767895241887 0.33660873770713806 5759
1767895248514 0.3077489733695984 5769
1767895249251 0.38818618655204773 5779
1767895249987 0.380503386259079 5789
1767895250720 0.26066702604293823 5799
1767895251455 0.2892346978187561 5809
1767895252190 0.12032496929168701 5819
1767895252923 0.47772926092147827 5829
1767895253659 0.34419554471969604 5839
1767895254394 0.30207130312919617 5849
1767895255128 0.22463339567184448 5859
1767895255864 0.3281133472919464 5869
1767895256600 0.1691904366016388 5879
1767895257333 0.2406061440706253 5889
1767895258069 0.4738960266113281 5899
1767895258804 0.5514960289001465 5909
1767895259537 0.23294377326965332 5919
1767895260274 0.11833924055099487 5929
1767895261008 0.4548998773097992 5939
1767895261744 0.4096199572086334 5949
1767895262480 0.12418626248836517 5959
1767895263216 0.19677934050559998 5969
1767895263956 0.4911424219608307 5979
1767895264693 0.45506441593170166 5989
1767895265431 0.12597471475601196 5999
1767895266169 0.32805296778678894 6009
1767895266908 0.31727197766304016 6019
1767895267645 0.6464964151382446 6029
1767895268383 0.09673739224672318 6039
1767895269122 0.5019260048866272 6049
1767895269860 0.19799934327602386 6059
1767895270596 0.23192466795444489 6069
1767895271330 0.5754479765892029 6079
1767895272065 0.6465234756469727 6089
1767895272801 0.6036418676376343 6099
1767895273534 0.5167932510375977 6109
1767895274268 0.3055828809738159 6119
1767895275004 0.26119253039360046 6129
1767895275737 0.4515869915485382 6139
1767895276472 0.36097076535224915 6149
1767895277206 0.39658018946647644 6159
1767895277940 0.281980037689209 6169
1767895278673 0.06704697757959366 6179
1767895279408 0.2155749797821045 6189
1767895280143 0.46352848410606384 6199
1767895280877 0.3371586799621582 6209
1767895281612 0.03529654070734978 6219
1767895282346 0.2538873851299286 6229
1767895283080 0.3141612410545349 6239
1767895283815 0.3850380480289459 6249
1767895284551 0.23615580797195435 6259
1767895285286 0.2605906128883362 6269
1767895286020 0.5256355404853821 6279
1767895286756 0.5228025913238525 6289
1767895287491 0.2251550853252411 6299
1767895288226 0.2304069846868515 6309
1767895288962 0.3816036880016327 6319
1767895289699 0.3618428707122803 6329
1767895290435 0.26947280764579773 6339
1767895291169 0.5538111925125122 6349
1767895291904 0.45288732647895813 6359
1767895292643 0.4663771688938141 6369
1767895293377 0.3022068440914154 6379
1767895294111 0.513336181640625 6389
1767895294847 0.27633827924728394 6399
1767895295582 0.1469036191701889 6409
1767895296318 0.44939589500427246 6419
1767895297052 0.49195656180381775 6429
1767895297786 0.09506577998399734 6439
1767895298522 0.15841098129749298 6449
1767895299257 0.11566700041294098 6459
1767895299991 0.5073322057723999 6469
1767895300725 0.43378981947898865 6479
1767895301462 0.17340761423110962 6489
1767895302197 0.3292385935783386 6499
1767895302932 0.26666101813316345 6509
1767895303668 0.6758118867874146 6519
1767895304403 0.2345430850982666 6529
1767895305139 0.4563923478126526 6539
1767895305875 0.08286011219024658 6549
1767895306611 0.3236817717552185 6559
1767895307346 0.06553704291582108 6569
1767895308080 0.21183721721172333 6579
1767895308817 0.1551976501941681 6589
1767895309552 0.30346357822418213 6599
1767895310288 0.5053892135620117 6609
1767895311023 0.04710620269179344 6619
1767895311759 0.09805019199848175 6629
1767895312495 0.26889485120773315 6639
1767895313230 0.33710727095603943 6649
1767895313966 0.1377924382686615 6659
1767895314703 0.09277606010437012 6669
1767895315436 0.5755885243415833 6679
1767895316171 0.34719550609588623 6689
1767895316905 0.2971382737159729 6699
1767895317639 0.4290698766708374 6709
1767895318374 0.5930001139640808 6719
1767895319109 0.2383642941713333 6729
1767895319844 0.5053741931915283 6739
1767895320579 0.20307758450508118 6749
1767895321315 0.34363144636154175 6759
1767895322050 0.19731242954730988 6769
1767895322786 0.37475189566612244 6779
1767895323520 0.18521761894226074 6789
1767895324255 0.6367935538291931 6799
1767895324992 0.32013648748397827 6809
1767895325726 0.15274663269519806 6819
1767895326461 0.463253378868103 6829
1767895327200 0.5594176650047302 6839
1767895327935 0.29679086804389954 6849
1767895328671 0.09849449247121811 6859
1767895329408 0.2893315553665161 6869
1767895330141 0.29740291833877563 6879
1767895330875 0.24382738769054413 6889
1767895331610 0.30999112129211426 6899
1767895332344 0.4118896424770355 6909
1767895333080 0.4556386172771454 6919
1767895333816 0.08234191685914993 6929
1767895334552 0.30853644013404846 6939
1767895335286 0.2618420422077179 6949
1767895336020 0.33046475052833557 6959
1767895336752 0.28706398606300354 6969
1767895337488 0.33272647857666016 6979
1767895338222 0.3246273696422577 6989
1767895338957 0.5585622787475586 6999
1767895339693 0.29501715302467346 7009
1767895340428 0.6853142976760864 7019
1767895341163 0.49353063106536865 7029
1767895341897 0.24130569398403168 7039
1767895342632 0.16763100028038025 7049
1767895343368 0.2804551422595978 7059
1767895344102 0.26577669382095337 7069
1767895344836 0.28668153285980225 7079
1767895345572 0.6725570559501648 7089
1767895346305 0.22905433177947998 7099
1767895347039 0.04832664504647255 7109
1767895347774 0.05464082583785057 7119
1767895348508 0.15037573873996735 7129
1767895349245 0.40166568756103516 7139
1767895349980 0.5124117732048035 7149
1767895350713 0.1620602309703827 7159
1767895351447 0.2642587125301361 7169
1767895352181 0.5930890440940857 7179
1767895352915 0.475401371717453 7189
1767895353650 0.12347614765167236 7199
1767895360279 0.28232526779174805 7209
1767895361012 0.5869069695472717 7219
1767895361747 0.2425980269908905 7229
1767895362481 0.23505547642707825 7239
1767895363214 0.32681408524513245 7249
1767895363949 0.1747521013021469 7259
1767895364682 0.3356872498989105 7269
1767895365415 0.1277206838130951 7279
1767895366149 0.23790578544139862 7289
1767895366886 0.5004766583442688 7299
1767895367621 0.5002977848052979 7309
1767895368357 0.1683560013771057 7319
1767895369092 0.18886233866214752 7329
1767895369827 0.33055567741394043 7339
1767895370563 0.26641321182250977 7349
1767895371297 0.13993316888809204 7359
1767895372034 0.3173101842403412 7369
1767895372768 0.43323999643325806 7379
1767895373502 0.25537005066871643 7389
1767895374238 0.1893538236618042 7399
1767895374972 0.25260066986083984 7409
1767895375706 0.2828787565231323 7419
1767895376443 0.08654720336198807 7429
1767895377177 0.33955875039100647 7439
1767895377911 0.31985652446746826 7449
1767895378649 0.2666618227958679 7459
1767895379385 0.2125101089477539 7469
1767895380122 0.11803331226110458 7479
1767895380857 0.038500986993312836 7489
1767895381592 0.21858376264572144 7499
1767895382329 0.09664042294025421 7509
1767895383066 0.4302835762500763 7519
1767895383804 0.46873778104782104 7529
1767895384540 0.29667988419532776 7539
1767895385277 0.4935098886489868 7549
1767895386012 0.1714833378791809 7559
1767895386747 0.13569606840610504 7569
1767895387481 0.17978525161743164 7579
1767895388219 0.21301323175430298 7589
1767895388953 0.15715867280960083 7599
1767895389688 0.33267077803611755 7609
1767895390423 0.239520862698555 7619
1767895391158 0.19224956631660461 7629
1767895391893 0.41493746638298035 7639
1767895392629 0.3052693009376526 7649
1767895393365 0.14672940969467163 7659
1767895394100 0.06264006346464157 7669
1767895394834 0.243608295917511 7679
1767895395568 0.37839794158935547 7689
1767895396304 0.046123676002025604 7699
1767895397036 0.10313215106725693 7709
1767895397770 0.1798529028892517 7719
1767895398505 0.11856056749820709 7729
1767895399241 0.3559879958629608 7739
1767895399976 0.28753581643104553 7749
1767895400710 0.43124690651893616 7759
1767895401443 0.18192631006240845 7769
1767895402177 0.5454613566398621 7779
1767895402911 0.48700881004333496 7789
1767895403644 0.32656359672546387 7799
1767895404380 0.040506113320589066 7809
1767895405115 0.29642051458358765 7819
1767895405850 0.42144888639450073 7829
1767895406585 0.3020898699760437 7839
1767895407319 0.3110070824623108 7849
1767895408053 0.2936142086982727 7859
1767895408789 0.20837974548339844 7869
1767895409523 0.07502882927656174 7879
1767895410258 0.24007409811019897 7889
1767895410993 0.14028353989124298 7899
1767895411728 0.07767658680677414 7909
1767895412464 0.32535025477409363 7919
1767895413199 0.452778160572052 7929
1767895413933 0.03632638230919838 7939
1767895414669 0.19265641272068024 7949
1767895415403 0.5150154232978821 7959
1767895416137 0.24330875277519226 7969
1767895416872 0.33883392810821533 7979
1767895417608 0.28640124201774597 7989
1767895418345 0.34391579031944275 7999
1767895419085 0.37444552779197693 8009
1767895419822 0.3009311854839325 8019
1767895420559 0.2934834361076355 8029
1767895421292 0.2955709397792816 8039
1767895422028 0.41462576389312744 8049
1767895422763 0.28351253271102905 8059
1767895423497 0.2435578554868698 8069
1767895424234 0.2677488625049591 8079
1767895424969 0.12877139449119568 8089
1767895425704 0.195378378033638 8099
1767895426439 0.2807314097881317 8109
1767895427173 0.39667707681655884 8119
1767895427908 0.31039392948150635 8129
1767895428644 0.243041530251503 8139
1767895429379 0.1249188780784607 8149
1767895430113 0.18944202363491058 8159
1767895430848 0.19334252178668976 8169
1767895431582 0.1493159383535385 8179
1767895432316 0.38732776045799255 8189
1767895433051 0.19884119927883148 8199
1767895433787 0.22531618177890778 8209
1767895434520 0.06991713494062424 8219
1767895435256 0.23101234436035156 8229
1767895435990 0.44372886419296265 8239
1767895436727 0.6805322170257568 8249
1767895437461 0.4367601275444031 8259
1767895438196 0.323918879032135 8269
1767895438933 0.3411804139614105 8279
1767895439668 0.5447381734848022 8289
1767895440404 0.3801160454750061 8299
1767895441141 0.2875378727912903 8309
1767895441875 0.2896747291088104 8319
1767895442611 0.49230438470840454 8329
1767895443347 0.12831352651119232 8339
1767895444084 0.39769089221954346 8349
1767895444821 0.13542385399341583 8359
1767895445557 0.22529686987400055 8369
1767895446292 0.19527046382427216 8379
1767895447028 0.08119294792413712 8389
1767895447765 0.2791326344013214 8399
1767895448500 0.11031903326511383 8409
1767895449238 0.3929443359375 8419
1767895449973 0.08970031887292862 8429
1767895450708 0.18742255866527557 8439
1767895451444 0.2052513062953949 8449
1767895452178 0.09782540053129196 8459
1767895452913 0.3597160875797272 8469
1767895453650 0.47319796681404114 8479
1767895454387 0.1279018372297287 8489
1767895455124 0.5750584006309509 8499
1767895455860 0.29755935072898865 8509
1767895456596 0.3907291293144226 8519
1767895457333 0.12737689912319183 8529
1767895458068 0.0696205347776413 8539
1767895458804 0.5720700621604919 8549
1767895459540 0.4747166335582733 8559
1767895460278 0.13961191475391388 8569
1767895461015 0.022349165752530098 8579
1767895461750 0.0676632970571518 8589
1767895462483 0.05999542400240898 8599
1767895463220 0.24044333398342133 8609
1767895463955 0.416103720664978 8619
1767895464688 0.03953821584582329 8629
1767895465422 0.3510596454143524 8639
1767895472239 0.22242027521133423 8649
1767895472973 0.3170592784881592 8659
1767895473709 0.12269389629364014 8669
1767895474443 0.41550296545028687 8679
1767895475177 0.24041445553302765 8689
1767895475915 0.21855716407299042 8699
1767895476647 0.1325882226228714 8709
1767895477380 0.23555417358875275 8719
1767895478115 0.17859165370464325 8729
1767895478848 0.23469333350658417 8739
1767895479582 0.10890760272741318 8749
1767895480315 0.21610453724861145 8759
1767895481046 0.354849249124527 8769
1767895481779 0.4545554518699646 8779
1767895482510 0.23842868208885193 8789
1767895483244 0.2924942672252655 8799
1767895483977 0.3024280071258545 8809
1767895484709 0.1924968659877777 8819
1767895485442 0.15334728360176086 8829
1767895486177 0.2406294047832489 8839
1767895486912 0.32002726197242737 8849
1767895487645 0.3696911036968231 8859
1767895488381 0.5062890648841858 8869
1767895489115 0.08083470910787582 8879
1767895489850 0.48973336815834045 8889
1767895490583 0.4777181148529053 8899
1767895491317 0.6061187386512756 8909
1767895492051 0.2587425410747528 8919
1767895492785 0.17501942813396454 8929
1767895493519 0.4382689595222473 8939
1767895494253 0.2824214696884155 8949
1767895494987 0.9234991073608398 8959
1767895495722 0.13058824837207794 8969
1767895496456 0.19505800306797028 8979
1767895497188 0.7038432359695435 8989
1767895497923 0.2290479838848114 8999
1767895498658 0.21212756633758545 9009
1767895499393 0.20385362207889557 9019
1767895500129 0.24049250781536102 9029
1767895500865 0.19378753006458282 9039
1767895501600 0.23943105340003967 9049
1767895502335 0.04995160922408104 9059
1767895503068 0.206020787358284 9069
1767895503802 0.3687843382358551 9079
1767895504538 0.5686103105545044 9089
1767895505275 0.24676311016082764 9099
1767895506009 0.4271308183670044 9109
1767895506744 0.24573498964309692 9119
1767895507479 0.39416301250457764 9129
1767895508216 0.15074928104877472 9139
1767895508952 0.510558545589447 9149
1767895509687 0.21488620340824127 9159
1767895510423 0.16821204125881195 9169
1767895511158 0.303727388381958 9179
1767895511894 0.3649037480354309 9189
1767895512630 0.12790748476982117 9199
1767895513365 0.26027950644493103 9209
1767895514103 0.20283587276935577 9219
1767895514840 0.2395925670862198 9229
1767895515579 0.33449506759643555 9239
1767895516314 0.2277243435382843 9249
1767895517050 0.14025960862636566 9259
1767895517787 0.2666795551776886 9269
1767895518521 0.1913178265094757 9279
1767895519258 0.5536458492279053 9289
1767895519993 0.18977664411067963 9299
1767895520728 0.2346142679452896 9309
1767895521463 0.3038291931152344 9319
1767895522200 0.23336990177631378 9329
1767895522935 0.1515558362007141 9339
1767895523671 0.10933037847280502 9349
1767895524406 0.32939109206199646 9359
1767895525142 0.492424339056015 9369
1767895525877 0.4285796284675598 9379
1767895526612 0.07013062387704849 9389
1767895527348 0.1826750934123993 9399
1767895528085 0.2257741093635559 9409
1767895528822 0.36850714683532715 9419
1767895529558 0.3115394115447998 9429
1767895530293 0.20511047542095184 9439
1767895531030 0.5468067526817322 9449
1767895531768 0.2996407151222229 9459
1767895532505 0.15599940717220306 9469
1767895533240 0.1442198008298874 9479
1767895533976 0.4799233078956604 9489
1767895534714 0.09600891917943954 9499
1767895535450 0.4313899278640747 9509
1767895536185 0.14382851123809814 9519
1767895536923 0.1560186892747879 9529
1767895537658 0.21470049023628235 9539
1767895538392 0.07599606364965439 9549
1767895539130 0.561123788356781 9559
1767895539865 0.11349035054445267 9569
1767895540599 0.19706636667251587 9579
1767895541336 0.19966945052146912 9589
1767895542071 0.11167261749505997 9599
1767895542807 0.15242895483970642 9609
1767895543543 0.14213991165161133 9619
1767895544279 0.15616156160831451 9629
1767895545019 0.14209726452827454 9639
1767895545755 0.10438122600317001 9649
1767895546491 0.14584414660930634 9659
1767895547228 0.46166643500328064 9669
1767895547965 0.37134960293769836 9679
1767895548705 0.16937261819839478 9689
1767895549443 0.14412879943847656 9699
1767895550178 0.3800738453865051 9709
1767895550914 0.16556811332702637 9719
1767895551649 0.1206674575805664 9729
1767895552383 0.3384566307067871 9739
1767895553119 0.2822521924972534 9749
1767895553854 0.3326704204082489 9759
1767895554588 0.40422046184539795 9769
1767895555324 0.09966138005256653 9779
1767895556059 0.009318647906184196 9789
1767895556794 0.06040814891457558 9799
1767895557530 0.09307718276977539 9809
1767895558265 0.09645956009626389 9819
1767895559001 0.258209228515625 9829
1767895559736 0.5935873985290527 9839
1767895560472 0.41564416885375977 9849
1767895561207 0.2453390508890152 9859
1767895561942 0.0743904560804367 9869
1767895562677 0.25058361887931824 9879
1767895563412 0.28231266140937805 9889
1767895564146 0.13921748101711273 9899
1767895564882 0.1705244928598404 9909
1767895565618 0.3432280719280243 9919
1767895566351 0.4023899435997009 9929
1767895567087 0.2244158536195755 9939
1767895567822 0.25524279475212097 9949
1767895568557 0.10709897428750992 9959
1767895569294 0.3071994185447693 9969
1767895570028 0.228093221783638 9979
1767895570763 0.3450750708580017 9989
1767895571497 0.2597534954547882 9999
1767895572232 0.2645440995693207 10009
1767895572967 0.12295975536108017 10019
1767895573702 0.1608327031135559 10029
1767895574437 0.22184188663959503 10039
1767895575172 0.31905826926231384 10049
1767895575907 0.576987087726593 10059
1767895576644 0.2263152003288269 10069
1767895577378 0.07095977663993835 10079
1767895583984 0.16872946918010712 10089
1767895584720 0.08812883496284485 10099
1767895585455 0.1724490523338318 10109
1767895586189 0.5454389452934265 10119
1767895586923 0.12031865864992142 10129
1767895587657 0.5379136204719543 10139
1767895588391 0.384541392326355 10149
1767895589125 0.13059844076633453 10159
1767895589859 0.06558239459991455 10169
1767895590592 0.304354190826416 10179
1767895591327 0.4488379657268524 10189
1767895592061 0.23881074786186218 10199
1767895592796 0.26841360330581665 10209
1767895593532 0.13958998024463654 10219
1767895594267 0.07994432002305984 10229
1767895595002 0.11362903565168381 10239
1767895595737 0.1994897872209549 10249
1767895596471 0.42727962136268616 10259
1767895597204 0.24085256457328796 10269
1767895597938 0.4520263075828552 10279
1767895598673 0.33720019459724426 10289
1767895599406 0.1220984235405922 10299
1767895600141 0.08979910612106323 10309
1767895600875 0.1774464249610901 10319
1767895601609 0.3570896089076996 10329
1767895602343 0.16426053643226624 10339
1767895603077 0.3779452443122864 10349
1767895603812 0.37509649991989136 10359
1767895604545 0.1323600560426712 10369
1767895605281 0.2602868974208832 10379
1767895606016 0.16826626658439636 10389
1767895606750 0.3145412802696228 10399
1767895607486 0.11998710036277771 10409
1767895608221 0.3805517554283142 10419
1767895608957 0.23043100535869598 10429
1767895609693 0.15420833230018616 10439
1767895610428 0.17109359800815582 10449
1767895611163 0.38163596391677856 10459
1767895611899 0.30907759070396423 10469
1767895612633 0.13561201095581055 10479
1767895613373 0.22123637795448303 10489
1767895614109 0.20665645599365234 10499
1767895614844 0.144335076212883 10509
1767895615577 0.19449910521507263 10519
1767895616312 0.2346532940864563 10529
1767895617048 0.18208105862140656 10539
1767895617785 0.11821109801530838 10549
1767895618523 0.38906726241111755 10559
1767895619258 0.11582320183515549 10569
1767895619995 0.11824459582567215 10579
1767895620730 0.184958353638649 10589
1767895621464 0.019092824310064316 10599
1767895622201 0.3295561671257019 10609
1767895622937 0.4163445234298706 10619
1767895623674 0.216416597366333 10629
1767895624411 0.20306065678596497 10639
1767895625147 0.2986243665218353 10649
1767895625883 0.16129237413406372 10659
1767895626619 0.20003947615623474 10669
1767895627354 0.11928845942020416 10679
1767895628090 0.21270747482776642 10689
1767895628825 0.24960565567016602 10699
1767895629560 0.25711002945899963 10709
1767895630295 0.31789344549179077 10719
1767895631028 0.5034570693969727 10729
1767895631762 0.37972885370254517 10739
1767895632497 0.35713911056518555 10749
1767895633232 0.0963113009929657 10759
1767895633967 0.2046918421983719 10769
1767895634701 0.09132859110832214 10779
1767895635436 0.3067827820777893 10789
1767895636171 0.38094228506088257 10799
1767895636905 0.1830357164144516 10809
1767895637638 0.5093047022819519 10819
1767895638374 0.10701398551464081 10829
1767895639109 0.40728309750556946 10839
1767895639846 0.4265734851360321 10849
1767895640585 0.1946641504764557 10859
1767895641320 0.27848637104034424 10869
1767895642057 0.35805052518844604 10879
1767895642797 0.39938098192214966 10889
1767895643534 0.27132514119148254 10899
1767895644269 0.20072537660598755 10909
1767895645007 0.3810596466064453 10919
1767895645741 0.4757922887802124 10929
1767895646475 0.16132479906082153 10939
1767895647208 0.21147304773330688 10949
1767895647944 0.1914948970079422 10959
1767895648679 0.2508191764354706 10969
1767895649413 0.29741334915161133 10979
1767895650149 0.16184072196483612 10989
1767895650885 0.033989209681749344 10999
1767895651619 0.1347731649875641 11009
1767895652353 0.4209480881690979 11019
1767895653089 0.3188035488128662 11029
1767895653824 0.23949359357357025 11039
1767895654561 0.4087451696395874 11049
1767895655296 0.1247175931930542 11059
1767895656030 0.344076544046402 11069
1767895656766 0.19486260414123535 11079
1767895657503 0.254265695810318 11089
1767895658240 0.2664124667644501 11099
1767895658978 0.08249913156032562 11109
1767895659712 0.3689577281475067 11119
1767895660447 0.24979877471923828 11129
1767895661183 0.19124211370944977 11139
1767895661916 0.23691117763519287 11149
1767895662651 0.018014682456851006 11159
1767895663387 0.36957746744155884 11169
1767895664122 0.2945381700992584 11179
1767895664858 0.17192187905311584 11189
1767895665592 0.0675041601061821 11199
1767895666328 0.2052861899137497 11209
1767895667062 0.1586228907108307 11219
1767895667796 0.21265281736850739 11229
1767895668531 0.31303131580352783 11239
1767895669269 0.2185075283050537 11249
1767895670005 0.19385886192321777 11259
1767895670740 0.12325679510831833 11269
1767895671474 0.2305213361978531 11279
1767895672206 0.04867082089185715 11289
1767895672941 0.34886404871940613 11299
1767895673677 0.4552821218967438 11309
1767895674412 0.12235942482948303 11319
1767895675148 0.22197675704956055 11329
1767895675883 0.11388426274061203 11339
1767895676616 0.278484046459198 11349
1767895677350 0.17079779505729675 11359
1767895678085 0.17160579562187195 11369
1767895678821 0.15597540140151978 11379
1767895679558 0.134975865483284 11389
1767895680293 0.2548070251941681 11399
1767895681029 0.0696120411157608 11409
1767895681761 0.32913005352020264 11419
1767895682494 0.1524665802717209 11429
1767895683232 0.09513784199953079 11439
1767895683968 0.5172042846679688 11449
1767895684703 0.3313879370689392 11459
1767895685437 0.2419247329235077 11469
1767895686171 0.18118521571159363 11479
1767895686905 0.25665947794914246 11489
1767895687640 0.24187976121902466 11499
1767895688375 0.14093877375125885 11509
1767895689112 0.15772508084774017 11519
1767895695727 0.06741531193256378 11529
1767895696461 0.1360141783952713 11539
1767895697194 0.25331050157546997 11549
1767895697929 0.1370406150817871 11559
1767895698665 0.17286328971385956 11569
1767895699403 0.3100825250148773 11579
1767895700139 0.06169332191348076 11589
1767895700873 0.09371774643659592 11599
1767895701608 0.032011933624744415 11609
1767895702341 0.4686249792575836 11619
1767895703074 0.1473439633846283 11629
1767895703810 0.07338312268257141 11639
1767895704546 0.264989972114563 11649
1767895705281 0.24829427897930145 11659
1767895706016 0.31150752305984497 11669
1767895706749 0.022973306477069855 11679
1767895707482 0.25933411717414856 11689
1767895708216 0.20210477709770203 11699
1767895708952 0.1619504690170288 11709
1767895709687 0.18086501955986023 11719
1767895710420 0.1935569941997528 11729
1767895711156 0.1385032683610916 11739
1767895711889 0.2860671281814575 11749
1767895712623 0.1865110695362091 11759
1767895713358 0.1842537671327591 11769
1767895714093 0.009994606487452984 11779
1767895714827 0.061423759907484055 11789
1767895715564 0.13746318221092224 11799
1767895716298 0.012698046863079071 11809
1767895717030 0.1267489194869995 11819
1767895717765 0.0243130624294281 11829
1767895718501 0.20298755168914795 11839
1767895719237 0.6115709543228149 11849
1767895719972 0.21027491986751556 11859
1767895720708 0.25326597690582275 11869
1767895721443 0.18616445362567902 11879
1767895722178 0.19084353744983673 11889
1767895722912 0.10162922739982605 11899
1767895723649 0.2560622990131378 11909
1767895724382 0.10327672958374023 11919
1767895725118 0.038346968591213226 11929
1767895725854 0.170096755027771 11939
1767895726591 0.18637874722480774 11949
1767895727325 0.19576282799243927 11959
1767895728061 0.03000294230878353 11969
1767895728796 0.07551365345716476 11979
1767895729530 0.383646160364151 11989
1767895730265 0.23046159744262695 11999
1767895731003 0.10727320611476898 12009
1767895731737 0.17786899209022522 12019
1767895732473 0.14736904203891754 12029
1767895733208 0.158418208360672 12039
1767895733946 0.0495334155857563 12049
1767895734683 0.040031302720308304 12059
1767895735417 0.2581585645675659 12069
1767895736160 0.19566896557807922 12079
1767895736897 0.04970436170697212 12089
1767895737633 0.1987471580505371 12099
1767895738367 0.07915704697370529 12109
1767895739103 0.17513541877269745 12119
1767895739836 0.23255835473537445 12129
1767895740572 0.24448098242282867 12139
1767895741306 0.22038234770298004 12149
1767895742043 0.6877046227455139 12159
1767895742776 0.047808825969696045 12169
1767895743510 0.41569069027900696 12179
1767895744246 0.2532159090042114 12189
1767895744981 0.3609985411167145 12199
1767895745713 0.24869349598884583 12209
1767895746448 0.21352694928646088 12219
1767895747181 0.035775844007730484 12229
1767895747916 0.2927492558956146 12239
1767895748652 0.18717315793037415 12249
1767895749387 0.05726524814963341 12259
1767895750121 0.02519514225423336 12269
1767895750857 0.11038707196712494 12279
1767895751593 0.054418839514255524 12289
1767895752332 0.08276289701461792 12299
1767895753066 0.288269579410553 12309
1767895753800 0.05247039720416069 12319
1767895754535 0.11009049415588379 12329
1767895755269 0.08754900842905045 12339
1767895756002 0.4787438213825226 12349
1767895756735 0.11817906051874161 12359
1767895757468 0.21262066066265106 12369
1767895758203 0.03378526121377945 12379
1767895758939 0.39288368821144104 12389
1767895759671 0.13768641650676727 12399
1767895760405 0.054442308843135834 12409
1767895761140 0.4419400990009308 12419
1767895761872 0.21903380751609802 12429
1767895762607 0.1145140752196312 12439
1767895763342 0.0777369812130928 12449
1767895764076 0.09435168653726578 12459
1767895764811 0.19037024676799774 12469
1767895765544 0.34541434049606323 12479
1767895766277 0.22912006080150604 12489
1767895767009 0.20925018191337585 12499
1767895767742 0.41705262660980225 12509
1767895768477 0.3253552317619324 12519
1767895769212 0.5041990876197815 12529
1767895769948 0.08687012642621994 12539
1767895770682 0.1714790314435959 12549
1767895771415 0.3923645615577698 12559
1767895772147 0.12755566835403442 12569
1767895772882 0.04787582904100418 12579
1767895773615 0.3620726764202118 12589
1767895774351 0.16027340292930603 12599
1767895775085 0.20349417626857758 12609
1767895775819 0.0593048557639122 12619
1767895776553 0.07790148258209229 12629
1767895777286 0.0339815653860569 12639
1767895778020 0.3832027316093445 12649
1767895778755 0.14914992451667786 12659
1767895779489 0.33925554156303406 12669
1767895780222 0.2125236839056015 12679
1767895780958 0.24576066434383392 12689
1767895781692 0.04466335102915764 12699
1767895782426 0.0815015658736229 12709
1767895783159 0.13562846183776855 12719
1767895783894 0.16698384284973145 12729
1767895784627 0.07491996884346008 12739
1767895785362 0.13548730313777924 12749
1767895786095 0.17453895509243011 12759
1767895786828 0.3944786787033081 12769
1767895787561 0.08242426067590714 12779
1767895788295 0.10538551956415176 12789
1767895789032 0.143610417842865 12799
1767895789767 0.21523910760879517 12809
1767895790500 0.01558507140725851 12819
1767895791236 0.1199222281575203 12829
1767895791969 0.25197601318359375 12839
1767895792705 0.18628811836242676 12849
1767895793441 0.22528056800365448 12859
1767895794177 0.28473618626594543 12869
1767895794914 0.22371605038642883 12879
1767895795653 0.09693415462970734 12889
1767895796393 0.08706386387348175 12899
1767895797127 0.17553794384002686 12909
1767895797860 0.13326705992221832 12919
1767895798596 0.06546159088611603 12929
1767895799332 0.2655492126941681 12939
1767895800069 0.18800322711467743 12949
1767895800801 0.10805995017290115 12959
1767895807445 0.06806805729866028 12969
1767895808181 0.0481591634452343 12979
1767895808916 0.06550262868404388 12989
1767895809651 0.08706984668970108 12999
1767895810385 0.23126724362373352 13009
1767895811117 0.010237826965749264 13019
1767895811852 0.3973110616207123 13029
1767895812585 0.5203378200531006 13039
1767895813320 0.19751180708408356 13049
1767895814053 0.14227889478206635 13059
1767895814788 0.01006681565195322 13069
1767895815525 0.04046579822897911 13079
1767895816260 0.6242446899414062 13089
1767895816996 0.3255712687969208 13099
1767895817732 0.07566145807504654 13109
1767895818465 0.2502065598964691 13119
1767895819200 0.07179602235555649 13129
1767895819935 0.3089112341403961 13139
1767895820668 0.15786908566951752 13149
1767895821402 0.06121587008237839 13159
1767895822136 0.28260841965675354 13169
1767895822869 0.07935818284749985 13179
1767895823602 0.03000357560813427 13189
1767895824337 0.13057193160057068 13199
1767895825073 0.09070966392755508 13209
1767895825808 0.24140684306621552 13219
1767895826543 0.07984093576669693 13229
1767895827278 0.1535772681236267 13239
1767895828013 0.5840129256248474 13249
1767895828747 0.2831689119338989 13259
1767895829482 0.12322429567575455 13269
1767895830217 0.20173335075378418 13279
1767895830952 0.053241830319166183 13289
1767895831688 0.12608551979064941 13299
1767895832422 0.20628561079502106 13309
1767895833155 0.20954836905002594 13319
1767895833891 0.39311647415161133 13329
1767895834624 0.20303606986999512 13339
1767895835358 0.03849396854639053 13349
1767895836092 0.33273372054100037 13359
1767895836826 0.19587939977645874 13369
1767895837560 0.2127198576927185 13379
1767895838296 0.19954292476177216 13389
1767895839032 0.05922197178006172 13399
1767895839767 0.14581985771656036 13409
1767895840500 0.07253269106149673 13419
1767895841236 0.22714956104755402 13429
1767895841969 0.22317229211330414 13439
1767895842706 0.38094836473464966 13449
1767895843440 0.1261378675699234 13459
1767895844177 0.2161417007446289 13469
1767895844911 0.1945468932390213 13479
1767895845645 0.05708794295787811 13489
1767895846382 0.15987417101860046 13499
1767895847117 0.26881545782089233 13509
1767895847853 0.12334069609642029 13519
1767895848588 0.045439258217811584 13529
1767895849322 0.26411333680152893 13539
1767895850057 0.11095992475748062 13549
1767895850792 0.07415176928043365 13559
1767895851527 0.2706047296524048 13569
1767895852262 0.10242391377687454 13579
1767895852997 0.21885272860527039 13589
1767895853733 0.10664723068475723 13599
1767895854467 0.28895193338394165 13609
1767895855202 0.11690977960824966 13619
1767895855937 0.22236217558383942 13629
1767895856673 0.4711432456970215 13639
1767895857405 0.24754399061203003 13649
1767895858138 0.3565523028373718 13659
1767895858874 0.21273541450500488 13669
1767895859609 0.19535620510578156 13679
1767895860345 0.09284984320402145 13689
1767895861079 0.03929593786597252 13699
1767895861813 0.23895038664340973 13709
1767895862548 0.3625915050506592 13719
1767895863283 0.07514827698469162 13729
1767895864019 0.2846467196941376 13739
1767895864756 0.16127094626426697 13749
1767895865492 0.05420562997460365 13759
1767895866228 0.14918987452983856 13769
1767895866963 0.23822127282619476 13779
1767895867696 0.28583797812461853 13789
1767895868430 0.04566911607980728 13799
1767895869165 0.12556084990501404 13809
1767895869900 0.28555554151535034 13819
1767895870635 0.17573106288909912 13829
1767895871370 0.028316915035247803 13839
1767895872105 0.32323113083839417 13849
1767895872842 0.16783280670642853 13859
1767895873578 0.017222411930561066 13869
1767895874315 0.20438334345817566 13879
1767895875051 0.08390618115663528 13889
1767895875787 0.21737797558307648 13899
1767895876525 0.12656450271606445 13909
1767895877259 0.15840700268745422 13919
1767895877994 0.1795341968536377 13929
1767895878732 0.6189205050468445 13939
1767895879467 0.27284136414527893 13949
1767895880202 0.024529285728931427 13959
1767895880941 0.15479831397533417 13969
1767895881677 0.060034897178411484 13979
1767895882414 0.1529170274734497 13989
1767895883149 0.14746201038360596 13999
1767895883884 0.18616056442260742 14009
1767895884619 0.36698395013809204 14019
1767895885353 0.056285832077264786 14029
1767895886087 0.20478802919387817 14039
1767895886822 0.048211950808763504 14049
1767895887557 0.07609708607196808 14059
1767895888292 0.46467870473861694 14069
1767895889028 0.30318108201026917 14079
1767895889762 0.2337697148323059 14089
1767895890497 0.3000240623950958 14099
1767895891233 0.07895248383283615 14109
1767895891967 0.14018820226192474 14119
1767895892703 0.17470182478427887 14129
1767895893438 0.2078007012605667 14139
1767895894173 0.27092066407203674 14149
1767895894908 0.08391799032688141 14159
1767895895642 0.1728571653366089 14169
1767895896376 0.14295601844787598 14179
1767895897112 0.18687979876995087 14189
1767895897847 0.22851218283176422 14199
1767895898581 0.2636411190032959 14209
1767895899317 0.025796033442020416 14219
1767895900051 0.014707916416227818 14229
1767895900788 0.22702865302562714 14239
1767895901523 0.20480823516845703 14249
1767895902258 0.05519029498100281 14259
1767895902995 0.09619937837123871 14269
1767895903730 0.3971559405326843 14279
1767895904464 0.2756598889827728 14289
1767895905201 0.022984839975833893 14299
1767895905937 0.27616021037101746 14309
1767895906671 0.19800950586795807 14319
1767895907409 0.12961551547050476 14329
1767895908144 0.09619491547346115 14339
1767895908883 0.28879252076148987 14349
1767895909618 0.2235136181116104 14359
1767895910353 0.20873071253299713 14369
1767895911089 0.2039385885000229 14379
1767895911823 0.3166082799434662 14389
1767895912556 0.056777749210596085 14399
1767895919197 0.0759618952870369 14409
1767895919934 0.29409149289131165 14419
1767895920671 0.0632365271449089 14429
1767895921407 0.31975358724594116 14439
1767895922141 0.3281770944595337 14449
1767895922876 0.04594011977314949 14459
1767895923615 0.04136183485388756 14469
1767895924349 0.22044381499290466 14479
1767895925083 0.04052941873669624 14489
1767895925820 0.2045746147632599 14499
1767895926556 0.14020095765590668 14509
1767895927291 0.05345320701599121 14519
1767895928024 0.147388756275177 14529
1767895928759 0.1979449987411499 14539
1767895929497 0.14175927639007568 14549
1767895930232 0.047580745071172714 14559
1767895930967 0.27351757884025574 14569
1767895931703 0.24882666766643524 14579
1767895932438 0.45202481746673584 14589
1767895933174 0.07624265551567078 14599
1767895933910 0.08330836147069931 14609
1767895934645 0.08740442991256714 14619
1767895935380 0.1601649671792984 14629
1767895936115 0.06851016730070114 14639
1767895936850 0.23690111935138702 14649
1767895937585 0.12890756130218506 14659
1767895938323 0.007032065186649561 14669
1767895939057 0.016648227348923683 14679
1767895939793 0.20067767798900604 14689
1767895940528 0.1265859156847 14699
1767895941264 0.2673475444316864 14709
1767895942000 0.4032888412475586 14719
1767895942736 0.11458223313093185 14729
1767895943471 0.13946586847305298 14739
1767895944207 0.11774817854166031 14749
1767895944943 0.0961541086435318 14759
1767895945678 0.0592719241976738 14769
1767895946414 0.031096257269382477 14779
1767895947149 0.16668422520160675 14789
1767895947885 0.03310680389404297 14799
1767895948621 0.0633297935128212 14809
1767895949358 0.12584267556667328 14819
1767895950094 0.11477835476398468 14829
1767895950831 0.05696709081530571 14839
1767895951568 0.1846383810043335 14849
1767895952307 0.10013990104198456 14859
1767895953043 0.22318440675735474 14869
1767895953780 0.11015211045742035 14879
1767895954515 0.20301572978496552 14889
1767895955250 0.11004669219255447 14899
1767895955987 0.07421335577964783 14909
1767895956722 0.08957451581954956 14919
1767895957460 0.06138020381331444 14929
1767895958197 0.08892547339200974 14939
1767895958933 0.0068787699565291405 14949
1767895959669 0.08150707930326462 14959
1767895960406 0.17730796337127686 14969
1767895961143 0.1222752258181572 14979
1767895961880 0.17010152339935303 14989
1767895962616 0.1114765927195549 14999
1767895963352 0.009717143140733242 15009
1767895964090 0.17599701881408691 15019
1767895964826 0.28616708517074585 15029
1767895965562 0.22879882156848907 15039
1767895966298 0.091375932097435 15049
1767895967032 0.26761072874069214 15059
1767895967768 0.0320662222802639 15069
1767895968505 0.07020346820354462 15079
1767895969240 0.07723342627286911 15089
1767895969976 0.11226651817560196 15099
1767895970711 0.07426697760820389 15109
1767895971445 0.013266069814562798 15119
1767895972178 0.004836246836930513 15129
1767895972913 0.1490388810634613 15139
1767895973647 0.25677618384361267 15149
1767895974384 0.08442995697259903 15159
1767895975119 0.17913229763507843 15169
1767895975853 0.18897418677806854 15179
1767895976589 0.15779700875282288 15189
1767895977322 0.34886661171913147 15199
1767895978057 0.14302699267864227 15209
1767895978794 0.2513526380062103 15219
1767895979528 0.2781883776187897 15229
1767895980264 0.17004066705703735 15239
1767895980999 0.16992822289466858 15249
1767895981733 0.1442524641752243 15259
1767895982467 0.18740370869636536 15269
1767895983203 0.0857643336057663 15279
1767895983938 0.14953990280628204 15289
1767895984675 0.03135742247104645 15299
1767895985411 0.18759843707084656 15309
1767895986147 0.2792099416255951 15319
1767895986881 0.0722748339176178 15329
1767895987615 0.16862258315086365 15339
1767895988350 0.1589692384004593 15349
1767895989084 0.09421435743570328 15359
1767895989819 0.2577601671218872 15369
1767895990554 0.09683401882648468 15379
1767895991289 0.1726546585559845 15389
1767895992022 0.107871875166893 15399
1767895992757 0.08272875845432281 15409
1767895993494 0.4087788164615631 15419
1767895994230 0.14988265931606293 15429
1767895994967 0.1498585343360901 15439
1767895995701 0.20816533267498016 15449
1767895996436 0.5330744981765747 15459
1767895997168 0.11303751915693283 15469
1767895997902 0.05198315903544426 15479
1767895998636 0.04642131179571152 15489
1767895999369 0.013278406113386154 15499
1767896000102 0.07273618876934052 15509
1767896000837 0.15918776392936707 15519
1767896001572 0.1304108053445816 15529
1767896002307 0.10787366330623627 15539
1767896003042 0.12326785922050476 15549
1767896003776 0.04352039843797684 15559
1767896004511 0.11130230873823166 15569
1767896005247 0.06531132757663727 15579
1767896005981 0.11089559644460678 15589
1767896006717 0.037814658135175705 15599
1767896007450 0.23069922626018524 15609
1767896008185 0.033698007464408875 15619
1767896008921 0.1430472582578659 15629
1767896009655 0.16582994163036346 15639
1767896010389 0.010464776307344437 15649
1767896011123 0.04187401756644249 15659
1767896011856 0.2156347632408142 15669
1767896012590 0.02566339448094368 15679
1767896013326 0.023891467601060867 15689
1767896014061 0.18504402041435242 15699
1767896014796 0.1863442212343216 15709
1767896015531 0.032509397715330124 15719
1767896016265 0.17464782297611237 15729
1767896016998 0.047436464577913284 15739
1767896017732 0.10151161253452301 15749
1767896018468 0.13328009843826294 15759
1767896019204 0.3377881944179535 15769
1767896019939 0.023764414712786674 15779
1767896020673 0.01786433905363083 15789
1767896021408 0.05911191925406456 15799
1767896022140 0.06618980318307877 15809
1767896022875 0.1230616569519043 15819
1767896023611 0.030459096655249596 15829
1767896024345 0.08317874372005463 15839
1767896031119 0.11549411714076996 15849
1767896031854 0.023357214406132698 15859
1767896032589 0.17135336995124817 15869
1767896033323 0.21519790589809418 15879
1767896034057 0.09735536575317383 15889
1767896034792 0.004039922263473272 15899
1767896035526 0.00813484750688076 15909
1767896036261 0.09131871163845062 15919
1767896036994 0.07016883045434952 15929
1767896037729 0.30350261926651 15939
1767896038467 0.07287144660949707 15949
1767896039203 0.10977765917778015 15959
1767896039939 0.1368313878774643 15969
1767896040677 0.1617952287197113 15979
1767896041414 0.11496137082576752 15989
1767896042148 0.223536416888237 15999
1767896042881 0.1509791761636734 16009
1767896043618 0.25632017850875854 16019
1767896044352 0.06011854112148285 16029
1767896045086 0.009824559092521667 16039
1767896045819 0.2524676024913788 16049
1767896046555 0.11245778948068619 16059
1767896047291 0.19321876764297485 16069
1767896048027 0.16115374863147736 16079
1767896048764 0.015932444483041763 16089
1767896049504 0.06522635370492935 16099
1767896050242 0.26675960421562195 16109
1767896050979 0.062425125390291214 16119
1767896051717 0.17502933740615845 16129
1767896052454 0.14152409136295319 16139
1767896053191 0.09851188212633133 16149
1767896053929 0.03033989854156971 16159
1767896054665 0.18680839240550995 16169
1767896055403 0.1475762575864792 16179
1767896056138 0.3100355863571167 16189
1767896056875 0.3526228666305542 16199
1767896057611 0.07738881558179855 16209
1767896058345 0.040283698588609695 16219
1767896059081 0.09542401134967804 16229
1767896059817 0.09807126969099045 16239
1767896060553 0.17309832572937012 16249
1767896061287 0.14496682584285736 16259
1767896062022 0.18404313921928406 16269
1767896062757 0.10136472433805466 16279
1767896063493 0.036947205662727356 16289
1767896064229 0.11746296286582947 16299
1767896064964 0.10888365656137466 16309
1767896065699 0.08471938222646713 16319
1767896066433 0.07206740230321884 16329
1767896067167 0.03456936776638031 16339
1767896067903 0.03967418521642685 16349
1767896068638 0.246832475066185 16359
1767896069374 0.12065484374761581 16369
1767896070113 0.2066861242055893 16379
1767896070848 0.06872984021902084 16389
1767896071584 0.34103479981422424 16399
1767896072320 0.10488329827785492 16409
1767896073055 0.17166784405708313 16419
1767896073792 0.1904401183128357 16429
1767896074527 0.06847335398197174 16439
1767896075263 0.16594402492046356 16449
1767896075998 0.1564652919769287 16459
1767896076731 0.058704230934381485 16469
1767896077464 0.1831737607717514 16479
1767896078201 0.09591526538133621 16489
1767896078937 0.055974073708057404 16499
1767896079673 0.035196226090192795 16509
1767896080408 0.10381492972373962 16519
1767896081142 0.061853595077991486 16529
1767896081879 0.14298777282238007 16539
1767896082616 0.0508798211812973 16549
1767896083351 0.253768652677536 16559
1767896084088 0.017985252663493156 16569
1767896084821 0.06010282412171364 16579
1767896085554 0.20414778590202332 16589
1767896086293 0.09001895785331726 16599
1767896087030 0.020866019651293755 16609
1767896087764 0.023772137239575386 16619
1767896088499 0.06899245083332062 16629
1767896089233 0.04626230150461197 16639
1767896089969 0.12902534008026123 16649
1767896090703 0.12186267226934433 16659
1767896091436 0.0406595878303051 16669
1767896092171 0.12456630170345306 16679
1767896092906 0.01584925316274166 16689
1767896093640 0.040524356067180634 16699
1767896094376 0.037509068846702576 16709
1767896095110 0.02159758284687996 16719
1767896095844 0.2617744207382202 16729
1767896096580 0.06034412235021591 16739
1767896097314 0.13631954789161682 16749
1767896098048 0.20851288735866547 16759
1767896098783 0.06790868937969208 16769
1767896099517 0.10305798053741455 16779
1767896100257 0.20005223155021667 16789
1767896100991 0.0473000593483448 16799
1767896101728 0.01442644465714693 16809
1767896102464 0.05405855178833008 16819
1767896103200 0.04761568084359169 16829
1767896103936 0.06581735610961914 16839
1767896104672 0.16431371867656708 16849
1767896105409 0.13035203516483307 16859
1767896106144 0.0004673847579397261 16869
1767896106882 0.1443057805299759 16879
1767896107617 0.2564327120780945 16889
1767896108354 0.14536891877651215 16899
1767896109091 0.021624986082315445 16909
1767896109826 0.07514695078134537 16919
1767896110562 0.11170858889818192 16929
1767896111297 0.17263071238994598 16939
1767896112032 0.028954336419701576 16949
1767896112768 0.37725433707237244 16959
1767896113503 0.010494370013475418 16969
1767896114239 0.2371673285961151 16979
1767896114975 0.08153661340475082 16989
1767896115711 0.18146644532680511 16999
1767896116446 0.21833688020706177 17009
1767896117181 0.06479007750749588 17019
1767896117919 0.12282642722129822 17029
1767896118656 0.06984829157590866 17039
1767896119392 0.043516941368579865 17049
1767896120127 0.09128321707248688 17059
1767896120863 0.0007944218814373016 17069
1767896121600 0.08456079661846161 17079
1767896122335 0.17365014553070068 17089
1767896123073 0.26379767060279846 17099
1767896123809 0.1023121178150177 17109
1767896124546 0.040207911282777786 17119
1767896125284 0.004345505032688379 17129
1767896126017 0.05800206959247589 17139
1767896126753 0.04295450076460838 17149
1767896127488 0.063090480864048 17159
1767896128223 0.11920850723981857 17169
1767896128959 0.01317842211574316 17179
1767896129693 0.17868828773498535 17189
1767896130430 0.060519762337207794 17199
1767896131169 0.08884494751691818 17209
1767896131904 0.10479654371738434 17219
1767896132641 0.03530044108629227 17229
1767896133378 0.0702945664525032 17239
1767896134111 0.1333802342414856 17249
1767896134847 0.20174537599086761 17259
1767896135581 0.09248965233564377 17269
1767896136314 0.06012888625264168 17279
1767896142941 0.5072808861732483 17289
1767896143677 0.07719536870718002 17299
1767896144411 0.09788685292005539 17309
1767896145147 0.08583610504865646 17319
1767896145881 0.0767255499958992 17329
1767896146614 0.2273450791835785 17339
1767896147348 0.043324507772922516 17349
1767896148082 0.06577819585800171 17359
1767896148817 0.10089577734470367 17369
1767896149556 0.0765281543135643 17379
1767896150289 0.07644538581371307 17389
1767896151025 0.21285009384155273 17399
1767896151763 0.11576865613460541 17409
1767896152497 0.06540342420339584 17419
1767896153232 0.14490021765232086 17429
1767896153967 0.038882482796907425 17439
1767896154701 0.07013323158025742 17449
1767896155437 0.3623453378677368 17459
1767896156172 0.06669742614030838 17469
1767896156906 0.031599100679159164 17479
1767896157643 0.08742912858724594 17489
1767896158378 0.16818645596504211 17499
1767896159113 0.18042346835136414 17509
1767896159850 0.06848658621311188 17519
1767896160585 0.064309261739254 17529
1767896161321 0.08906197547912598 17539
1767896162056 0.1302955448627472 17549
1767896162791 0.17362093925476074 17559
1767896163527 0.12015983462333679 17569
1767896164264 0.013134143315255642 17579
1767896165000 0.0608779601752758 17589
1767896165736 0.09785827249288559 17599
1767896166471 0.303866982460022 17609
1767896167206 0.13138842582702637 17619
1767896167940 0.10253027081489563 17629
1767896168673 0.06573483347892761 17639
1767896169407 0.08115211129188538 17649
1767896170143 0.004736734088510275 17659
1767896170878 0.20408400893211365 17669
1767896171614 0.008027884177863598 17679
1767896172348 0.22243133187294006 17689
1767896173083 0.21501654386520386 17699
1767896173820 0.004435956943780184 17709
1767896174555 0.24577327072620392 17719
1767896175290 0.2518157958984375 17729
1767896176025 0.025422053411602974 17739
1767896176760 0.0332542285323143 17749
1767896177494 0.08763345330953598 17759
1767896178230 0.11092509329319 17769
1767896178965 0.3068959414958954 17779
1767896179701 0.0833723321557045 17789
1767896180435 0.19365368783473969 17799
1767896181171 0.026475945487618446 17809
1767896181906 0.23394782841205597 17819
1767896182641 0.0183861143887043 17829
1767896183376 0.030152181163430214 17839
1767896184112 0.025735702365636826 17849
1767896184848 0.3214254677295685 17859
1767896185584 0.25037458539009094 17869
1767896186319 0.09955094009637833 17879
1767896187054 0.03456711769104004 17889
1767896187789 0.011802655644714832 17899
1767896188523 0.04016946628689766 17909
1767896189259 0.08564754575490952 17919
1767896189995 0.07331808656454086 17929
1767896190729 0.10145822167396545 17939
1767896191463 0.07839225232601166 17949
1767896192198 0.05054251477122307 17959
1767896192931 0.22367709875106812 17969
1767896193665 0.1369120329618454 17979
1767896194400 0.2091302126646042 17989
1767896195136 0.21098491549491882 17999
1767896195869 0.021381763741374016 18009
1767896196602 0.14988557994365692 18019
1767896197334 0.2090972661972046 18029
1767896198072 0.2301468849182129 18039
1767896198806 0.18272320926189423 18049
1767896199540 0.03092985600233078 18059
1767896200275 0.037857964634895325 18069
1767896201011 0.16786424815654755 18079
1767896201748 0.050080470740795135 18089
1767896202485 0.17357905209064484 18099
1767896203221 0.1787189245223999 18109
1767896203955 0.04609334468841553 18119
1767896204692 0.18110908567905426 18129
1767896205426 0.15106192231178284 18139
1767896206166 0.17553789913654327 18149
1767896206898 0.11226546764373779 18159
1767896207629 0.019143402576446533 18169
1767896208365 0.11709070205688477 18179
1767896209100 0.08463193476200104 18189
1767896209836 0.020670689642429352 18199
1767896210571 0.08030711859464645 18209
1767896211305 0.0229368656873703 18219
1767896212039 0.02063712105154991 18229
1767896212775 0.10079778730869293 18239
1767896213512 0.021174009889364243 18249
1767896214249 0.018746674060821533 18259
1767896214984 0.0630597323179245 18269
1767896215717 0.02626916393637657 18279
1767896216451 0.04131169244647026 18289
1767896217188 0.08094125241041183 18299
1767896217924 0.13637010753154755 18309
1767896218662 0.18550345301628113 18319
1767896219395 0.03054664097726345 18329
1767896220130 0.16783659160137177 18339
1767896220865 0.0540623664855957 18349
1767896221599 0.21753641963005066 18359
1767896222335 0.073921799659729 18369
1767896223070 0.04383992403745651 18379
1767896223805 0.23659594357013702 18389
1767896224542 0.08996572345495224 18399
1767896225277 0.05081192031502724 18409
1767896226012 0.1533425748348236 18419
1767896226749 0.053313083946704865 18429
1767896227484 0.02175293304026127 18439
1767896228218 0.043452098965644836 18449
1767896228954 0.07471376657485962 18459
1767896229689 0.10504445433616638 18469
1767896230425 0.11734578758478165 18479
1767896231163 0.02879098430275917 18489
1767896231899 0.0547245554625988 18499
1767896232635 0.09338447451591492 18509
1767896233369 0.02867286093533039 18519
1767896234104 0.014409439638257027 18529
