1767889780998 6.525022029876709 9
1767889781154 6.122025489807129 19
1767889781310 3.4762213230133057 29
1767889781468 2.8584823608398438 39
1767889781625 3.3006222248077393 49
1767889781780 2.713372230529785 59
1767889781937 2.1577141284942627 69
1767889782094 2.7387053966522217 79
1767889782250 2.436020851135254 89
1767889782409 1.9667361974716187 99
1767889782566 2.1766273975372314 109
1767889782724 1.6428637504577637 119
1767889782879 1.0750336647033691 129
1767889783036 1.4235259294509888 139
1767889783191 1.4921258687973022 149
1767889783346 1.8537516593933105 159
1767889783502 1.1988540887832642 169
1767889783653 2.0920979976654053 179
1767889783804 1.3336156606674194 189
1767889783957 1.8090013265609741 199
1767889784107 1.776153564453125 209
1767889784260 1.2751702070236206 219
1767889784412 1.2048970460891724 229
1767889784565 1.1332184076309204 239
1767889784721 1.9092592000961304 249
1767889784876 1.247997760772705 259
1767889785030 1.1771275997161865 269
1767889785186 1.472299575805664 279
1767889785341 1.020568609237671 289
1767889785493 1.793602466583252 299
1767889785645 1.362851858139038 309
1767889785797 0.9376022219657898 319
1767889785949 1.6083935499191284 329
1767889786101 0.8924168348312378 339
1767889786252 1.0006577968597412 349
1767889786403 1.5893813371658325 359
1767889786555 0.9536895751953125 369
1767889786706 0.9511561393737793 379
1767889786858 0.7011661529541016 389
1767889787011 0.9504330158233643 399
1767889787162 1.1981524229049683 409
1767889787314 1.1178280115127563 419
1767889787468 1.2110100984573364 429
1767889787623 1.9681878089904785 439
1767889787776 1.253687858581543 449
1767889787928 0.9907571077346802 459
1767889788081 1.317132830619812 469
1767889788233 0.9413847923278809 479
1767889788385 1.1490802764892578 489
1767889788538 0.8677111864089966 499
1767889788690 1.2632577419281006 509
1767889788843 1.223319172859192 519
1767889788996 1.3160384893417358 529
1767889789149 0.8250730633735657 539
1767889789302 1.5913546085357666 549
1767889789454 1.3857083320617676 559
1767889789610 1.547057867050171 569
1767889789763 1.133047103881836 579
1767889789915 1.2468323707580566 589
1767889790067 1.074532151222229 599
1767889790218 0.823612630367279 609
1767889790370 0.7412717342376709 619
1767889790521 0.8748306035995483 629
1767889790674 1.2488195896148682 639
1767889790829 1.563514232635498 649
1767889790982 1.1753071546554565 659
1767889791136 1.0561509132385254 669
1767889791288 1.3987220525741577 679
1767889791442 0.4637579619884491 689
1767889791597 1.279987096786499 699
1767889791752 1.3194564580917358 709
1767889791906 1.111574411392212 719
1767889792057 1.5363479852676392 729
1767889792209 1.2677481174468994 739
1767889792361 1.3394638299942017 749
1767889792515 0.7163109183311462 759
1767889792667 0.8717055320739746 769
1767889792819 0.8745124340057373 779
1767889792970 1.4302747249603271 789
1767889793122 0.9519261121749878 799
1767889793274 0.9665530323982239 809
1767889793427 1.1189754009246826 819
1767889793581 0.953277587890625 829
1767889793737 1.3977699279785156 839
1767889793889 1.1148589849472046 849
1767889794040 0.4860590398311615 859
1767889794193 1.123643159866333 869
1767889794346 1.0828335285186768 879
1767889794500 0.7475153803825378 889
1767889794653 1.2107287645339966 899
1767889794806 1.319216251373291 909
1767889794959 0.5323363542556763 919
1767889795111 0.8458190560340881 929
1767889795262 0.8669328093528748 939
1767889795415 0.976795494556427 949
1767889795568 0.741805911064148 959
1767889795724 0.7375211715698242 969
1767889795877 0.42929807305336 979
1767889796031 0.7299333214759827 989
1767889796184 0.5970611572265625 999
1767889796339 0.7819044589996338 1009
1767889796492 1.1089965105056763 1019
1767889796645 1.1027899980545044 1029
1767889796799 0.8830071091651917 1039
1767889796952 1.193783164024353 1049
1767889797107 1.2973464727401733 1059
1767889797259 0.6461598873138428 1069
1767889797413 0.9064329266548157 1079
1767889797567 0.5730354189872742 1089
1767889797723 0.8185722231864929 1099
1767889797877 0.9635277986526489 1109
1767889798032 0.6098608374595642 1119
1767889798186 0.6138589978218079 1129
1767889798340 1.103319525718689 1139
1767889798496 0.8900975584983826 1149
1767889798650 0.8348438143730164 1159
1767889798804 0.8758829236030579 1169
1767889798958 0.6050757169723511 1179
1767889799112 0.9363890886306763 1189
1767889799266 0.6629287004470825 1199
1767889799418 0.809869647026062 1209
1767889799570 0.8535921573638916 1219
1767889799723 0.7984578609466553 1229
1767889799878 0.8400042653083801 1239
1767889800032 0.7202833294868469 1249
1767889800184 0.8578505516052246 1259
1767889800337 0.8150317072868347 1269
1767889800489 0.6724367141723633 1279
1767889800644 0.9004824757575989 1289
1767889800796 0.7734511494636536 1299
1767889800948 1.0317472219467163 1309
1767889801100 0.7139683365821838 1319
1767889801253 0.8819171190261841 1329
1767889801406 1.1157190799713135 1339
1767889801558 0.6042815446853638 1349
1767889801710 0.7533333897590637 1359
1767889801866 0.5459877848625183 1369
1767889802019 1.2797454595565796 1379
1767889802172 0.6220139861106873 1389
1767889802324 0.739151120185852 1399
1767889802478 0.9019182920455933 1409
1767889802630 1.179336667060852 1419
1767889802783 0.856703519821167 1429
1767889802932 0.6449922919273376 1439
1767889805948 1.0112282037734985 1449
1767889806102 0.6782001852989197 1459
1767889806255 0.487556129693985 1469
1767889806409 0.5576366186141968 1479
1767889806565 1.3275173902511597 1489
1767889806719 0.4739774167537689 1499
1767889806873 0.5971735119819641 1509
1767889807027 0.823089599609375 1519
1767889807181 0.8328240513801575 1529
1767889807335 0.7092927098274231 1539
1767889807491 0.6852932572364807 1549
1767889807646 0.5325312614440918 1559
1767889807801 1.1932462453842163 1569
1767889807959 0.5224878787994385 1579
1767889808115 0.762064516544342 1589
1767889808270 0.769344687461853 1599
1767889808425 0.9879422783851624 1609
1767889808578 0.8121435642242432 1619
1767889808734 0.9016639590263367 1629
1767889808888 0.33378538489341736 1639
1767889809042 0.5234004259109497 1649
1767889809197 0.839208722114563 1659
1767889809351 0.5858840942382812 1669
1767889809505 0.8116938471794128 1679
1767889809662 0.6701692938804626 1689
1767889809816 0.9327627420425415 1699
1767889809972 0.5169052481651306 1709
1767889810127 1.3468297719955444 1719
1767889810281 0.6470088958740234 1729
1767889810436 0.39813727140426636 1739
1767889810590 0.8395748734474182 1749
1767889810745 0.607516884803772 1759
1767889810899 0.6489995718002319 1769
1767889811053 1.0322648286819458 1779
1767889811209 1.0677456855773926 1789
1767889811365 1.102006196975708 1799
1767889811521 0.8377290368080139 1809
1767889811673 0.7784309387207031 1819
1767889811826 0.47283080220222473 1829
1767889811982 0.8497222661972046 1839
1767889812136 0.7806013822555542 1849
1767889812289 0.8431329727172852 1859
1767889812443 0.5327075123786926 1869
1767889812598 0.8821440935134888 1879
1767889812751 0.3930257260799408 1889
1767889812907 0.8899294137954712 1899
1767889813061 0.7979075312614441 1909
1767889813218 0.2230519950389862 1919
1767889813374 0.6527109146118164 1929
1767889813531 0.7456626892089844 1939
1767889813688 0.8396010994911194 1949
1767889813845 0.6962578296661377 1959
1767889814004 0.8383367657661438 1969
1767889814160 0.5220414400100708 1979
1767889814315 0.7578826546669006 1989
1767889814468 0.9881979823112488 1999
1767889814622 1.3499747514724731 2009
1767889814776 0.7369571328163147 2019
1767889814930 1.2183948755264282 2029
1767889815085 0.32046210765838623 2039
1767889815240 0.5519505143165588 2049
1767889815396 0.4418908357620239 2059
1767889815553 0.4503746032714844 2069
1767889815708 0.8967820405960083 2079
1767889815863 1.1483792066574097 2089
1767889816021 0.7614549994468689 2099
1767889816178 0.570085883140564 2109
1767889816332 1.6833672523498535 2119
1767889816487 0.7962655425071716 2129
1767889816642 0.3603963255882263 2139
1767889816796 0.8740566968917847 2149
1767889816951 0.8176664710044861 2159
1767889817106 0.927320659160614 2169
1767889817262 0.29703032970428467 2179
1767889817418 0.644923210144043 2189
1767889817574 0.7158149480819702 2199
1767889817729 0.4193912744522095 2209
1767889817884 0.8957944512367249 2219
1767889818041 0.3241705298423767 2229
1767889818198 0.7014773488044739 2239
1767889818354 0.7320849299430847 2249
1767889818510 1.0197328329086304 2259
1767889818665 0.4703340530395508 2269
1767889818821 0.6222726106643677 2279
1767889818975 0.46065592765808105 2289
1767889819131 0.5116882920265198 2299
1767889819285 0.6502348184585571 2309
1767889819438 0.697545051574707 2319
1767889819593 0.6172254085540771 2329
1767889819748 0.41538965702056885 2339
1767889819904 1.1076158285140991 2349
1767889820060 0.832646369934082 2359
1767889820217 0.3314570188522339 2369
1767889820371 0.9200565814971924 2379
1767889820526 0.5478624701499939 2389
1767889820680 0.8082731366157532 2399
1767889820836 0.6699197292327881 2409
1767889820991 0.49532613158226013 2419
1767889821145 0.34040123224258423 2429
1767889821300 0.5323983430862427 2439
1767889821456 1.0576457977294922 2449
1767889821609 0.7226389646530151 2459
1767889821763 0.42272934317588806 2469
1767889821916 0.6952574253082275 2479
1767889822070 0.5418573021888733 2489
1767889822226 0.8409168720245361 2499
1767889822380 0.6351190805435181 2509
1767889822535 0.6481677293777466 2519
1767889822689 0.6575794816017151 2529
1767889822844 0.5743183493614197 2539
1767889822999 0.7281370162963867 2549
1767889823152 0.5518906712532043 2559
1767889823306 0.7482739090919495 2569
1767889823460 0.695786714553833 2579
1767889823617 0.49326092004776 2589
1767889823773 0.47155019640922546 2599
1767889823928 0.6562696099281311 2609
1767889824085 0.4081273078918457 2619
1767889824242 0.9500207901000977 2629
1767889824396 0.36360102891921997 2639
1767889824551 0.6981714963912964 2649
1767889824705 0.62198406457901 2659
1767889824858 0.48248136043548584 2669
1767889825012 1.043602466583252 2679
1767889825166 0.42805126309394836 2689
1767889825320 0.8418487310409546 2699
1767889825474 0.8155403137207031 2709
1767889825628 0.719916820526123 2719
1767889825784 0.5283069610595703 2729
1767889825937 0.8501554727554321 2739
1767889826091 0.3151477873325348 2749
1767889826247 0.6932511925697327 2759
1767889826401 0.6193251013755798 2769
1767889826556 0.48396623134613037 2779
1767889826710 0.32897695899009705 2789
1767889826864 0.6790022253990173 2799
1767889827018 0.5970746874809265 2809
1767889827173 0.47849568724632263 2819
1767889827328 0.8796201944351196 2829
1767889827485 0.7253456711769104 2839
1767889827639 0.9037656784057617 2849
1767889827794 0.4994979798793793 2859
1767889827949 0.525979220867157 2869
1767889828103 0.32609450817108154 2879
1767889831024 0.7661270499229431 2889
1767889831177 0.5585116147994995 2899
1767889831330 1.2084611654281616 2909
1767889831485 0.5248792767524719 2919
1767889831639 0.4307605028152466 2929
1767889831793 0.38266366720199585 2939
1767889831947 0.18530838191509247 2949
1767889832103 0.6345428228378296 2959
1767889832257 0.4975745379924774 2969
1767889832413 0.43687084317207336 2979
1767889832567 0.33101874589920044 2989
1767889832721 0.5041433572769165 2999
1767889832875 0.3133772313594818 3009
1767889833031 0.8658466339111328 3019
1767889833186 0.31267571449279785 3029
1767889833340 0.7522169947624207 3039
1767889833496 0.7048095464706421 3049
1767889833650 0.5765714049339294 3059
1767889833803 0.7451564073562622 3069
1767889833957 0.9624207615852356 3079
1767889834110 0.8220540285110474 3089
1767889834263 0.3574994206428528 3099
1767889834422 0.4022558629512787 3109
1767889834578 0.4718824625015259 3119
1767889834731 0.3743634819984436 3129
1767889834883 0.30446872115135193 3139
1767889835036 0.3520714044570923 3149
1767889835190 0.48486068844795227 3159
1767889835344 0.5399475693702698 3169
1767889835498 0.6111749410629272 3179
1767889835652 0.6288813352584839 3189
1767889835808 0.7456331253051758 3199
1767889835967 0.4293568432331085 3209
1767889836127 0.5871815085411072 3219
1767889836285 0.8567461371421814 3229
1767889836447 0.3794822692871094 3239
1767889836606 0.5310238599777222 3249
1767889836764 0.7632479071617126 3259
1767889836923 0.4521607458591461 3269
1767889837081 0.31762394309043884 3279
1767889837240 1.1653711795806885 3289
1767889837401 1.0643757581710815 3299
1767889837559 0.513433039188385 3309
1767889837718 0.5585020780563354 3319
1767889837876 0.46743491291999817 3329
1767889838035 0.5323953628540039 3339
1767889838194 0.8373228907585144 3349
1767889838352 0.9391730427742004 3359
1767889838511 0.71500164270401 3369
1767889838665 0.8406667113304138 3379
1767889838818 0.38201087713241577 3389
1767889838973 0.29827016592025757 3399
1767889839129 0.804030179977417 3409
1767889839282 1.0630207061767578 3419
1767889839435 0.7528257369995117 3429
1767889839589 0.4985261559486389 3439
1767889839742 0.501588761806488 3449
1767889839895 0.677946925163269 3459
1767889840048 0.5645679235458374 3469
1767889840202 0.5111650824546814 3479
1767889840355 0.5354111194610596 3489
1767889840511 0.5901812314987183 3499
1767889840666 0.43443480134010315 3509
1767889840820 0.45792272686958313 3519
1767889840973 0.18772991001605988 3529
1767889841126 0.6757814884185791 3539
1767889841281 0.5884262919425964 3549
1767889841435 0.6367165446281433 3559
1767889841590 0.21958915889263153 3569
1767889841744 0.6159427165985107 3579
1767889841898 0.5834884643554688 3589
1767889842051 0.5798881649971008 3599
1767889842203 0.6615056991577148 3609
1767889842356 0.5759392380714417 3619
1767889842515 0.7147663831710815 3629
1767889842669 0.6932292580604553 3639
1767889899378 0.32356083393096924 3649
1767889899532 0.5818650722503662 3659
1767889899686 0.5102141499519348 3669
1767889899841 0.364431232213974 3679
1767889899995 0.4040226638317108 3689
1767889900151 0.4147927761077881 3699
1767889900304 0.3986434042453766 3709
1767889900459 0.6593809127807617 3719
1767889900612 0.19697138667106628 3729
1767889900766 0.4630625545978546 3739
1767889900920 0.4645560383796692 3749
1767889901076 0.31036490201950073 3759
1767889901230 0.8360307216644287 3769
1767889901383 0.659770131111145 3779
1767889901533 0.8370236158370972 3789
1767889901683 0.7199085354804993 3799
1767889901833 0.2405550479888916 3809
1767889901984 0.7289369106292725 3819
1767889959412 0.6219354867935181 3829
1767889959566 0.46815940737724304 3839
1767889959722 0.7560709714889526 3849
1767889959880 0.6146668791770935 3859
1767889960034 0.46307310461997986 3869
1767889960188 0.8350951671600342 3879
1767889960341 0.1259099394083023 3889
1767889960494 0.6098655462265015 3899
1767889960646 0.3708846867084503 3909
1767889960798 0.711878776550293 3919
1767889960951 0.3386639654636383 3929
1767889961103 0.4891773760318756 3939
1767889961256 0.330342561006546 3949
1767889961410 0.39928847551345825 3959
1767889961562 0.46374568343162537 3969
1767889961714 0.3863888382911682 3979
1767889961869 0.2461853325366974 3989
1767889962020 0.8405506610870361 3999
1767890019348 0.41195452213287354 4009
1767890019508 0.35001784563064575 4019
1767890019662 0.49181249737739563 4029
1767890019816 0.684132993221283 4039
1767890019970 0.3014468252658844 4049
1767890020124 0.3868560791015625 4059
1767890020278 0.5035438537597656 4069
1767890020433 0.32701167464256287 4079
1767890020585 1.1017264127731323 4089
1767890020738 0.9361371994018555 4099
1767890020891 0.45796483755111694 4109
1767890021045 0.48764684796333313 4119
1767890021200 0.7052757143974304 4129
1767890021355 0.3026488721370697 4139
1767890021513 0.3901875913143158 4149
1767890021665 0.6912875175476074 4159
1767890021818 0.34356117248535156 4169
1767890021969 0.4379236400127411 4179
1767890079289 0.7442610859870911 4189
1767890079452 0.7271395921707153 4199
1767890079605 0.3407599925994873 4209
1767890079759 0.37077319622039795 4219
1767890079912 0.5252808928489685 4229
1767890080066 0.27382034063339233 4239
1767890080220 0.41781553626060486 4249
1767890080374 0.525061309337616 4259
1767890080526 1.013399362564087 4269
1767890080679 0.5664600729942322 4279
1767890080832 0.23167012631893158 4289
1767890080985 0.4956507086753845 4299
1767890081138 0.4773316979408264 4309
1767890081292 0.28172996640205383 4319
1767890320064 0.3994976282119751 4329
1767890320215 0.09182887524366379 4339
1767890320366 0.3559505343437195 4349
1767890320519 0.8719961643218994 4359
1767890379332 0.47977858781814575 4369
1767890379487 0.6571498513221741 4379
1767890379641 0.613387942314148 4389
1767890379802 0.48064538836479187 4399
1767890379955 1.0600285530090332 4409
1767890380107 0.310040146112442 4419
1767890380260 0.265635222196579 4429
1767890380415 0.6098135709762573 4439
1767890380569 0.41784653067588806 4449
1767890380722 0.2506905794143677 4459
1767890380876 0.7816672921180725 4469
1767890381030 0.4730815291404724 4479
1767890381184 0.8439376354217529 4489
1767890381337 0.8434483408927917 4499
1767890381490 0.4085354506969452 4509
1767890381642 0.3307564854621887 4519
1767890381797 0.5771198868751526 4529
1767890381948 0.3428647220134735 4539
1767890439334 0.5266697406768799 4549
1767890439488 0.6777923703193665 4559
1767890439640 0.8997691869735718 4569
1767890439792 0.8044722080230713 4579
1767890439945 0.2268296778202057 4589
1767890440097 0.7554801106452942 4599
1767890440250 0.6892012357711792 4609
1767890440403 0.34618079662323 4619
1767890440555 0.27376437187194824 4629
1767890440708 0.6261962652206421 4639
1767890440860 0.5132286548614502 4649
1767890441014 0.21309007704257965 4659
1767890441167 0.3512312173843384 4669
1767890441320 0.3209655284881592 4679
1767890441474 0.5278136134147644 4689
1767890441623 0.273399293422699 4699
1767890441772 0.40211501717567444 4709
1767890441921 0.266780287027359 4719
1767890499328 0.24217677116394043 4729
1767890499481 0.5030643343925476 4739
1767890499631 0.24988572299480438 4749
1767890499782 0.4383464753627777 4759
1767890499933 0.3793390691280365 4769
1767890500085 0.33528754115104675 4779
1767890500237 0.2824595272541046 4789
1767890500391 0.2884375751018524 4799
1767890500543 0.8516851663589478 4809
1767890500694 0.5289852023124695 4819
1767890500845 0.5643239617347717 4829
1767890500997 0.2245291918516159 4839
1767890501151 0.46877989172935486 4849
1767890501302 0.18921341001987457 4859
1767890501460 0.36698341369628906 4869
1767890501609 0.29633092880249023 4879
1767890501759 0.373136430978775 4889
1767890501907 0.2112247794866562 4899
1767890502056 0.3918062150478363 4909
1767890559467 0.34432128071784973 4919
1767890559620 0.49974939227104187 4929
1767890559774 0.42638152837753296 4939
1767890559927 0.27108368277549744 4949
1767890560081 0.7514724731445312 4959
1767890560235 0.6051240563392639 4969
1767890560389 0.5510939955711365 4979
1767890560545 0.24582204222679138 4989
1767890560700 0.07393473386764526 4999
1767890560856 0.40623122453689575 5009
1767890561011 0.42002126574516296 5019
1767890561166 0.24700309336185455 5029
1767890561320 0.4434616267681122 5039
1767890561474 0.3918818533420563 5049
1767890561628 0.49269652366638184 5059
1767890561780 0.5394296050071716 5069
1767890561933 0.47945570945739746 5079
1767890562084 0.14550568163394928 5089
1767890619424 0.7171387076377869 5099
1767890619578 0.46096083521842957 5109
1767890619732 0.20568692684173584 5119
1767890619886 0.3325120508670807 5129
1767890620039 0.25245213508605957 5139
1767890620193 0.2922036349773407 5149
1767890620347 0.49065855145454407 5159
1767890620503 0.635604202747345 5169
1767890620654 0.3928360044956207 5179
1767890620806 0.22300967574119568 5189
1767890620957 0.3432832956314087 5199
1767890621109 0.38246360421180725 5209
1767890621260 0.6944001317024231 5219
1767890621412 0.40007567405700684 5229
1767890621563 0.4099757969379425 5239
1767890621715 0.47242867946624756 5249
1767890621867 0.44959399104118347 5259
1767890622019 0.36834487318992615 5269
1767890679484 0.5405955910682678 5279
1767890679639 0.12691694498062134 5289
1767890679794 0.43568071722984314 5299
1767890679950 0.4276549518108368 5309
1767890680106 1.0210840702056885 5319
1767890680261 0.18794867396354675 5329
1767890680416 0.8066233396530151 5339
1767890680572 0.9418104290962219 5349
1767890680727 0.3561624586582184 5359
1767890680881 0.09855595976114273 5369
1767890681036 0.6333169341087341 5379
1767890681190 0.29751887917518616 5389
1767890681343 0.3355022072792053 5399
1767890681494 0.5175405144691467 5409
1767890681643 0.7488641738891602 5419
1767890681792 0.6332337856292725 5429
1767890681941 0.39730507135391235 5439
1767890682091 0.4471766948699951 5449
1767890739386 0.4931198060512543 5459
1767890739538 0.3042002320289612 5469
1767890739689 0.4058903157711029 5479
1767890739846 0.5914498567581177 5489
1767890740001 1.2417274713516235 5499
1767890740155 0.5471423268318176 5509
1767890740309 1.0509727001190186 5519
1767890740465 0.19374820590019226 5529
1767890740619 0.9804258346557617 5539
1767890740773 0.42268744111061096 5549
1767890740926 0.2944122552871704 5559
1767890741081 0.27344274520874023 5569
1767890741234 0.243982195854187 5579
1767890741388 0.09909507632255554 5589
1767890741541 0.4019743502140045 5599
1767890741693 0.3653680980205536 5609
1767890741847 0.6356734037399292 5619
1767890741999 0.5357389450073242 5629
1767890799373 0.1321510672569275 5639
1767890799530 0.4081431031227112 5649
1767890799683 0.48341047763824463 5659
1767890799836 0.6291294097900391 5669
1767890799987 0.4197651445865631 5679
1767890800139 0.33193907141685486 5689
1767890800290 0.5690228939056396 5699
1767890800443 0.1764805167913437 5709
1767890800595 0.6142427921295166 5719
1767890800748 0.4508310556411743 5729
1767890800901 0.2858211398124695 5739
1767890801055 0.7671441435813904 5749
1767890801206 0.28146541118621826 5759
1767891040063 0.6035303473472595 5769
1767891040217 0.5053815841674805 5779
1767891040372 0.658324122428894 5789
1767891040526 0.231223464012146 5799
1767891040678 0.4162741005420685 5809
1767891099398 0.4183206856250763 5819
1767891099554 0.4694182872772217 5829
1767891099709 0.23490874469280243 5839
1767891099863 0.38735124468803406 5849
1767891100020 0.43127700686454773 5859
1767891100175 0.3882898986339569 5869
1767891100329 0.1376236528158188 5879
1767891100483 0.49832168221473694 5889
1767891100637 0.7576155662536621 5899
1767891100791 0.1947455108165741 5909
1767891100945 0.5358606576919556 5919
1767891101099 0.4477001130580902 5929
1767891101253 0.3530711233615875 5939
1767891101407 0.3466218411922455 5949
1767891101560 0.47967100143432617 5959
1767891101713 0.0879199206829071 5969
1767891101866 0.6365776062011719 5979
1767891102020 0.26886823773384094 5989
1767891159386 0.3542742133140564 5999
1767891159539 0.3795223832130432 6009
1767891159698 0.30783918499946594 6019
1767891159855 0.44541046023368835 6029
1767891160012 0.2004479616880417 6039
1767891160169 0.7008309960365295 6049
1767891160326 0.2910897135734558 6059
1767891160484 0.2170645296573639 6069
1767891160641 0.41860923171043396 6079
1767891160798 0.7840048670768738 6089
1767891160955 0.36838483810424805 6099
1767891161114 0.37571433186531067 6109
1767891161271 0.20622290670871735 6119
1767891161428 0.38615402579307556 6129
1767891161585 0.610784113407135 6139
1767891161743 0.5867201685905457 6149
1767891161899 0.48239946365356445 6159
1767891162054 0.46984171867370605 6169
1767891219356 0.34887969493865967 6179
1767891219509 0.5315371751785278 6189
1767891219662 0.4630836844444275 6199
1767891219816 0.26544487476348877 6209
1767891219970 0.3411216735839844 6219
1767891220124 0.2435610145330429 6229
1767891220278 0.4697173237800598 6239
1767891220433 0.46845743060112 6249
1767891220587 0.4125831425189972 6259
1767891220742 0.5734656453132629 6269
1767891220896 0.33325833082199097 6279
1767891221050 0.33593252301216125 6289
1767891221205 0.2364351600408554 6299
1767891221361 0.43688341975212097 6309
1767891221511 0.4121265709400177 6319
1767891221660 0.38684120774269104 6329
1767891221810 0.5079026222229004 6339
1767891221959 0.7112070322036743 6349
1767891279341 0.4785885512828827 6359
1767891279493 0.5624279379844666 6369
1767891279645 0.25246256589889526 6379
1767891279797 0.31299328804016113 6389
1767891279949 0.14111390709877014 6399
1767891280101 0.1820901781320572 6409
1767891280253 0.5293535590171814 6419
1767891280406 0.4041951298713684 6429
1767891280558 0.394591748714447 6439
1767891280710 0.2632472813129425 6449
1767891280862 0.19896754622459412 6459
1767891281014 1.1049717664718628 6469
1767891281170 0.516399085521698 6479
1767891281321 0.21958713233470917 6489
1767891281472 0.1560726761817932 6499
1767891281622 0.4964348077774048 6509
1767891281772 0.6024187803268433 6519
1767891281922 0.4866825342178345 6529
1767891339309 0.256379634141922 6539
1767891339470 0.08660569787025452 6549
1767891339623 0.346201628446579 6559
1767891339776 0.38773229718208313 6569
1767891339929 0.31614619493484497 6579
1767891340081 0.3753306567668915 6589
1767891340233 0.24150434136390686 6599
1767891340387 0.7103272080421448 6609
1767891340539 0.286883145570755 6619
1767891340691 0.18077124655246735 6629
1767891340857 0.37630054354667664 6639
1767891341011 0.26814696192741394 6649
1767891341164 0.07197755575180054 6659
1767891341317 0.2713061571121216 6669
1767891341470 0.6017485857009888 6679
1767891341623 0.2793869078159332 6689
1767891341776 0.4687210023403168 6699
1767891341929 0.5878778696060181 6709
1767891399316 0.5988068580627441 6719
1767891399477 0.25860413908958435 6729
1767891399630 0.405291885137558 6739
1767891399783 0.21261318027973175 6749
1767891399934 0.21054710447788239 6759
1767891400084 0.7970751523971558 6769
1767891400235 0.18298430740833282 6779
1767891400386 0.4569334387779236 6789
1767891400540 0.48284628987312317 6799
1767891400691 0.6081519722938538 6809
1767891400842 0.6536224484443665 6819
1767891400994 0.5110013484954834 6829
1767891401145 0.3543727397918701 6839
1767891401296 0.18043112754821777 6849
1767891401447 0.4993501901626587 6859
1767891401597 0.5808659791946411 6869
1767891401747 0.36432409286499023 6879
1767891401896 0.4722835421562195 6889
1767891402046 0.24375304579734802 6899
1767891459428 0.4953517019748688 6909
1767891459580 0.24538715183734894 6919
1767891459732 0.28528815507888794 6929
1767891459884 0.4227999150753021 6939
1767891460036 0.3750269114971161 6949
1767891460191 0.4388365149497986 6959
1767891460344 0.41576430201530457 6969
1767891460496 0.40341487526893616 6979
1767891460648 0.654766321182251 6989
1767891460800 0.28015556931495667 6999
1767891460952 0.42902156710624695 7009
1767891461103 0.5367535948753357 7019
1767891461255 0.638526201248169 7029
1767891461405 0.1583603471517563 7039
1767891461553 0.23827354609966278 7049
1767891461702 0.27920204401016235 7059
1767891461852 0.6398912668228149 7069
1767891462001 0.36791300773620605 7079
1767891519402 0.659109890460968 7089
1767891519553 0.1832554191350937 7099
1767891519705 0.08890234678983688 7109
1767891519867 0.1676350235939026 7119
1767891520020 0.3351505696773529 7129
1767891520172 0.3519604504108429 7139
1767891520326 0.571197509765625 7149
1767891520478 0.5362799763679504 7159
1767891520631 0.4143756628036499 7169
1767891520783 0.37434181571006775 7179
1767891520935 0.7993646264076233 7189
1767891521086 0.558996856212616 7199
1767891759966 0.2405385971069336 7209
1767891760119 0.23194798827171326 7219
1767891760272 0.12738651037216187 7229
1767891760426 0.5606705546379089 7239
1767891760582 0.6569257378578186 7249
1767891760732 0.08653811365365982 7259
1767891819457 0.3518301248550415 7269
1767891819611 0.32388782501220703 7279
1767891819765 0.5722198486328125 7289
1767891819920 0.25769034028053284 7299
1767891820074 0.33269134163856506 7309
1767891820228 0.42706236243247986 7319
1767891820385 0.7182746529579163 7329
1767891820538 0.2341713309288025 7339
1767891820691 0.5157962441444397 7349
1767891820845 0.2558706998825073 7359
1767891820997 0.29281777143478394 7369
1767891821150 0.411379873752594 7379
1767891821304 0.44603094458580017 7389
1767891821457 0.5925159454345703 7399
1767891821609 0.4454716145992279 7409
1767891821762 0.11220460385084152 7419
1767891821915 0.25175169110298157 7429
1767891822068 0.25551944971084595 7439
1767891879424 0.599308967590332 7449
1767891879576 0.26599717140197754 7459
1767891879728 0.30114835500717163 7469
1767891879881 0.07477033138275146 7479
1767891880038 0.3185141682624817 7489
1767891880191 0.15788811445236206 7499
1767891880346 0.127212792634964 7509
1767891880499 0.527495265007019 7519
1767891880652 0.4380561113357544 7529
1767891880805 0.4315740168094635 7539
1767891880958 0.33566802740097046 7549
1767891881111 0.4530543088912964 7559
1767891881264 0.3348935544490814 7569
1767891881418 0.4308687448501587 7579
1767891881572 0.35144153237342834 7589
1767891881725 0.2973685562610626 7599
1767891881878 0.3497423231601715 7609
1767891882033 0.44076764583587646 7619
1767891939422 0.3250623345375061 7629
1767891939576 0.5522014498710632 7639
1767891939731 0.5578014850616455 7649
1767891939886 0.35514920949935913 7659
1767891940040 0.356401652097702 7669
1767891940195 0.3699168562889099 7679
1767891940350 0.4576181173324585 7689
1767891940506 0.23034906387329102 7699
1767891940661 0.20768138766288757 7709
1767891940815 0.4668537378311157 7719
1767891940971 0.255638986825943 7729
1767891941128 0.46177518367767334 7739
1767891941283 0.48224666714668274 7749
1767891941437 0.33125659823417664 7759
1767891941590 0.24255965650081635 7769
1767891941747 0.5494231581687927 7779
1767891941900 0.5098613500595093 7789
1767891942053 0.21389073133468628 7799
1767891966535 0.17623813450336456 7809
1767891966692 0.5858952403068542 7819
1767891966850 0.4236059784889221 7829
1767891967005 0.2792949378490448 7839
1767891967162 0.686926007270813 7849
1767891967319 0.36153438687324524 7859
1767891967475 0.21178069710731506 7869
1767891967631 0.3577100932598114 7879
1767891967786 0.44620710611343384 7889
1767891967941 0.4695911407470703 7899
1767891968097 0.472380131483078 7909
1767891968251 0.30715039372444153 7919
1767891968409 0.41534334421157837 7929
1767891968566 0.11279770731925964 7939
1767891968721 0.23714549839496613 7949
1767891968877 0.154954195022583 7959
1767891969033 0.5147939324378967 7969
1767891969189 0.4239595830440521 7979
1767891969345 0.2674732804298401 7989
1767891969501 0.6775137782096863 7999
1767891969658 0.18502232432365417 8009
1767891969813 0.09352858364582062 8019
1767891969969 0.38859373331069946 8029
1767891970125 0.44445833563804626 8039
1767891970283 0.15857070684432983 8049
1767891970440 0.7744705677032471 8059
1767891970594 0.03543237969279289 8069
1767891970747 0.5316983461380005 8079
1767891970902 0.4226413369178772 8089
1767891971056 0.3616873323917389 8099
1767891971209 0.37002989649772644 8109
1767891971363 0.3289054036140442 8119
1767891971518 0.2880932688713074 8129
1767891971673 0.25871044397354126 8139
1767891971828 0.26394835114479065 8149
1767891971985 0.3060479164123535 8159
1767891972142 0.16696186363697052 8169
1767891972298 0.3964105546474457 8179
1767891972458 0.1406772881746292 8189
1767891972614 0.176205113530159 8199
1767891972767 0.6677827835083008 8209
1767891972922 0.18444111943244934 8219
1767891973076 0.4068621098995209 8229
1767891973231 0.5327755808830261 8239
1767891973385 0.9262699484825134 8249
1767891973540 0.33999472856521606 8259
1767891973694 0.29240360856056213 8269
1767891973848 0.4686252474784851 8279
1767891974003 0.40661224722862244 8289
1767891974157 0.5371595025062561 8299
1767891974311 0.26350605487823486 8309
1767891974465 0.5400737524032593 8319
1767891974622 0.28149542212486267 8329
1767891974775 0.11642907559871674 8339
1767891974930 0.17163808643817902 8349
1767891975084 0.453701376914978 8359
1767891975240 0.28508660197257996 8369
1767891975394 1.0920603275299072 8379
1767891975549 0.1516261249780655 8389
1767891975704 0.1978137046098709 8399
1767891975861 0.375752329826355 8409
1767891976016 0.5058258175849915 8419
1767891976171 0.4091602861881256 8429
1767891976325 0.12388667464256287 8439
1767891976480 0.4079206883907318 8449
1767891976636 0.25573810935020447 8459
1767891976791 0.48935848474502563 8469
1767891976947 0.524442195892334 8479
1767891977101 0.4996318817138672 8489
1767891977256 0.608320415019989 8499
1767891977410 0.5697402358055115 8509
1767891977567 0.38278651237487793 8519
1767891977722 0.25536441802978516 8529
1767891977878 0.080503910779953 8539
1767891978032 0.5104332566261292 8549
1767891978188 0.1919403076171875 8559
1767891978344 0.1454939991235733 8569
1767891978500 0.11010638624429703 8579
1767891978658 0.21112142503261566 8589
1767891978814 0.19980870187282562 8599
1767891978970 0.6782549619674683 8609
1767891979126 0.6464492678642273 8619
1767891979281 0.07229740172624588 8629
1767891979434 0.320745587348938 8639
1767891982350 0.6584980487823486 8649
1767891982506 0.21977676451206207 8659
1767891982665 0.09701519459486008 8669
1767891982821 0.9225379824638367 8679
1767891982976 0.3648684322834015 8689
1767891983130 0.1766190230846405 8699
1767891983285 0.2571452856063843 8709
1767891983439 0.34797021746635437 8719
1767891983595 0.17367957532405853 8729
1767891983748 0.41418421268463135 8739
1767891983902 0.1651260405778885 8749
1767891984057 0.12410902976989746 8759
1767891984211 0.31592097878456116 8769
1767891984365 0.48030269145965576 8779
1767891984520 0.10079637169837952 8789
1767891984677 0.29056641459465027 8799
1767891984831 0.1973714381456375 8809
1767891984986 0.1568252444267273 8819
1767891985140 0.4490756094455719 8829
1767891985293 0.45329779386520386 8839
1767891985448 0.27434587478637695 8849
1767891985602 0.324553906917572 8859
1767891985757 0.5379554629325867 8869
1767891985912 0.10649815201759338 8879
1767891986067 0.21338029205799103 8889
1767891986221 0.6954525709152222 8899
1767891986375 0.2716352641582489 8909
1767891986530 0.2775798738002777 8919
1767891986686 0.42557165026664734 8929
1767891986842 0.7874001860618591 8939
1767891986997 0.633819043636322 8949
1767891987150 0.45409125089645386 8959
1767891987303 0.26994118094444275 8969
1767891987459 0.25035810470581055 8979
1767891987613 0.5060421824455261 8989
1767891987766 0.28276148438453674 8999
1767891987920 0.3650877773761749 9009
1767891988073 0.3042800724506378 9019
1767891988227 0.2824546992778778 9029
1767891988381 0.21511316299438477 9039
1767891988536 0.30066925287246704 9049
1767891988689 0.2613402009010315 9059
1767891988846 0.34677767753601074 9069
1767891989000 0.3473930358886719 9079
1767891989154 0.6565839052200317 9089
1767891989308 0.3402143120765686 9099
1767891989463 0.4222192168235779 9109
1767891989618 0.42926153540611267 9119
1767891989773 0.17024049162864685 9129
1767891989928 0.15107688307762146 9139
1767891990082 0.5063064098358154 9149
1767891990236 0.1904567927122116 9159
1767891990390 0.14690054953098297 9169
1767891990545 0.21380440890789032 9179
1767891990701 0.4111557602882385 9189
1767891990858 0.08206412941217422 9199
1767891991014 0.13609939813613892 9209
1767891991169 0.13306359946727753 9219
1767891991323 0.2805996239185333 9229
1767891991478 0.36098143458366394 9239
1767891991633 0.12652641534805298 9249
1767891991788 0.1750294417142868 9259
1767891991945 0.3041034936904907 9269
1767891992101 0.12850582599639893 9279
1767891992256 0.3298116624355316 9289
1767891992409 0.4949375092983246 9299
1767891992565 0.30649638175964355 9309
1767891992718 0.3229893445968628 9319
1767891992873 0.49861353635787964 9329
1767891993029 0.2756672203540802 9339
1767891993183 0.22798117995262146 9349
1767891993339 0.37772437930107117 9359
1767891993495 0.5689215064048767 9369
1767891993650 0.1619425117969513 9379
1767891993804 0.10638588666915894 9389
1767891993958 0.3051151633262634 9399
1767891994112 0.43742820620536804 9409
1767891994267 0.2746535539627075 9419
1767891994422 0.16882255673408508 9429
1767891994576 0.2918276786804199 9439
1767891994731 0.4407223165035248 9449
1767891994895 0.19428281486034393 9459
1767891995049 0.09919141232967377 9469
1767891995202 0.4652828872203827 9479
1767891995357 0.12377525866031647 9489
1767891995511 0.11239714175462723 9499
1767891995664 0.6003066897392273 9509
1767891995818 0.3466087579727173 9519
1767891995972 0.2337963879108429 9529
1767891996125 0.3882561922073364 9539
1767891996278 0.5296680927276611 9549
1767891996431 0.3251950144767761 9559
1767891996584 0.18761193752288818 9569
1767891996736 0.4219750165939331 9579
1767891996890 0.44122564792633057 9589
1767891997046 0.3816566467285156 9599
1767891997199 0.43267297744750977 9609
1767891997353 0.20436151325702667 9619
1767891997509 0.3438107371330261 9629
1767891997663 0.32107028365135193 9639
1767891997818 0.15014275908470154 9649
1767891997973 0.09296169877052307 9659
1767891998126 0.6178698539733887 9669
1767891998279 0.16144414246082306 9679
1767891998433 0.10906419157981873 9689
1767891998587 0.0643065795302391 9699
1767891998742 0.29708340764045715 9709
1767891998896 0.18443143367767334 9719
1767891999053 0.43555015325546265 9729
1767891999206 0.3347741663455963 9739
1767891999360 0.6498384475708008 9749
1767891999515 0.4121651351451874 9759
1767891999670 0.4691265821456909 9769
1767891999825 0.24749810993671417 9779
1767891999979 0.1586710661649704 9789
1767892000131 0.07541835308074951 9799
1767892000285 0.29067856073379517 9809
1767892000439 0.19174250960350037 9819
1767892000593 0.3094737231731415 9829
1767892000748 0.6799017190933228 9839
1767892000902 0.40488317608833313 9849
1767892001060 0.2628249228000641 9859
1767892001217 0.17381812632083893 9869
1767892001373 0.5223197937011719 9879
1767892001529 0.33592453598976135 9889
1767892001683 0.33936893939971924 9899
1767892001839 0.12162475287914276 9909
1767892001994 0.23198692500591278 9919
1767892002149 0.5979031324386597 9929
1767892002304 0.23367221653461456 9939
1767892002462 0.4575130343437195 9949
1767892002617 0.1501297652721405 9959
1767892002772 0.41541022062301636 9969
1767892002928 0.24127882719039917 9979
1767892003086 0.11348998546600342 9989
1767892003244 0.2884366810321808 9999
1767892003399 0.18729545176029205 10009
1767892003555 0.6695709228515625 10019
1767892003709 0.23669688403606415 10029
1767892003863 0.4237052798271179 10039
1767892004017 0.2447676807641983 10049
1767892004172 0.36180660128593445 10059
1767892004326 0.44173431396484375 10069
1767892004478 0.23155780136585236 10079
1767892007422 0.22056248784065247 10089
1767892007579 0.2034408152103424 10099
1767892007733 0.2118159383535385 10109
1767892007890 0.0572730228304863 10119
1767892008044 0.1542443186044693 10129
1767892008200 0.6242973804473877 10139
1767892008355 0.4610825181007385 10149
1767892008510 0.1959848552942276 10159
1767892008665 0.019679341465234756 10169
1767892008820 0.15717710554599762 10179
1767892008974 0.2712613344192505 10189
1767892009133 0.42054858803749084 10199
1767892009287 0.411023885011673 10209
1767892009441 0.09215232729911804 10219
1767892009594 0.14339278638362885 10229
1767892009748 0.19299297034740448 10239
1767892009902 0.2526245415210724 10249
1767892010058 0.4253055453300476 10259
1767892010212 0.2016262710094452 10269
1767892010367 0.221684530377388 10279
1767892010523 0.3933348059654236 10289
1767892010679 0.23842744529247284 10299
1767892010835 0.4053032100200653 10309
1767892010991 0.3125557005405426 10319
1767892011148 0.2555743455886841 10329
1767892011304 0.09245848655700684 10339
1767892011459 0.4026758074760437 10349
1767892011614 0.2449624389410019 10359
1767892011770 0.12267659604549408 10369
1767892011926 0.14805692434310913 10379
1767892012081 0.1713755577802658 10389
1767892012240 0.11118514090776443 10399
1767892012395 0.20647044479846954 10409
1767892012553 0.19383029639720917 10419
1767892012709 0.22534462809562683 10429
1767892012865 0.2862442135810852 10439
1767892013019 0.17256797850131989 10449
1767892013175 0.3662470877170563 10459
1767892013332 0.5458101034164429 10469
1767892013489 0.2858847379684448 10479
1767892013643 0.42625734210014343 10489
1767892013799 0.3136083483695984 10499
1767892013955 0.1550752818584442 10509
1767892014109 0.41751161217689514 10519
1767892014264 0.06105978414416313 10529
1767892014418 0.22697393596172333 10539
1767892014573 0.41505667567253113 10549
1767892014728 0.3192068934440613 10559
1767892014884 0.14755699038505554 10569
1767892015038 0.18202334642410278 10579
1767892015192 0.10907692462205887 10589
1767892015349 0.1068841814994812 10599
1767892015502 0.19005897641181946 10609
1767892015656 0.5531190633773804 10619
1767892015810 0.25395283102989197 10629
1767892015964 0.1525890827178955 10639
1767892016117 0.11839541792869568 10649
1767892016271 0.45129939913749695 10659
1767892016425 0.5818544030189514 10669
1767892016578 0.3577117919921875 10679
1767892016732 0.1892586499452591 10689
1767892016885 0.1901022046804428 10699
1767892017039 0.13426339626312256 10709
1767892017194 0.38109683990478516 10719
1767892017351 0.11083967238664627 10729
1767892017507 0.44990408420562744 10739
1767892017661 0.36891084909439087 10749
1767892017817 0.01892656460404396 10759
1767892017973 0.9494360089302063 10769
1767892018130 0.15254230797290802 10779
1767892018288 0.35192206501960754 10789
1767892018443 0.352954238653183 10799
1767892018598 0.5202085971832275 10809
1767892018753 0.2930768132209778 10819
1767892018908 0.19627025723457336 10829
1767892019065 0.29722675681114197 10839
1767892019222 0.20315074920654297 10849
1767892019382 0.21416793763637543 10859
1767892019537 0.24174422025680542 10869
1767892019694 0.3574782609939575 10879
1767892019851 0.25357136130332947 10889
1767892020007 0.6972493529319763 10899
1767892020166 0.46061065793037415 10909
1767892020322 0.031523097306489944 10919
1767892020477 0.3961038887500763 10929
1767892020630 0.568156898021698 10939
1767892020785 0.5146377682685852 10949
1767892020939 0.23220151662826538 10959
1767892021094 0.45560359954833984 10969
1767892021250 0.441057950258255 10979
1767892021408 0.07053616642951965 10989
1767892021565 0.2119133323431015 10999
1767892021721 0.4214528799057007 11009
1767892021877 0.3937990367412567 11019
1767892022031 0.45221880078315735 11029
1767892022187 0.25900840759277344 11039
1767892022343 0.4117049276828766 11049
1767892022501 0.1937646120786667 11059
1767892022657 0.07448633760213852 11069
1767892022812 0.28867435455322266 11079
1767892022968 0.20150655508041382 11089
1767892023123 0.21256408095359802 11099
1767892023278 0.08245669305324554 11109
1767892023436 0.4609832763671875 11119
1767892023592 0.13084982335567474 11129
1767892023750 0.2272760570049286 11139
1767892023906 0.4054165482521057 11149
1767892024072 0.17568399012088776 11159
1767892024229 0.33481767773628235 11169
1767892024386 0.2009972184896469 11179
1767892024543 0.4197961091995239 11189
1767892024698 0.27030882239341736 11199
1767892024858 0.08105602115392685 11209
1767892025016 0.3692854940891266 11219
1767892025174 0.2640196979045868 11229
1767892025335 0.23920558393001556 11239
1767892025513 0.16014228761196136 11249
1767892025668 0.17569196224212646 11259
1767892025826 0.2010142058134079 11269
1767892025982 0.33161696791648865 11279
1767892026137 0.11093543469905853 11289
1767892026293 0.10923942178487778 11299
1767892026451 0.378509521484375 11309
1767892026606 0.24022220075130463 11319
1767892026761 0.3421495854854584 11329
1767892026916 0.1403413861989975 11339
1767892027071 0.4168095290660858 11349
1767892027226 0.14088238775730133 11359
1767892027382 0.20228099822998047 11369
1767892027539 0.27545279264450073 11379
1767892027697 0.27926531434059143 11389
1767892027856 0.16836580634117126 11399
1767892028016 0.09843198210000992 11409
1767892028175 0.29742515087127686 11419
1767892028336 0.1966688185930252 11429
1767892028495 0.27798205614089966 11439
1767892028654 0.29806455969810486 11449
1767892028815 0.3123737871646881 11459
1767892028974 0.39142268896102905 11469
1767892029134 0.4728148579597473 11479
1767892029293 0.3309630751609802 11489
1767892029448 0.1679321974515915 11499
1767892029607 0.16039790213108063 11509
1767892029759 0.05289237201213837 11519
1767892032738 0.37321555614471436 11529
1767892032896 0.2054549753665924 11539
1767892033053 0.09028510749340057 11549
1767892033211 0.2581931948661804 11559
1767892033368 0.1774934083223343 11569
1767892033525 0.24009905755519867 11579
1767892033685 0.26127099990844727 11589
1767892033841 0.07907041162252426 11599
1767892033997 0.13059036433696747 11609
1767892034152 0.3914957046508789 11619
1767892034307 0.28243911266326904 11629
1767892034462 0.23927845060825348 11639
1767892034618 0.21850226819515228 11649
1767892034773 0.047199591994285583 11659
1767892034930 0.5390192866325378 11669
1767892035087 0.33951491117477417 11679
1767892035242 0.33393561840057373 11689
1767892035398 0.17332084476947784 11699
1767892035552 0.2240014672279358 11709
1767892035710 0.2770797610282898 11719
1767892035864 0.1583651602268219 11729
1767892036018 0.4683636426925659 11739
1767892036174 0.3150937855243683 11749
1767892036331 0.2583028972148895 11759
1767892036486 0.36871421337127686 11769
1767892036644 0.24851596355438232 11779
1767892036805 0.03677867352962494 11789
1767892036965 0.2534882426261902 11799
1767892037125 0.1563737988471985 11809
1767892037286 0.4245116412639618 11819
1767892037447 0.19024191796779633 11829
1767892037603 0.1286388784646988 11839
1767892037759 0.4879257082939148 11849
1767892037913 0.4314965009689331 11859
1767892038068 0.14240513741970062 11869
1767892038222 0.5491747856140137 11879
1767892038376 0.16645511984825134 11889
1767892038531 0.11953555792570114 11899
1767892038686 0.17647452652454376 11909
1767892038842 0.1623712182044983 11919
1767892038998 0.06420645862817764 11929
1767892039152 0.1307433843612671 11939
1767892039306 0.09254280477762222 11949
1767892039461 0.2478667050600052 11959
1767892039616 0.19515354931354523 11969
1767892039773 0.19438892602920532 11979
1767892039930 0.21410995721817017 11989
1767892040086 0.1895463913679123 11999
1767892040241 0.33966901898384094 12009
1767892040398 0.2676861584186554 12019
1767892040553 0.3444010019302368 12029
1767892040708 0.23227079212665558 12039
1767892040863 0.23999911546707153 12049
1767892041019 0.048213131725788116 12059
1767892041175 0.33592742681503296 12069
1767892041331 0.09859415143728256 12079
1767892041487 0.2829115092754364 12089
1767892041644 0.08632753789424896 12099
1767892041809 0.146711066365242 12109
1767892041967 0.1110256016254425 12119
1767892042125 0.4220767915248871 12129
1767892042285 0.2292005866765976 12139
1767892042451 0.11958520859479904 12149
1767892042612 0.24145755171775818 12159
1767892042772 0.5407344698905945 12169
1767892042932 0.2075229287147522 12179
1767892043091 0.27041932940483093 12189
1767892043251 0.13601592183113098 12199
1767892043411 0.11952029913663864 12209
1767892043571 0.42266517877578735 12219
1767892043732 0.3445688486099243 12229
1767892043894 0.2422984391450882 12239
1767892044054 0.5429456830024719 12249
1767892044214 0.19800090789794922 12259
1767892044373 0.13606691360473633 12269
1767892044534 0.23235847055912018 12279
1767892044695 0.09122341871261597 12289
1767892044855 0.3159020245075226 12299
1767892045015 0.14940926432609558 12309
1767892045172 0.05274691805243492 12319
1767892045328 0.019490884616971016 12329
1767892045486 0.2027088850736618 12339
1767892045642 0.3048946261405945 12349
1767892045802 0.19914139807224274 12359
1767892045963 0.26244020462036133 12369
1767892046122 0.23494333028793335 12379
1767892046282 0.20293080806732178 12389
1767892046442 0.16257087886333466 12399
1767892046602 0.052272994071245193 12409
1767892046762 0.182285875082016 12419
1767892046923 0.23181846737861633 12429
1767892047083 0.18141116201877594 12439
1767892047243 0.03658631071448326 12449
1767892047402 0.16296273469924927 12459
1767892047563 0.2046603411436081 12469
1767892047723 0.2103300392627716 12479
1767892047884 0.31657904386520386 12489
1767892048043 0.6108319163322449 12499
1767892048200 0.37144771218299866 12509
1767892048360 0.43727797269821167 12519
1767892048520 0.3591204881668091 12529
1767892048678 0.18377773463726044 12539
1767892048836 0.16727733612060547 12549
1767892048993 0.3008875846862793 12559
1767892049147 0.3643137216567993 12569
1767892049301 0.18648967146873474 12579
1767892049456 0.6876368522644043 12589
1767892049611 0.24834319949150085 12599
1767892049766 0.5681480169296265 12609
1767892049924 0.3373582363128662 12619
1767892050082 0.08779401332139969 12629
1767892050237 0.13676702976226807 12639
1767892050393 0.47767189145088196 12649
1767892050549 0.607074499130249 12659
1767892050705 0.33501264452934265 12669
1767892050862 0.37244945764541626 12679
1767892051018 0.16787143051624298 12689
1767892051175 0.15962065756320953 12699
1767892051331 0.32876792550086975 12709
1767892051488 0.16355685889720917 12719
1767892051644 0.1672065556049347 12729
1767892051801 0.2614785432815552 12739
1767892051961 0.304129958152771 12749
1767892052118 0.4880082607269287 12759
1767892052275 0.5867021083831787 12769
1767892052430 0.38160935044288635 12779
1767892052586 0.42157888412475586 12789
1767892052743 0.3644956946372986 12799
1767892052901 0.19782280921936035 12809
1767892053058 0.04259476065635681 12819
1767892053217 0.15029197931289673 12829
1767892053373 0.3950515389442444 12839
1767892053531 0.15014280378818512 12849
1767892053689 0.37286120653152466 12859
1767892053847 0.5038760900497437 12869
1767892054008 0.18554554879665375 12879
1767892054164 0.34372055530548096 12889
1767892054321 0.27922725677490234 12899
1767892054478 0.38661643862724304 12909
1767892054636 0.14874476194381714 12919
1767892054796 0.10449952632188797 12929
1767892054953 0.12590305507183075 12939
1767892055111 0.1914825141429901 12949
1767892055267 0.094967782497406 12959
1767892058213 0.19073066115379333 12969
1767892058368 0.16317683458328247 12979
1767892058525 0.15161862969398499 12989
1767892058681 0.20657064020633698 12999
1767892058838 0.17490987479686737 13009
1767892058993 0.07796429097652435 13019
1767892059150 0.13012872636318207 13029
1767892059305 0.18317164480686188 13039
1767892059458 0.22895830869674683 13049
1767892059612 0.10831897705793381 13059
1767892059767 0.036940257996320724 13069
1767892059920 0.6723414659500122 13079
1767892060075 0.43719086050987244 13089
1767892060230 0.2970661520957947 13099
1767892060383 0.4479047358036041 13109
1767892060539 0.11250487715005875 13119
1767892060694 0.11491493135690689 13129
1767892060847 0.128992959856987 13139
1767892061001 0.08143956959247589 13149
1767892061155 0.07762788236141205 13159
1767892061312 0.4194701910018921 13169
1767892061468 0.0743996798992157 13179
1767892061622 0.1075749397277832 13189
1767892061777 0.1852678507566452 13199
1767892061931 0.33015143871307373 13209
1767892062085 0.4089321494102478 13219
1767892062245 0.2667968273162842 13229
1767892062400 0.14834432303905487 13239
1767892062556 0.3914729356765747 13249
1767892062712 0.41415488719940186 13259
1767892062869 0.15853841602802277 13269
1767892063025 0.0789911225438118 13279
1767892063185 0.4439297020435333 13289
1767892063341 0.31987887620925903 13299
1767892063501 0.5909402966499329 13309
1767892063657 0.6648151278495789 13319
1767892063812 0.5472552180290222 13329
1767892063968 0.16445894539356232 13339
1767892064125 0.19979698956012726 13349
1767892064284 0.15771646797657013 13359
1767892064439 0.16956214606761932 13369
1767892064594 0.20600536465644836 13379
1767892064750 0.3751470148563385 13389
1767892064906 0.17289632558822632 13399
1767892065062 0.0556650348007679 13409
1767892065218 0.14242681860923767 13419
1767892065374 0.244228795170784 13429
1767892065529 0.16659410297870636 13439
1767892065685 0.2192932665348053 13449
1767892065840 0.3647896945476532 13459
1767892065996 0.18678535521030426 13469
1767892066152 0.299163818359375 13479
1767892066309 0.1773628443479538 13489
1767892066465 0.25485849380493164 13499
1767892066620 0.2289067953824997 13509
1767892066775 0.1753048598766327 13519
1767892066930 0.03425747901201248 13529
1767892067087 0.6956654191017151 13539
1767892067242 0.4947912096977234 13549
1767892067397 0.1989956945180893 13559
1767892067554 0.2618633508682251 13569
1767892067710 0.11784207820892334 13579
1767892067868 0.2530376613140106 13589
1767892068025 0.14716441929340363 13599
1767892068183 0.2831120491027832 13609
1767892068342 0.34874609112739563 13619
1767892068498 0.18092429637908936 13629
1767892068653 0.34973588585853577 13639
1767892068810 0.29319167137145996 13649
1767892068967 0.21124495565891266 13659
1767892069123 0.31438231468200684 13669
1767892069282 0.3187604546546936 13679
1767892069440 0.35010895133018494 13689
1767892069595 0.16086454689502716 13699
1767892069752 0.07414160668849945 13709
1767892069907 0.06346432864665985 13719
1767892070063 0.192620649933815 13729
1767892070219 0.10728666186332703 13739
1767892070377 0.45110487937927246 13749
1767892070533 0.18173600733280182 13759
1767892070689 0.17491279542446136 13769
1767892070845 0.39152637124061584 13779
1767892071001 0.4973716735839844 13789
1767892071158 0.19971461594104767 13799
1767892071318 0.3153296709060669 13809
1767892071486 0.36552488803863525 13819
1767892071646 0.15667960047721863 13829
1767892071805 0.29551029205322266 13839
1767892071962 0.09123150259256363 13849
1767892072122 0.17066062986850739 13859
1767892072281 0.20214341580867767 13869
1767892072441 0.11583544313907623 13879
1767892072602 0.23582950234413147 13889
1767892072769 0.252855509519577 13899
1767892072940 0.43736299872398376 13909
1767892073169 0.20571677386760712 13919
1767892073366 0.19836319983005524 13929
1767892073548 0.5588185787200928 13939
1767892073726 0.23052039742469788 13949
1767892073899 0.40662550926208496 13959
1767892074054 0.15191535651683807 13969
1767892074209 0.14054317772388458 13979
1767892074367 0.04203630983829498 13989
1767892074530 0.22866053879261017 13999
1767892074692 0.15743310749530792 14009
1767892074854 0.2911156117916107 14019
1767892075015 0.03268688917160034 14029
1767892075170 0.21548114717006683 14039
1767892075326 0.07073058933019638 14049
1767892075481 0.15296326577663422 14059
1767892075637 0.554280698299408 14069
1767892075791 0.3796829283237457 14079
1767892075945 0.147712841629982 14089
1767892076098 0.45195096731185913 14099
1767892076252 0.0672004222869873 14109
1767892076407 0.13110657036304474 14119
1767892076563 0.06572169810533524 14129
1767892076718 0.3472175896167755 14139
1767892076872 0.46247488260269165 14149
1767892077026 0.045915961265563965 14159
1767892077180 0.2475966066122055 14169
1767892077339 0.1998146027326584 14179
1767892077494 0.5988441109657288 14189
1767892077649 0.43900904059410095 14199
1767892077804 0.22675426304340363 14209
1767892077961 0.019101573154330254 14219
1767892078115 0.060220491141080856 14229
1767892078270 0.18575622141361237 14239
1767892078426 0.19181564450263977 14249
1767892078583 0.18816515803337097 14259
1767892078737 0.3562653958797455 14269
1767892078892 0.67879319190979 14279
1767892079048 0.42223629355430603 14289
1767892079204 0.13712507486343384 14299
1767892079358 0.28428369760513306 14309
1767892079513 0.1744104027748108 14319
1767892079667 0.12198144942522049 14329
1767892079820 0.10329726338386536 14339
1767892079976 0.1266116499900818 14349
1767892080133 0.35231056809425354 14359
1767892080289 0.1970708817243576 14369
1767892080445 0.22196252644062042 14379
1767892080601 0.5525955557823181 14389
1767892080757 0.20173095166683197 14399
1767892084082 0.09865915030241013 14409
1767892084242 0.3756203055381775 14419
1767892084401 0.0153180668130517 14429
1767892084559 0.36284691095352173 14439
1767892084715 0.4029918909072876 14449
1767892084872 0.2995522916316986 14459
1767892085031 0.23221458494663239 14469
1767892085187 0.2709062993526459 14479
1767892085344 0.22826293110847473 14489
1767892085500 0.4204338788986206 14499
1767892085654 0.3600196838378906 14509
1767892085811 0.2200058102607727 14519
1767892085967 0.21204768121242523 14529
1767892086123 0.35967811942100525 14539
1767892086280 0.3306056261062622 14549
1767892086437 0.049935322254896164 14559
1767892086595 0.27599671483039856 14569
1767892086751 0.18952201306819916 14579
1767892086907 0.19479556381702423 14589
1767892087065 0.1903405785560608 14599
1767892087222 0.052237365394830704 14609
1767892087379 0.06147020310163498 14619
1767892087536 0.07744407653808594 14629
1767892087691 0.15162621438503265 14639
1767892087846 0.313760370016098 14649
1767892088003 0.34501898288726807 14659
1767892088159 0.013930355198681355 14669
1767892088317 0.21790049970149994 14679
1767892088473 0.26838523149490356 14689
1767892088630 0.02746538817882538 14699
1767892088789 0.20268653333187103 14709
1767892088948 0.18002557754516602 14719
1767892089105 0.2156376838684082 14729
1767892089264 0.14060388505458832 14739
1767892089421 0.15928277373313904 14749
1767892089580 0.14429691433906555 14759
1767892089735 0.08130720257759094 14769
1767892089890 0.028766779229044914 14779
1767892090045 0.33667925000190735 14789
1767892090200 0.269424706697464 14799
1767892090355 0.0444895438849926 14809
1767892090509 0.42635345458984375 14819
1767892090663 0.35756754875183105 14829
1767892090820 0.3191600739955902 14839
1767892090975 0.36741968989372253 14849
1767892091130 0.36142316460609436 14859
1767892091284 0.3420394957065582 14869
1767892091438 0.10193444788455963 14879
1767892091593 0.25692203640937805 14889
1767892091748 0.33222252130508423 14899
1767892091902 0.11917079985141754 14909
1767892092055 0.10362475365400314 14919
1767892092208 0.5845316052436829 14929
1767892092362 0.06753683090209961 14939
1767892092518 0.12751173973083496 14949
1767892092675 0.0614258274435997 14959
1767892092833 0.06101083755493164 14969
1767892092990 0.2895960807800293 14979
1767892093146 0.1367437094449997 14989
1767892093303 0.047909315675497055 14999
1767892093459 0.2583271265029907 15009
1767892093616 0.07221317291259766 15019
1767892093771 0.06065509095788002 15029
1767892093929 0.1938389539718628 15039
1767892094085 0.31708860397338867 15049
1767892094241 0.29049941897392273 15059
1767892094398 0.25049352645874023 15069
1767892094554 0.2302546203136444 15079
1767892094711 0.19184863567352295 15089
1767892094871 0.1646879017353058 15099
1767892095027 0.6273040771484375 15109
1767892095183 0.08711621910333633 15119
1767892095339 0.17290157079696655 15129
1767892095494 0.18076439201831818 15139
1767892095650 0.32236921787261963 15149
1767892095807 0.42335745692253113 15159
1767892095964 0.24328456819057465 15169
1767892096119 0.37031883001327515 15179
1767892096273 0.29859739542007446 15189
1767892096427 0.5570804476737976 15199
1767892096581 0.20173054933547974 15209
1767892096734 0.22110335528850555 15219
1767892096893 0.27223169803619385 15229
1767892097047 0.26227566599845886 15239
1767892097202 0.16521340608596802 15249
1767892097358 0.2452264279127121 15259
1767892097514 0.21598224341869354 15269
1767892097671 0.3168328106403351 15279
1767892097828 0.19489112496376038 15289
1767892097983 0.1756369173526764 15299
1767892098139 0.32233986258506775 15309
1767892098294 0.2638610601425171 15319
1767892098449 0.12897635996341705 15329
1767892098610 0.1210971400141716 15339
1767892098770 0.22036565840244293 15349
1767892098934 0.17851993441581726 15359
1767892099093 0.21768741309642792 15369
1767892099251 0.23445408046245575 15379
1767892099410 0.2817402780056 15389
1767892099569 0.05992031842470169 15399
1767892099727 0.07636985927820206 15409
1767892099886 0.6042639017105103 15419
1767892100047 0.09987945109605789 15429
1767892100206 0.08181800693273544 15439
1767892100365 0.34888389706611633 15449
1767892100525 0.2872856557369232 15459
1767892100683 0.2245556265115738 15469
1767892100843 0.31768640875816345 15479
1767892101004 0.18704159557819366 15489
1767892101162 0.14027346670627594 15499
1767892101321 0.10686268657445908 15509
1767892101476 0.3940477967262268 15519
1767892101630 0.17708194255828857 15529
1767892101785 0.12566660344600677 15539
1767892101939 0.27957379817962646 15549
1767892102093 0.08298202604055405 15559
1767892102248 0.2262069582939148 15569
1767892102402 0.15562330186367035 15579
1767892102559 0.27439451217651367 15589
1767892102715 0.06667828559875488 15599
1767892102873 0.23888079822063446 15609
1767892103029 0.13089293241500854 15619
1767892103184 0.20781943202018738 15629
1767892103338 0.11131013929843903 15639
1767892103494 0.047308821231126785 15649
1767892103649 0.10809440165758133 15659
1767892103804 0.18183928728103638 15669
1767892103960 0.14643234014511108 15679
1767892104115 0.06505556404590607 15689
1767892104270 0.3971174657344818 15699
1767892104425 0.06473876535892487 15709
1767892104580 0.17966601252555847 15719
1767892104735 0.2044311910867691 15729
1767892104890 0.03049679473042488 15739
1767892105052 0.20125272870063782 15749
1767892105207 0.5931019186973572 15759
1767892105362 0.10102718323469162 15769
1767892105519 0.27815553545951843 15779
1767892105675 0.17586223781108856 15789
1767892105832 0.05103467032313347 15799
1767892105987 0.026182150468230247 15809
1767892106143 0.37791013717651367 15819
1767892106300 0.049242760986089706 15829
1767892106453 0.39494016766548157 15839
