1767902926041 29.096858978271484 9
1767902926767 43.03426742553711 19
1767902927496 8.539907455444336 29
1767902928228 5.446872234344482 39
1767902928961 8.502469062805176 49
1767902929692 6.5928168296813965 59
1767902930424 8.464667320251465 69
1767902931157 5.877028465270996 79
1767902931888 3.50386381149292 89
1767902932621 3.852283477783203 99
1767902933354 2.505178213119507 109
1767902934086 4.822137832641602 119
1767902934819 3.4545485973358154 129
1767902935551 3.987565755844116 139
1767902936282 1.3558731079101562 149
1767902937013 7.3183722496032715 159
1767902937746 1.4699957370758057 169
1767902938479 3.3857367038726807 179
1767902939211 3.0347900390625 189
1767902939943 2.05688214302063 199
1767902940676 1.7102364301681519 209
1767902941407 2.703821897506714 219
1767902942138 1.4781142473220825 229
1767902942871 2.460688352584839 239
1767902943603 4.361794471740723 249
1767902944337 1.5468692779541016 259
1767902945071 1.2063546180725098 269
1767902945803 1.4893932342529297 279
1767902946535 1.1952083110809326 289
1767902947267 2.6403868198394775 299
1767902947998 1.3431142568588257 309
1767902948733 1.3189550638198853 319
1767902949466 1.749117374420166 329
1767902950199 1.3772132396697998 339
1767902950932 1.0824898481369019 349
1767902951665 1.0555603504180908 359
1767902952397 1.6304219961166382 369
1767902953132 1.3717527389526367 379
1767902953866 1.1660491228103638 389
1767902954600 1.760892391204834 399
1767902955335 1.0900925397872925 409
1767902956068 1.404017448425293 419
1767902956801 1.003927230834961 429
1767902957533 0.8406705856323242 439
1767902958266 0.8769109845161438 449
1767902959002 1.6529195308685303 459
1767902959734 1.9881739616394043 469
1767902960466 1.156700849533081 479
1767902961201 1.2772058248519897 489
1767902961933 1.1530497074127197 499
1767902962666 0.6108077168464661 509
1767902963402 0.8406429886817932 519
1767902964136 1.08992600440979 529
1767902964868 0.9753141403198242 539
1767902965604 1.0068498849868774 549
1767902966336 1.6891264915466309 559
1767902967068 0.9836219549179077 569
1767902967800 1.8981562852859497 579
1767902968533 0.5476025342941284 589
1767902969267 1.0851178169250488 599
1767902969999 0.7317747473716736 609
1767902970732 0.8053300976753235 619
1767902971466 1.0277167558670044 629
1767902972198 0.8180439472198486 639
1767902972930 1.4454107284545898 649
1767902973665 1.0765058994293213 659
1767902974397 1.2419463396072388 669
1767902975133 1.3707451820373535 679
1767902975866 0.9241126179695129 689
1767902976598 1.1402539014816284 699
1767902977332 0.6233277320861816 709
1767902978065 0.779245138168335 719
1767902978798 1.0973554849624634 729
1767902979531 0.9476620554924011 739
1767902980263 0.6215764880180359 749
1767902980995 0.7476505637168884 759
1767902981728 0.777114987373352 769
1767902982460 0.8862825036048889 779
1767902983192 0.5113580822944641 789
1767902983925 0.9812285304069519 799
1767902984659 0.7784469723701477 809
1767902985391 0.8288418650627136 819
1767902986123 0.8851315379142761 829
1767902986855 0.5454503297805786 839
1767902987588 0.7617223858833313 849
1767902988321 0.8763118386268616 859
1767902989054 0.6967126131057739 869
1767902989788 0.7446796298027039 879
1767902990519 0.900994598865509 889
1767902991251 0.8038442134857178 899
1767902991983 0.5001853704452515 909
1767902992715 0.33779674768447876 919
1767902993447 0.7434159517288208 929
1767902994179 0.9235547184944153 939
1767902994911 0.8979884386062622 949
1767902995645 0.5012847185134888 959
1767902996378 0.9090040326118469 969
1767902997111 0.883886992931366 979
1767902997846 1.6486953496932983 989
1767902998579 0.8519057035446167 999
1767902999313 1.0402675867080688 1009
1767903000048 0.7035833597183228 1019
1767903000791 0.7946159243583679 1029
1767903001525 0.6948147416114807 1039
1767903002260 1.099647045135498 1049
1767903002993 0.8308228850364685 1059
1767903003728 0.5712620615959167 1069
1767903004463 0.741476833820343 1079
1767903005198 0.5745323896408081 1089
1767903005936 0.5078504085540771 1099
1767903006667 0.726989209651947 1109
1767903007398 1.6715377569198608 1119
1767903008131 1.5540896654129028 1129
1767903008863 0.6712602376937866 1139
1767903009595 0.4977661371231079 1149
1767903010328 0.33520764112472534 1159
1767903011059 0.5460821390151978 1169
1767903039311 0.6107378602027893 1179
1767903040049 0.6273692846298218 1189
1767903040782 0.48982715606689453 1199
1767903041514 0.49472445249557495 1209
1767903042247 0.77681565284729 1219
1767903042980 0.8149153590202332 1229
1767903043713 0.5107624530792236 1239
1767903044444 0.8859267830848694 1249
1767903045178 0.9491754174232483 1259
1767903045911 0.7675552368164062 1269
1767903046645 0.5177718997001648 1279
1767903047378 0.46410316228866577 1289
1767903048110 0.4928731322288513 1299
1767903048844 0.7116634845733643 1309
1767903049577 0.3832528591156006 1319
1767903050312 0.3667272925376892 1329
1767903051045 0.4310937523841858 1339
1767903051777 0.7279813885688782 1349
1767903052511 0.9339329600334167 1359
1767903053245 0.6129905581474304 1369
1767903053978 1.0458314418792725 1379
1767903054710 0.44577756524086 1389
1767903055443 0.8205878734588623 1399
1767903056176 0.8515540957450867 1409
1767903056911 0.5636717677116394 1419
1767903057644 0.523515522480011 1429
1767903058375 0.5580415725708008 1439
1767903280100 0.617436945438385 1449
1767903280835 0.8163085579872131 1459
1767903281569 0.6119486093521118 1469
1767903282301 0.7446038722991943 1479
1767903283035 0.5023335814476013 1489
1767903283769 1.0823932886123657 1499
1767903284503 0.8472793102264404 1509
1767903285236 0.7356933355331421 1519
1767903285970 0.8195309042930603 1529
1767903286702 0.48021215200424194 1539
1767903287435 0.7600855827331543 1549
1767903288167 0.9408755898475647 1559
1767903288899 0.41160133481025696 1569
1767903289632 0.3499024212360382 1579
1767903339584 0.39328733086586 1589
1767903340318 0.7657127380371094 1599
1767903341052 0.9286990165710449 1609
1767903341787 0.7484944462776184 1619
1767903342522 0.9569428563117981 1629
1767903343256 0.736162543296814 1639
1767903343990 0.8026347160339355 1649
1767903344724 0.5380043387413025 1659
1767903345460 0.6050426363945007 1669
1767903346194 0.3640882074832916 1679
1767903346930 0.45233801007270813 1689
1767903347664 0.8448283076286316 1699
1767903348396 0.44764888286590576 1709
1767903349130 0.3093741536140442 1719
1767903399303 0.7248303294181824 1729
1767903400044 0.5791214108467102 1739
1767903400778 0.5761077404022217 1749
1767903401511 0.32466059923171997 1759
1767903402245 1.1313984394073486 1769
1767903402980 1.375488519668579 1779
1767903403713 0.6750840544700623 1789
1767903404446 1.0541880130767822 1799
1767903405180 0.772000253200531 1809
1767903405914 0.7769692540168762 1819
1767903406648 0.5973755121231079 1829
1767903407380 0.7272428870201111 1839
1767903408112 0.2669735550880432 1849
1767903408845 0.7009789943695068 1859
1767903409576 0.5018203854560852 1869
1767903459750 0.4662005603313446 1879
1767903460484 0.7663373351097107 1889
1767903461217 0.6526286005973816 1899
1767903461950 0.9399660229682922 1909
1767903462684 1.1703824996948242 1919
1767903463417 0.5395016074180603 1929
1767903464150 0.6325864195823669 1939
1767903464885 0.31151866912841797 1949
1767903465619 0.4656211733818054 1959
1767903466353 0.535854160785675 1969
1767903467086 0.4064227342605591 1979
1767903467818 0.3800283670425415 1989
1767903468552 0.5375376343727112 1999
1767903469284 0.3587226867675781 2009
1767903519449 0.6418384909629822 2019
1767903520183 0.3738963305950165 2029
1767903520917 0.47761720418930054 2039
1767903521650 0.5728731751441956 2049
1767903522383 0.9396993517875671 2059
1767903523116 0.615373969078064 2069
1767903523849 0.6059393882751465 2079
1767903524583 0.7872291207313538 2089
1767903525316 0.46594351530075073 2099
1767903526049 0.5648539066314697 2109
1767903526783 0.3948144316673279 2119
1767903527515 0.6275762915611267 2129
1767903528248 0.6292981505393982 2139
1767903528980 0.7812438607215881 2149
1767903529712 0.551578938961029 2159
1767903579983 0.6437364220619202 2169
1767903580716 0.5159580707550049 2179
1767903581450 0.6534478664398193 2189
1767903582183 0.637507438659668 2199
1767903582915 0.5431292653083801 2209
1767903583650 0.7714640498161316 2219
1767903584383 0.7917044162750244 2229
1767903585116 0.29653140902519226 2239
1767903585850 0.9837734699249268 2249
1767903586583 0.20005351305007935 2259
1767903587315 0.47459208965301514 2269
1767903588047 0.5389190912246704 2279
1767903588778 0.5149120688438416 2289
1767903589509 0.7940104007720947 2299
1767903639529 0.7726653814315796 2309
1767903640264 0.4595763385295868 2319
1767903641001 0.37431079149246216 2329
1767903641738 0.5551990270614624 2339
1767903642473 0.4567965567111969 2349
1767903643209 0.595406174659729 2359
1767903643945 0.36490389704704285 2369
1767903644680 0.6719709634780884 2379
1767903645416 0.5466921329498291 2389
1767903646151 0.6557701230049133 2399
1767903646885 0.5385808944702148 2409
1767903647618 0.6437795758247375 2419
1767903648351 0.5432766675949097 2429
1767903649084 0.7693636417388916 2439
1767903649819 0.9722298979759216 2449
1767903700060 0.38371315598487854 2459
1767903700794 0.5421207547187805 2469
1767903701526 0.4451819658279419 2479
1767903702259 0.8375641703605652 2489
1767903702992 0.39692431688308716 2499
1767903703723 0.3140842616558075 2509
1767903704456 0.7372434735298157 2519
1767903705188 0.45837628841400146 2529
1767903705921 0.3796005845069885 2539
1767903706655 0.8464683294296265 2549
1767903707388 0.533024251461029 2559
1767903708119 0.607609212398529 2569
1767903708852 0.5392544269561768 2579
1767903709584 0.514315128326416 2589
1767903759708 0.3597743809223175 2599
1767903760442 0.4345242977142334 2609
1767903761174 0.6551821827888489 2619
1767903761906 0.3575175404548645 2629
1767903762640 0.7696382999420166 2639
1767903763372 0.7264977097511292 2649
1767903764104 0.22619813680648804 2659
1767903764837 0.598785400390625 2669
1767903765569 0.4161039888858795 2679
1767903766301 0.5090722441673279 2689
1767903767034 0.3943726718425751 2699
1767903767764 0.8367520570755005 2709
1767903768498 0.34424445033073425 2719
1767903769228 0.358998566865921 2729
1767903819464 0.7560369968414307 2739
1767903820200 0.22303226590156555 2749
1767903820936 0.8269528746604919 2759
1767903821671 0.4561935365200043 2769
1767903822406 0.413186252117157 2779
1767903823140 0.5190984010696411 2789
1767903823876 0.4993831515312195 2799
1767903824610 0.5288119912147522 2809
1767903825345 0.4335671663284302 2819
1767903826080 0.8337875008583069 2829
1767903826814 0.5250491499900818 2839
1767903827547 0.5641105771064758 2849
1767903828281 0.449746698141098 2859
1767903829015 0.4329530894756317 2869
1767903829746 0.705858588218689 2879
1767904122418 0.5459414720535278 2889
1767904123151 0.3457491099834442 2899
1767904123882 0.5455251336097717 2909
1767904179600 0.3423522114753723 2919
1767904180334 0.26539841294288635 2929
1767904181067 0.7287399172782898 2939
1767904181800 0.7206590175628662 2949
1767904182534 0.1870538294315338 2959
1767904183267 0.46756798028945923 2969
1767904184001 0.34103888273239136 2979
1767904184735 0.6758226156234741 2989
1767904185468 0.3618873059749603 2999
1767904186201 0.895048975944519 3009
1767904186934 0.4796282947063446 3019
1767904187665 0.6313465237617493 3029
1767904188398 0.4168829619884491 3039
1767904189130 0.24635890126228333 3049
1767904189862 0.2452898770570755 3059
1767904239934 0.4338289797306061 3069
1767904240668 0.614607572555542 3079
1767904241402 0.428799033164978 3089
1767904242137 0.4405113160610199 3099
1767904242870 0.2255612164735794 3109
1767904243603 0.3709717392921448 3119
1767904244335 0.4518255591392517 3129
1767904245069 0.2293028086423874 3139
1767904245803 0.4859105050563812 3149
1767904246536 0.4266120493412018 3159
1767904247267 0.5471123456954956 3169
1767904248000 0.2730620205402374 3179
1767904248733 0.5234565734863281 3189
1767904249464 0.5532201528549194 3199
1767904299668 0.5599297881126404 3209
1767904300402 0.6254175901412964 3219
1767904301137 0.4864262342453003 3229
1767904301872 0.4787655472755432 3239
1767904302604 0.2556767165660858 3249
1767904303337 0.30126482248306274 3259
1767904304069 0.6751806735992432 3269
1767904304801 0.7261548638343811 3279
1767904305534 0.832608163356781 3289
1767904306267 0.3526793122291565 3299
1767904306999 0.26927950978279114 3309
1767904307733 0.5264899134635925 3319
1767904308465 0.5914274454116821 3329
1767904309196 0.733902096748352 3339
1767904359340 0.40731948614120483 3349
1767904360077 0.3679035007953644 3359
1767904360811 0.610164225101471 3369
1767904361545 0.5693029761314392 3379
1767904362277 0.3744388222694397 3389
1767904363011 0.6172071099281311 3399
1767904363743 0.633059024810791 3409
1767904364475 0.4582170844078064 3419
1767904365209 0.2846938371658325 3429
1767904365943 0.49000754952430725 3439
1767904366675 0.5764029026031494 3449
1767904367409 0.3245428502559662 3459
1767904368140 0.3343278169631958 3469
1767904368872 0.17101465165615082 3479
1767904369605 0.37644046545028687 3489
1767904419736 0.2085324078798294 3499
1767904420471 0.5623049736022949 3509
1767904421204 0.7091048955917358 3519
1767904421939 0.355838418006897 3529
1767904422674 0.3278706669807434 3539
1767904423406 0.8368251323699951 3549
1767904424139 0.7089764475822449 3559
1767904424872 0.6616606116294861 3569
1767904425605 0.46760421991348267 3579
1767904426337 0.5014899969100952 3589
1767904427070 1.1001060009002686 3599
1767904427801 0.4808882772922516 3609
1767904428533 0.7990700602531433 3619
1767904429264 0.6286472082138062 3629
1767904479380 0.6211931705474854 3639
1767904480114 0.6446866989135742 3649
1767904480847 0.5388787388801575 3659
1767904481581 0.2569873034954071 3669
1767904482315 0.3433699607849121 3679
1767904483048 0.20986510813236237 3689
1767904483781 0.4050978124141693 3699
1767904484517 0.693259060382843 3709
1767904485250 0.5373633503913879 3719
1767904485983 0.5653378367424011 3729
1767904486717 0.3884863257408142 3739
1767904487448 0.23865415155887604 3749
1767904488181 0.6869058609008789 3759
1767904488913 0.6441802978515625 3769
1767904489644 0.6152956485748291 3779
1767904539799 0.5764429569244385 3789
1767904540532 0.9155148267745972 3799
1767904541264 0.15286047756671906 3809
1767904541999 0.511117696762085 3819
1767904542732 0.44082069396972656 3829
1767904543465 0.19156566262245178 3839
1767904544198 0.28734156489372253 3849
1767904544930 0.4445953667163849 3859
1767904545664 0.5729357004165649 3869
1767904546397 0.36465439200401306 3879
1767904547130 0.37245795130729675 3889
1767904547862 0.43213897943496704 3899
1767904548594 0.5812695026397705 3909
1767904549326 0.7226146459579468 3919
1767904599634 0.21743406355381012 3929
1767904600367 0.42539235949516296 3939
1767904601100 0.18993426859378815 3949
1767904601834 0.4390566647052765 3959
1767904602566 0.20757120847702026 3969
1767904603300 0.45781099796295166 3979
1767904604032 0.30696821212768555 3989
1767904604764 0.35103702545166016 3999
1767904605499 0.2781544327735901 4009
1767904606231 0.38492342829704285 4019
1767904606964 0.2544548809528351 4029
1767904607696 0.1524612009525299 4039
1767904608428 0.7426496744155884 4049
1767904609159 0.4613345265388489 4059
1767904609890 0.5052489638328552 4069
1767904660007 0.44690966606140137 4079
1767904660740 0.497062623500824 4089
1767904661473 0.09008844196796417 4099
1767904662205 0.35429030656814575 4109
1767904662938 0.6594957709312439 4119
1767904663670 0.13510873913764954 4129
1767904664403 0.21550634503364563 4139
1767904665137 0.4003956615924835 4149
1767904665870 0.2914883494377136 4159
1767904666603 0.4970938265323639 4169
1767904667336 0.24731092154979706 4179
1767904668068 0.9296301007270813 4189
1767904668800 0.3644302785396576 4199
1767904669533 0.34675827622413635 4209
1767904719742 0.7913520932197571 4219
1767904720475 0.42159533500671387 4229
1767904721208 0.46139267086982727 4239
1767904721940 0.6499685645103455 4249
1767904722674 0.7210152745246887 4259
1767904723407 0.3603858947753906 4269
1767904724138 0.5240699648857117 4279
1767904724871 0.650011420249939 4289
1767904725604 0.33665648102760315 4299
1767904726337 0.1642576903104782 4309
1767904727068 0.33116844296455383 4319
1767905021614 0.5596314668655396 4329
1767905022347 0.41614261269569397 4339
1767905023084 1.22293221950531 4349
1767905023816 0.5327709913253784 4359
1767905024548 0.1689179539680481 4369
1767905025284 0.18105626106262207 4379
1767905026017 0.39820846915245056 4389
1767905079725 0.1807411164045334 4399
1767905080458 0.39245128631591797 4409
1767905081192 0.2596486508846283 4419
1767905081925 0.45161712169647217 4429
1767905082657 0.6334590911865234 4439
1767905083390 0.910336434841156 4449
1767905084123 0.43244606256484985 4459
1767905084857 0.527563750743866 4469
1767905085592 0.12935124337673187 4479
1767905086325 0.3616527020931244 4489
1767905087059 0.3619857728481293 4499
1767905087791 0.21756106615066528 4509
1767905088523 0.21690097451210022 4519
1767905089256 0.25245243310928345 4529
1767905139447 0.29899317026138306 4539
1767905140180 0.17026600241661072 4549
1767905140915 0.2510394752025604 4559
1767905141648 0.5186042189598083 4569
1767905142383 0.15209582448005676 4579
1767905143115 0.5243586897850037 4589
1767905143848 0.4368279278278351 4599
1767905144583 0.8491926193237305 4609
1767905145316 0.12987858057022095 4619
1767905146049 0.3263176679611206 4629
1767905146783 0.6949406862258911 4639
1767905147515 0.2977091073989868 4649
1767905148247 0.41104215383529663 4659
1767905148981 0.6214374303817749 4669
1767905149712 0.4466443657875061 4679
1767905199879 0.22301417589187622 4689
1767905200612 0.17855918407440186 4699
1767905201346 0.25052228569984436 4709
1767905202080 0.639670729637146 4719
1767905202812 0.803844153881073 4729
1767905203544 0.2628660500049591 4739
1767905204278 0.426005482673645 4749
1767905205010 0.3657056987285614 4759
1767905205743 0.5595484375953674 4769
1767905206479 0.24000339210033417 4779
1767905207211 0.37485232949256897 4789
1767905207945 0.20613548159599304 4799
1767905208677 0.5267713665962219 4809
1767905209409 0.7455043792724609 4819
1767905259625 0.5801200866699219 4829
1767905260359 0.23926739394664764 4839
1767905261092 0.38300544023513794 4849
1767905261828 0.9605168700218201 4859
1767905262561 0.2926355004310608 4869
1767905263294 0.3646477460861206 4879
1767905264028 0.5344052314758301 4889
1767905264762 0.2975824773311615 4899
1767905265498 0.21003776788711548 4909
1767905266230 0.31273943185806274 4919
1767905266964 0.19014742970466614 4929
1767905267698 0.20500990748405457 4939
1767905268429 0.2711630165576935 4949
1767905269161 0.23116649687290192 4959
1767905269894 0.3427293598651886 4969
1767905320036 0.3907988369464874 4979
1767905320771 0.27521559596061707 4989
1767905321507 0.27064797282218933 4999
1767905322242 0.47244733572006226 5009
1767905322976 0.3240741193294525 5019
1767905323712 0.12920913100242615 5029
1767905324445 0.3571126163005829 5039
1767905325180 0.6517131924629211 5049
1767905325915 0.49388715624809265 5059
1767905326647 0.39226198196411133 5069
1767905327381 0.4166701138019562 5079
1767905328115 0.31115683913230896 5089
1767905328847 0.3624900281429291 5099
1767905329579 0.3247808814048767 5109
1767905379723 0.8035679459571838 5119
1767905380455 0.12135929614305496 5129
1767905381189 0.16405805945396423 5139
1767905381922 0.5380796790122986 5149
1767905382653 0.20514416694641113 5159
1767905383386 0.2993483245372772 5169
1767905384119 0.401212215423584 5179
1767905384851 0.19132989645004272 5189
1767905385592 0.5979486703872681 5199
1767905386326 0.24141182005405426 5209
1767905387059 0.3207913935184479 5219
1767905387792 0.43346691131591797 5229
1767905388524 0.24401919543743134 5239
1767905389257 0.6794862151145935 5249
1767905439436 0.24964533746242523 5259
1767905440170 0.3280082643032074 5269
1767905440905 0.4137510657310486 5279
1767905441639 0.2861751914024353 5289
1767905442373 0.29737943410873413 5299
1767905443106 0.3408544063568115 5309
1767905443837 0.3676322102546692 5319
1767905444571 0.36691397428512573 5329
1767905445304 0.5034539103507996 5339
1767905446038 0.39741840958595276 5349
1767905446771 0.41601765155792236 5359
1767905447504 0.5806311964988708 5369
1767905448236 0.23357966542243958 5379
1767905448969 0.6612545847892761 5389
1767905449701 0.3089483082294464 5399
1767905499899 0.4095537066459656 5409
1767905500633 0.3416537642478943 5419
1767905501365 0.2584800720214844 5429
1767905502100 0.35605186223983765 5439
1767905502833 0.36881813406944275 5449
1767905503565 0.23601733148097992 5459
1767905504300 0.17205572128295898 5469
1767905505032 0.27792349457740784 5479
1767905505765 0.4682105779647827 5489
1767905506499 0.2729661464691162 5499
1767905507231 0.18155261874198914 5509
1767905507963 0.1717943698167801 5519
1767905508696 0.181046724319458 5529
1767905509427 0.3348153531551361 5539
1767905559531 0.44437938928604126 5549
1767905560264 0.46723300218582153 5559
1767905560997 0.19026248157024384 5569
1767905561731 0.34068188071250916 5579
1767905562464 0.9242350459098816 5589
1767905563198 0.39227503538131714 5599
1767905563933 0.5589103102684021 5609
1767905564667 0.28278085589408875 5619
1767905565402 0.24664069712162018 5629
1767905566136 0.7719810605049133 5639
1767905566868 0.19157539308071136 5649
1767905567599 0.6635564565658569 5659
1767905568331 0.4584304988384247 5669
1767905569062 0.28784990310668945 5679
1767905569793 0.6881488561630249 5689
1767905619911 0.44488123059272766 5699
1767905620643 0.32133421301841736 5709
1767905621377 0.2824954688549042 5719
1767905622110 0.21008354425430298 5729
1767905622843 0.33830341696739197 5739
1767905623577 0.20287197828292847 5749
1767905624309 0.5281667113304138 5759
1767905920786 0.2142733335494995 5769
1767905921519 0.5572565197944641 5779
1767905922255 0.40814918279647827 5789
1767905922987 0.5164950489997864 5799
1767905923722 0.38448652625083923 5809
1767905924455 0.34250107407569885 5819
1767905925188 0.17844808101654053 5829
1767905925922 0.09539750218391418 5839
1767905926654 0.3772592842578888 5849
1767905927386 0.21693533658981323 5859
1767905979347 0.21167857944965363 5869
1767905980087 0.3035808801651001 5879
1767905980819 0.44350355863571167 5889
1767905981554 0.25678345561027527 5899
1767905982288 0.6033685803413391 5909
1767905983022 0.34990641474723816 5919
1767905983758 0.4391755163669586 5929
1767905984491 0.4293683171272278 5939
1767905985224 0.3462319076061249 5949
1767905985956 0.3322093188762665 5959
1767905986688 0.13431671261787415 5969
1767905987419 0.40646326541900635 5979
1767905988152 1.0685516595840454 5989
1767905988884 0.36171194911003113 5999
1767905989617 0.4595169723033905 6009
1767906039800 0.41892704367637634 6019
1767906040534 0.20811165869235992 6029
1767906041269 0.3202221095561981 6039
1767906042002 0.3418496549129486 6049
1767906042735 0.2189907729625702 6059
1767906043470 0.19578443467617035 6069
1767906044203 0.46787819266319275 6079
1767906044937 0.2649083137512207 6089
1767906045671 0.3743596076965332 6099
1767906046404 0.3745138943195343 6109
1767906047137 0.4139367640018463 6119
1767906047870 0.2684921622276306 6129
1767906048601 0.1826096475124359 6139
1767906049334 0.10410367697477341 6149
1767906099438 0.5843945741653442 6159
1767906100172 0.5569642782211304 6169
1767906100906 0.47077444195747375 6179
1767906101640 0.17265552282333374 6189
1767906102373 0.23176288604736328 6199
1767906103108 0.4274277687072754 6209
1767906103843 0.42436811327934265 6219
1767906104577 0.2861820459365845 6229
1767906105311 0.27295058965682983 6239
1767906106044 0.4111396074295044 6249
1767906106778 0.4627455770969391 6259
1767906107511 0.5511745810508728 6269
1767906108244 0.3517652750015259 6279
1767906108976 0.47048166394233704 6289
1767906109709 0.3126204013824463 6299
1767906159836 0.5682147741317749 6309
1767906160571 0.30726200342178345 6319
1767906161304 0.3617909550666809 6329
1767906162037 0.15335629880428314 6339
1767906162772 0.52805495262146 6349
1767906163505 0.31721433997154236 6359
1767906164239 0.28294646739959717 6369
1767906164972 0.5056288838386536 6379
1767906165706 0.18396735191345215 6389
1767906166442 0.135616272687912 6399
1767906167174 0.2952525317668915 6409
1767906167905 0.25677964091300964 6419
1767906168638 0.39623573422431946 6429
1767906169370 0.19598621129989624 6439
1767906219589 0.3533112704753876 6449
1767906220323 0.1470394879579544 6459
1767906221056 0.32499536871910095 6469
1767906221791 0.21979393064975739 6479
1767906222524 0.0972369909286499 6489
1767906223255 0.25523290038108826 6499
1767906223990 0.33610981702804565 6509
1767906224723 0.18100453913211823 6519
1767906225456 0.5291222929954529 6529
1767906226191 0.27383238077163696 6539
1767906226923 0.6029457449913025 6549
1767906227655 0.24630331993103027 6559
1767906228388 0.19025292992591858 6569
1767906229120 0.27952343225479126 6579
1767906229852 0.39195844531059265 6589
1767906269065 0.37415316700935364 6599
1767906269803 0.5064457058906555 6609
1767906270538 0.3262127935886383 6619
1767906271274 0.31532350182533264 6629
1767906272011 0.15192824602127075 6639
1767906272746 0.3413076400756836 6649
1767906273482 0.21812577545642853 6659
1767906274220 0.20584611594676971 6669
1767906274956 0.09646283835172653 6679
1767906275691 0.19110837578773499 6689
1767906276426 0.4655621349811554 6699
1767906277163 0.18941524624824524 6709
1767906277900 0.274006187915802 6719
1767906278635 0.3637929856777191 6729
1767906279372 0.3401022255420685 6739
1767906280106 0.1731482297182083 6749
1767906280843 0.05690823495388031 6759
1767906281580 0.13654595613479614 6769
1767906282315 0.36270871758461 6779
1767906283052 0.6009634137153625 6789
1767906283789 0.13468967378139496 6799
1767906284525 0.07777099311351776 6809
1767906285261 0.652999997138977 6819
1767906285997 0.2864283621311188 6829
1767906286735 0.08273552358150482 6839
1767906287473 0.34414997696876526 6849
1767906288208 0.3243106007575989 6859
1767906288944 0.42688989639282227 6869
1767906289681 0.35137951374053955 6879
1767906290416 0.44209015369415283 6889
1767906291150 0.31638991832733154 6899
1767906291885 0.30445098876953125 6909
1767906292619 0.3543456494808197 6919
1767906293355 0.5395199060440063 6929
1767906294091 0.41895627975463867 6939
1767906294828 0.20620135962963104 6949
1767906295565 0.8276455998420715 6959
1767906296301 0.605007529258728 6969
1767906297037 0.3497692346572876 6979
1767906297776 0.27986007928848267 6989
1767906298513 0.19259166717529297 6999
1767906299249 0.22830455005168915 7009
1767906299988 0.2657749056816101 7019
1767906300724 0.304252564907074 7029
1767906301461 0.4728282690048218 7039
1767906302198 0.3326795995235443 7049
1767906302935 0.35519880056381226 7059
1767906303673 0.32133394479751587 7069
1767906304408 0.23891513049602509 7079
1767906305146 0.3251727521419525 7089
1767906305885 0.09541270136833191 7099
1767906306620 0.18243737518787384 7109
1767906307355 0.22717216610908508 7119
1767906308092 0.3255246579647064 7129
1767906308830 0.09979453682899475 7139
1767906309567 0.07950842380523682 7149
1767906310305 0.2490426003932953 7159
1767906311041 0.19799751043319702 7169
1767906311778 0.4272539019584656 7179
1767906312515 0.4650117754936218 7189
1767906313250 0.5354741811752319 7199
1767906328353 0.40008148550987244 7209
1767906329088 0.33648982644081116 7219
1767906329823 0.6358422636985779 7229
1767906330559 0.3830786943435669 7239
1767906331296 0.2589223086833954 7249
1767906332032 0.46295955777168274 7259
1767906332767 0.27754831314086914 7269
1767906333502 0.226460799574852 7279
1767906334238 0.6875401139259338 7289
1767906334973 0.44404837489128113 7299
1767906335713 0.42572641372680664 7309
1767906336451 0.1402144432067871 7319
1767906337189 0.31515011191368103 7329
1767906337924 0.27370738983154297 7339
1767906338661 0.37385740876197815 7349
1767906339398 0.22116117179393768 7359
1767906340137 0.5009137392044067 7369
1767906340876 0.42549413442611694 7379
1767906341614 0.1727312058210373 7389
1767906342351 0.2186865210533142 7399
1767906343087 0.12040400505065918 7409
1767906343822 0.3674558103084564 7419
1767906344559 0.514037013053894 7429
1767906345296 0.1208214983344078 7439
1767906346032 0.10281688719987869 7449
1767906346768 0.21123532950878143 7459
1767906347503 0.42530760169029236 7469
1767906348240 0.1075359582901001 7479
1767906348980 0.23943781852722168 7489
1767906349716 0.34232112765312195 7499
1767906350455 0.21136198937892914 7509
1767906351193 0.226414293050766 7519
1767906351931 0.47604238986968994 7529
1767906352669 0.2620468735694885 7539
1767906353408 0.1705407053232193 7549
1767906354146 0.335071325302124 7559
1767906354884 0.21065174043178558 7569
1767906355620 0.22321107983589172 7579
1767906356355 0.2591491639614105 7589
1767906357093 0.4228706955909729 7599
1767906357827 0.5363641381263733 7609
1767906358564 0.1258912980556488 7619
1767906359300 0.16663657128810883 7629
1767906360038 0.2620466947555542 7639
1767906360775 0.1692895144224167 7649
1767906361510 0.2090618908405304 7659
1767906362244 0.34879836440086365 7669
1767906362983 0.12887990474700928 7679
1767906363719 0.0641103982925415 7689
1767906364456 0.2918517589569092 7699
1767906365193 0.1945672184228897 7709
1767906365928 0.3235931992530823 7719
1767906366662 0.3517502546310425 7729
1767906367400 0.26656532287597656 7739
1767906368136 0.6142624020576477 7749
1767906368874 0.43122291564941406 7759
1767906369611 0.17170833051204681 7769
1767906370348 0.07878866046667099 7779
1767906371086 0.1290939748287201 7789
1767906371823 0.06951142847537994 7799
1767906372560 0.44319093227386475 7809
1767906373300 0.45171016454696655 7819
1767906374037 0.3520754277706146 7829
1767906374775 0.3416138291358948 7839
1767906375513 0.10734188556671143 7849
1767906376248 0.3488917350769043 7859
1767906376986 0.3961453139781952 7869
1767906377723 0.1183745339512825 7879
1767906378457 0.1556408703327179 7889
1767906379193 0.3296095132827759 7899
1767906379928 0.17052504420280457 7909
1767906380665 0.4084550440311432 7919
1767906381401 0.4098193943500519 7929
1767906382137 0.36283615231513977 7939
1767906382872 0.26276448369026184 7949
1767906383607 0.2587830424308777 7959
1767906384343 0.2851000726222992 7969
1767906385080 0.1316356211900711 7979
1767906385817 0.19009529054164886 7989
1767906386552 0.4174891710281372 7999
1767906387287 0.32567545771598816 8009
1767906388020 0.13225746154785156 8019
1767906388753 0.4949128329753876 8029
1767906389489 0.31412190198898315 8039
1767906390225 0.018861008808016777 8049
1767906390959 0.27241069078445435 8059
1767906391692 0.28516289591789246 8069
1767906392424 0.11912079900503159 8079
1767906393155 0.1984163373708725 8089
1767906393892 0.24759143590927124 8099
1767906394629 0.128381609916687 8109
1767906395363 0.39213424921035767 8119
1767906396097 0.304222971200943 8129
1767906396831 0.37930944561958313 8139
1767906397568 0.3345069885253906 8149
1767906398302 0.31561845541000366 8159
1767906399037 0.13898347318172455 8169
1767906399774 0.419582724571228 8179
1767906400510 0.29746463894844055 8189
1767906401244 0.314900279045105 8199
1767906401979 0.3846653997898102 8209
1767906402716 0.23368774354457855 8219
1767906403452 0.3903316855430603 8229
1767906404188 0.35646334290504456 8239
1767906404924 0.10419939458370209 8249
1767906405663 0.5658778548240662 8259
1767906406398 0.22062192857265472 8269
1767906407131 0.5334010124206543 8279
1767906407868 0.360087513923645 8289
1767906408603 0.5358309149742126 8299
1767906409336 0.628308892250061 8309
1767906410072 0.29859673976898193 8319
1767906410806 0.2506351172924042 8329
1767906411541 0.22250580787658691 8339
1767906412272 0.08354036509990692 8349
1767906413011 0.352481871843338 8359
1767906413746 0.12871409952640533 8369
1767906414481 0.3432912826538086 8379
1767906415216 0.2540222406387329 8389
1767906415953 0.32982438802719116 8399
1767906416687 0.8486831188201904 8409
1767906417421 0.3631170690059662 8419
1767906418158 0.5668784379959106 8429
1767906418891 0.16334180533885956 8439
1767906419625 0.1535900980234146 8449
1767906420362 0.43652549386024475 8459
1767906421098 0.38604819774627686 8469
1767906421832 0.21916329860687256 8479
1767906422565 0.5091938376426697 8489
1767906423301 0.29225975275039673 8499
1767906424037 0.31588926911354065 8509
1767906424773 0.4457348585128784 8519
1767906425509 0.2042856514453888 8529
1767906426244 0.8983998894691467 8539
1767906426976 0.5099387764930725 8549
1767906427711 0.28948649764060974 8559
1767906428446 0.07861866801977158 8569
1767906429181 0.32900190353393555 8579
1767906429916 0.6859126091003418 8589
1767906430649 0.4725479483604431 8599
1767906431384 0.2998688817024231 8609
1767906432117 0.10488833487033844 8619
1767906432851 0.2076169103384018 8629
1767906433585 0.3436422646045685 8639
1767906448545 0.40891486406326294 8649
1767906449278 0.1699802428483963 8659
1767906450013 0.7334644198417664 8669
1767906450749 0.11855331063270569 8679
1767906451482 0.23491071164608002 8689
1767906452216 0.16378027200698853 8699
1767906452951 0.08748051524162292 8709
1767906453685 0.1092681884765625 8719
1767906454421 0.025401148945093155 8729
1767906455156 0.188135027885437 8739
1767906455891 0.12810403108596802 8749
1767906456628 0.2718433439731598 8759
1767906457363 0.246027871966362 8769
1767906458098 0.37549394369125366 8779
1767906458834 0.4639984667301178 8789
1767906459568 0.05939663574099541 8799
1767906460300 0.5116469860076904 8809
1767906461035 0.2388923019170761 8819
1767906461769 0.1487702578306198 8829
1767906462504 0.04566723108291626 8839
1767906463238 0.5998234152793884 8849
1767906463973 0.13777507841587067 8859
1767906464707 0.052114859223365784 8869
1767906465440 0.647051215171814 8879
1767906466172 0.4683973491191864 8889
1767906466906 0.10358846187591553 8899
1767906467639 0.5207931399345398 8909
1767906468372 0.5140361189842224 8919
1767906469106 0.24402284622192383 8929
1767906469839 0.17287901043891907 8939
1767906470572 0.22582688927650452 8949
1767906471303 0.3009851574897766 8959
1767906472034 0.26822179555892944 8969
1767906472768 0.2095191329717636 8979
1767906519939 0.273237943649292 8989
1767906520672 0.131246417760849 8999
1767906521406 0.20786334574222565 9009
1767906522140 0.3703199028968811 9019
1767906522872 0.12205413728952408 9029
1767906523605 0.18213312327861786 9039
1767906524341 0.02589104324579239 9049
1767906525073 0.16062688827514648 9059
1767906525806 0.2400209754705429 9069
1767906526540 0.20759698748588562 9079
1767906527272 0.09121892601251602 9089
1767906528003 0.3453700840473175 9099
1767906528735 0.2822149991989136 9109
1767906529465 0.13401874899864197 9119
1767906579700 0.15694886445999146 9129
1767906580433 0.0901043713092804 9139
1767906581165 0.291685551404953 9149
1767906581900 0.41584742069244385 9159
1767906582633 0.37281709909439087 9169
1767906583365 0.2246619164943695 9179
1767906584097 0.16629979014396667 9189
1767906584830 0.27735766768455505 9199
1767906585564 0.3958550989627838 9209
1767906586297 0.2963595688343048 9219
1767906587029 0.10799708962440491 9229
1767906587762 0.24523809552192688 9239
1767906588494 0.3190244734287262 9249
1767906589225 0.10060371458530426 9259
1767906593241 0.07695329189300537 9269
1767906593980 0.030507097020745277 9279
1767906594717 0.02281259186565876 9289
1767906595454 0.2478235512971878 9299
1767906596192 0.314979612827301 9309
1767906596927 0.05018423870205879 9319
1767906597661 0.41439417004585266 9329
1767906598399 0.1867743283510208 9339
1767906599136 0.40813055634498596 9349
1767906599873 0.20777426660060883 9359
1767906600609 0.2429085522890091 9369
1767906601346 0.1968197226524353 9379
1767906602084 0.23100797832012177 9389
