1768130216024 2.6212475299835205 9
1768130216611 2.4545745849609375 19
1768130217200 2.2377219200134277 29
1768130217791 2.326465129852295 39
1768130218378 2.370560646057129 49
1768130218962 2.2354865074157715 59
1768130219548 2.4150607585906982 69
1768130220136 2.2229864597320557 79
1768130220722 2.37518572807312 89
1768130221309 2.2820777893066406 99
1768130221896 2.148267984390259 109
1768130222482 2.0169754028320312 119
1768130223070 2.20633602142334 129
1768130223658 2.199176073074341 139
1768130224245 2.1603238582611084 149
1768130224832 2.057770013809204 159
1768130225420 2.096616268157959 169
1768130226008 2.149425983428955 179
1768130226595 2.1711742877960205 189
1768130227182 2.259134531021118 199
1768130227771 2.003633737564087 209
1768130228356 2.186948776245117 219
1768130228943 2.021622657775879 229
1768130229530 1.932492971420288 239
1768130230116 2.1632089614868164 249
1768130230705 1.9675555229187012 259
1768130231292 1.974983811378479 269
1768130231886 1.9161628484725952 279
1768130232474 2.0335068702697754 289
1768130233062 2.187274217605591 299
1768130233650 1.9416087865829468 309
1768130234237 1.902098298072815 319
1768130234823 2.17636775970459 329
1768130235410 1.9003337621688843 339
1768130236000 2.021127462387085 349
1768130236588 2.0440304279327393 359
1768130237175 1.9290266036987305 369
1768130237767 1.8756191730499268 379
1768130238354 1.8207342624664307 389
1768130238943 2.0984365940093994 399
1768130239531 1.9745124578475952 409
1768130240119 1.9495275020599365 419
1768130240708 1.9191159009933472 429
1768130241296 2.024035930633545 439
1768130241884 1.910492181777954 449
1768130242472 2.037426471710205 459
1768130243058 2.037475347518921 469
1768130243646 1.9740434885025024 479
1768130244234 2.0523488521575928 489
1768130244821 1.951745867729187 499
1768130245408 2.3010785579681396 509
1768130246001 1.886973261833191 519
1768130246592 1.8157895803451538 529
1768130247182 1.7260184288024902 539
1768130247771 1.9739257097244263 549
1768130248371 1.9360172748565674 559
1768130248961 1.8837419748306274 569
1768130249552 2.0249390602111816 579
1768130250142 2.090988874435425 589
1768130250731 2.243321180343628 599
1768130251321 1.8850500583648682 609
1768130251913 1.9373779296875 619
1768130252502 1.9968276023864746 629
1768130253093 2.09574556350708 639
1768130253684 1.834476113319397 649
1768130254277 1.799658179283142 659
1768130254866 2.0503897666931152 669
1768130255456 1.8614376783370972 679
1768130256046 1.7960201501846313 689
1768130256636 1.8564085960388184 699
1768130257227 1.9625931978225708 709
1768130257817 2.018958806991577 719
1768130258407 2.1040964126586914 729
1768130258994 1.7739965915679932 739
1768130259581 1.9053579568862915 749
1768130260171 1.8290294408798218 759
1768130260759 1.89908766746521 769
1768130261349 1.8134046792984009 779
1768130261938 1.9793944358825684 789
1768130262528 1.9540424346923828 799
1768130263119 1.9165674448013306 809
1768130263707 1.9375629425048828 819
1768130264295 1.8511892557144165 829
1768130264883 2.1060726642608643 839
1768130265473 1.884230613708496 849
1768130266061 1.6941394805908203 859
1768130266652 1.8666530847549438 869
1768130267240 1.8797171115875244 879
1768130267830 1.7797378301620483 889
1768130268425 1.7801527976989746 899
1768130269015 2.044661283493042 909
1768130269605 1.6900701522827148 919
1768130270194 1.77193284034729 929
1768130270785 1.80482816696167 939
1768130271374 1.806607961654663 949
1768130271962 1.7926088571548462 959
1768130272554 1.7109931707382202 969
1768130273145 1.7455941438674927 979
1768130273736 2.0295231342315674 989
1768130274326 1.7321093082427979 999
1768130274916 2.175473690032959 1009
1768130275505 1.8834166526794434 1019
1768130276097 1.8352667093276978 1029
1768130276688 1.7059890031814575 1039
1768130277278 1.9193744659423828 1049
1768130277868 1.8669512271881104 1059
1768130278460 1.7185065746307373 1069
1768130279051 1.771540641784668 1079
1768130279643 1.6278727054595947 1089
1768130280233 1.6511791944503784 1099
1768130280825 1.6902484893798828 1109
1768130281414 1.7697491645812988 1119
1768130282005 1.9800360202789307 1129
1768130282596 1.7907596826553345 1139
1768130283186 1.79269540309906 1149
1768130283776 1.6816420555114746 1159
1768130284365 1.729559302330017 1169
1768130284955 1.7266744375228882 1179
1768130285545 1.8623199462890625 1189
1768130286134 1.7389113903045654 1199
1768130286725 1.896736741065979 1209
1768130287311 1.824513554573059 1219
1768130287899 1.6653530597686768 1229
1768130288486 1.781369924545288 1239
1768130289076 1.7612295150756836 1249
1768130289665 1.6440625190734863 1259
1768130290251 1.627895474433899 1269
1768130290841 1.6613860130310059 1279
1768130291430 1.7879881858825684 1289
1768130292020 1.6725444793701172 1299
1768130292610 1.9745879173278809 1309
1768130293200 1.6951651573181152 1319
1768130293789 1.79641592502594 1329
1768130294379 1.8326870203018188 1339
1768130294970 1.7405019998550415 1349
1768130295561 1.8360552787780762 1359
1768130296150 1.6856005191802979 1369
1768130296741 1.8510513305664062 1379
1768130297331 1.850111961364746 1389
1768130297921 1.6734545230865479 1399
1768130298510 1.5608478784561157 1409
1768130299098 1.7262591123580933 1419
1768130299685 1.8866677284240723 1429
1768130300270 1.6569160223007202 1439
1768130313941 1.7737880945205688 1449
1768130314530 1.755167841911316 1459
1768130315120 1.8053637742996216 1469
1768130315709 1.6854761838912964 1479
1768130316297 1.8662769794464111 1489
1768130316886 1.7986369132995605 1499
1768130317475 1.8546074628829956 1509
1768130318063 1.860093593597412 1519
1768130318651 1.7173802852630615 1529
1768130319241 1.5744887590408325 1539
1768130319830 1.6964040994644165 1549
1768130320418 1.8241088390350342 1559
1768130321007 1.604714035987854 1569
1768130321598 1.8087897300720215 1579
1768130322185 1.7690584659576416 1589
1768130322774 1.515841007232666 1599
1768130323362 1.6538838148117065 1609
1768130323950 1.7360646724700928 1619
1768130324538 1.9143595695495605 1629
1768130325126 1.820931315422058 1639
1768130325716 1.595685362815857 1649
1768130326305 1.8032581806182861 1659
1768130326893 1.6487298011779785 1669
1768130327481 1.737436056137085 1679
1768130328076 1.6794477701187134 1689
1768130328665 1.7836377620697021 1699
1768130329252 1.6703112125396729 1709
1768130329840 1.5049211978912354 1719
1768130330427 1.6565475463867188 1729
1768130331017 1.7612839937210083 1739
1768130331606 1.6840910911560059 1749
1768130332194 1.5748348236083984 1759
1768130332781 1.764854073524475 1769
1768130333371 1.9209917783737183 1779
1768130333960 1.9349615573883057 1789
1768130334548 1.766282558441162 1799
1768130335137 1.632143259048462 1809
1768130335726 1.5632928609848022 1819
1768130336314 1.7704607248306274 1829
1768130336905 1.7012014389038086 1839
1768130337496 1.7056649923324585 1849
1768130338086 1.8275361061096191 1859
1768130338673 1.7554579973220825 1869
1768130339262 1.6743611097335815 1879
1768130339851 1.7453081607818604 1889
1768130340441 1.5348740816116333 1899
1768130341030 1.7162771224975586 1909
1768130341620 1.7039769887924194 1919
1768130342211 1.7157124280929565 1929
1768130342801 1.727540373802185 1939
1768130343390 1.6372942924499512 1949
1768130343980 1.6210776567459106 1959
1768130344569 1.6178359985351562 1969
1768130345160 1.6997483968734741 1979
1768130345749 1.7322698831558228 1989
1768130346337 1.8067822456359863 1999
1768130346927 1.8061972856521606 2009
1768130347515 1.6822048425674438 2019
1768130348109 1.6566205024719238 2029
1768130348698 1.6051831245422363 2039
1768130349286 1.6081680059432983 2049
1768130349874 1.5993597507476807 2059
1768130350464 1.585254430770874 2069
1768130351053 1.6880403757095337 2079
1768130351645 1.7649294137954712 2089
1768130352236 1.7777963876724243 2099
1768130352826 1.767773985862732 2109
1768130353415 1.751094937324524 2119
1768130354005 1.731312870979309 2129
1768130354594 1.828710913658142 2139
1768130355183 1.7307194471359253 2149
1768130355772 1.9063552618026733 2159
1768130356362 1.843017816543579 2169
1768130356954 1.6982769966125488 2179
1768130357543 1.6367156505584717 2189
1768130358134 1.593361496925354 2199
1768130358723 1.6682209968566895 2209
1768130359312 1.653245210647583 2219
1768130359902 1.6596750020980835 2229
1768130360493 1.8643608093261719 2239
1768130361084 1.6917684078216553 2249
1768130361674 1.4890815019607544 2259
1768130362263 1.7451307773590088 2269
1768130362852 1.6004594564437866 2279
1768130363441 1.6755071878433228 2289
1768130364031 1.819672703742981 2299
1768130364622 1.6857986450195312 2309
1768130365211 1.6360290050506592 2319
1768130365802 1.5790313482284546 2329
1768130366393 1.699485182762146 2339
1768130366982 1.7553495168685913 2349
1768130367571 1.677990198135376 2359
1768130368166 1.6022863388061523 2369
1768130368756 1.5218557119369507 2379
1768130369345 1.4933362007141113 2389
1768130369934 1.5521163940429688 2399
1768130370524 1.4765504598617554 2409
1768130371113 1.5153073072433472 2419
1768130371703 1.5936802625656128 2429
1768130372293 1.6325467824935913 2439
1768130372883 1.6825534105300903 2449
1768130373472 1.580684781074524 2459
1768130374063 1.718437910079956 2469
1768130374652 1.6766149997711182 2479
1768130375241 1.546924114227295 2489
1768130375828 1.6430257558822632 2499
1768130376417 1.6472318172454834 2509
1768130377008 1.6373528242111206 2519
1768130377597 1.63254976272583 2529
1768130378186 1.6931207180023193 2539
1768130378775 1.4872196912765503 2549
1768130379364 1.6601895093917847 2559
1768130379953 1.6682180166244507 2569
1768130380543 1.8726537227630615 2579
1768130381132 1.5044513940811157 2589
1768130381723 1.6006286144256592 2599
1768130382312 1.5852093696594238 2609
1768130382903 1.546293020248413 2619
1768130383491 1.7122793197631836 2629
1768130384080 1.7278505563735962 2639
1768130384670 1.8795852661132812 2649
1768130385258 1.5116246938705444 2659
1768130385847 1.7456746101379395 2669
1768130386437 1.7560844421386719 2679
1768130387027 1.6533582210540771 2689
1768130387616 1.5666183233261108 2699
1768130388213 1.517020344734192 2709
1768130388805 1.5118491649627686 2719
1768130389395 1.774216890335083 2729
1768130389984 1.624786615371704 2739
1768130390572 1.7427729368209839 2749
1768130391161 1.8609954118728638 2759
1768130391751 1.7507727146148682 2769
1768130392341 1.6822692155838013 2779
1768130392931 1.7312787771224976 2789
1768130393520 1.7077970504760742 2799
1768130394110 1.5684198141098022 2809
1768130394699 1.6548092365264893 2819
1768130395288 1.764256238937378 2829
1768130395876 1.5746599435806274 2839
1768130396466 1.6696112155914307 2849
1768130397057 1.6219570636749268 2859
1768130397647 1.5896947383880615 2869
1768130398235 1.6148014068603516 2879
1768130411692 1.745144009590149 2889
1768130412281 1.4781216382980347 2899
1768130412872 1.5820549726486206 2909
1768130413461 1.6549270153045654 2919
1768130414050 1.6516495943069458 2929
1768130414639 1.6134976148605347 2939
1768130415228 1.636920690536499 2949
1768130415816 1.656736135482788 2959
1768130416404 1.6281108856201172 2969
1768130416994 1.6665198802947998 2979
1768130417583 1.5772358179092407 2989
1768130418173 1.7350724935531616 2999
1768130418761 1.6958166360855103 3009
1768130419350 1.8204896450042725 3019
1768130419939 1.6531813144683838 3029
1768130420528 1.6967520713806152 3039
1768130421118 1.5940568447113037 3049
1768130421708 1.4491088390350342 3059
1768130422298 1.6189417839050293 3069
1768130422888 1.7276289463043213 3079
1768130423476 1.758379340171814 3089
1768130424066 1.755414366722107 3099
1768130424656 1.52632737159729 3109
1768130425246 1.5417962074279785 3119
1768130425835 1.6077702045440674 3129
1768130426425 1.4603562355041504 3139
1768130427015 1.632200002670288 3149
1768130427604 1.6126502752304077 3159
1768130428206 1.6526129245758057 3169
1768130428796 1.4767059087753296 3179
1768130429386 1.57781982421875 3189
1768130429977 1.7620108127593994 3199
1768130430566 1.6305865049362183 3209
1768130431155 1.724384069442749 3219
1768130431745 1.5857778787612915 3229
1768130432334 1.5819361209869385 3239
1768130432922 1.619840383529663 3249
1768130433511 1.5798794031143188 3259
1768130434101 1.6961666345596313 3269
1768130434690 1.6889894008636475 3279
1768130435281 1.8283153772354126 3289
1768130435869 1.6258785724639893 3299
1768130436460 1.603868007659912 3309
1768130437051 1.54147207736969 3319
1768130437642 1.6629483699798584 3329
1768130438232 1.595936894416809 3339
1768130438820 1.6107714176177979 3349
1768130439409 1.7103803157806396 3359
1768130439997 1.6784751415252686 3369
1768130440586 1.6787153482437134 3379
1768130441175 1.6488524675369263 3389
1768130441766 1.51075279712677 3399
1768130442354 1.6942942142486572 3409
1768130442943 1.5532277822494507 3419
1768130443533 1.6227236986160278 3429
1768130444121 1.8446711301803589 3439
1768130444711 1.664797067642212 3449
1768130445300 1.5987435579299927 3459
1768130445890 1.5766301155090332 3469
1768130446479 1.5121378898620605 3479
1768130447069 1.6254976987838745 3489
1768130447660 1.7252614498138428 3499
1768130448249 1.6756591796875 3509
1768130448839 1.6945801973342896 3519
1768130449430 1.757683515548706 3529
1768130450020 1.7026034593582153 3539
1768130450609 1.7426496744155884 3549
1768130451198 1.8243193626403809 3559
1768130451788 1.5719369649887085 3569
1768130452375 1.6549116373062134 3579
1768130452962 1.7158772945404053 3589
1768130453553 1.6890252828598022 3599
1768130454142 1.7220344543457031 3609
1768130454732 1.7254085540771484 3619
1768130455322 1.575966477394104 3629
1768130455912 1.713091492652893 3639
1768130456501 1.6141613721847534 3649
1768130457091 1.5257821083068848 3659
1768130457681 1.4463424682617188 3669
1768130458272 1.7523083686828613 3679
1768130458861 1.6385998725891113 3689
1768130459451 1.6504098176956177 3699
1768130460043 1.6270482540130615 3709
1768130460634 1.8241252899169922 3719
1768130461226 1.47575044631958 3729
1768130461819 1.5876030921936035 3739
1768130462409 1.6066943407058716 3749
1768130462999 1.6458096504211426 3759
1768130463589 1.7223867177963257 3769
1768130464180 1.5961740016937256 3779
1768130464771 1.5071810483932495 3789
1768130465360 1.870524525642395 3799
1768130465951 1.4920105934143066 3809
1768130466542 1.6451047658920288 3819
1768130467133 1.66814386844635 3829
1768130467723 1.554282307624817 3839
1768130468312 1.5248479843139648 3849
1768130468900 1.8401479721069336 3859
1768130469491 1.7255265712738037 3869
1768130470083 1.5105912685394287 3879
1768130470672 1.6784167289733887 3889
1768130471260 1.6428674459457397 3899
1768130471850 1.5064184665679932 3909
1768130472442 1.5108095407485962 3919
1768130473033 1.50967276096344 3929
1768130473622 1.6599712371826172 3939
1768130474213 1.4541805982589722 3949
1768130474802 1.7370333671569824 3959
1768130475389 1.5328240394592285 3969
1768130475980 1.5764238834381104 3979
1768130476570 1.5694389343261719 3989
1768130477159 1.6647613048553467 3999
1768130477748 1.4889332056045532 4009
1768130478338 1.6379314661026 4019
1768130478926 1.5571999549865723 4029
1768130479515 1.6894569396972656 4039
1768130480106 1.6322780847549438 4049
1768130480694 1.5506187677383423 4059
1768130481284 1.6186790466308594 4069
1768130481873 1.5034459829330444 4079
1768130482464 1.5793256759643555 4089
1768130483053 1.4415342807769775 4099
1768130483642 1.4664782285690308 4109
1768130484233 1.7739355564117432 4119
1768130484821 1.501404047012329 4129
1768130485411 1.4921256303787231 4139
1768130486002 1.543039083480835 4149
1768130486591 1.6354665756225586 4159
1768130487180 1.4109512567520142 4169
1768130487770 1.4725631475448608 4179
1768130488369 1.9160608053207397 4189
1768130488959 1.5247734785079956 4199
1768130489547 1.569386601448059 4209
1768130490136 1.5617523193359375 4219
1768130490726 1.754197359085083 4229
1768130491315 1.5851941108703613 4239
1768130491905 1.8199318647384644 4249
1768130492495 1.6012526750564575 4259
1768130493084 1.5567667484283447 4269
1768130493673 1.4835565090179443 4279
1768130494264 1.684856653213501 4289
1768130494854 1.6464632749557495 4299
1768130495444 1.5475547313690186 4309
1768130496031 1.488290786743164 4319
1768130509511 1.5277941226959229 4329
1768130510101 1.6710140705108643 4339
1768130510694 1.5996160507202148 4349
1768130511283 1.716835856437683 4359
1768130511871 1.6349072456359863 4369
1768130512460 1.5789707899093628 4379
1768130513049 1.5402882099151611 4389
1768130513639 1.482147216796875 4399
1768130514228 1.526983618736267 4409
1768130514818 1.4841293096542358 4419
1768130515407 1.6299108266830444 4429
1768130515996 1.6379876136779785 4439
1768130516584 1.832100749015808 4449
1768130517174 1.4835833311080933 4459
1768130517764 1.6705073118209839 4469
1768130518352 1.4272725582122803 4479
1768130518943 1.6370741128921509 4489
1768130519534 1.75037682056427 4499
1768130520124 1.5911848545074463 4509
1768130520714 1.6075234413146973 4519
1768130521303 1.6510884761810303 4529
1768130521892 1.6638157367706299 4539
1768130522481 1.5042084455490112 4549
1768130523070 1.4497464895248413 4559
1768130523659 1.744085669517517 4569
1768130524248 1.5917317867279053 4579
1768130524837 1.639721393585205 4589
1768130525428 1.821640133857727 4599
1768130526017 1.8248342275619507 4609
1768130526607 1.6533849239349365 4619
1768130527196 1.4643993377685547 4629
1768130527786 1.6825063228607178 4639
1768130528375 1.6707689762115479 4649
1768130528966 1.562301754951477 4659
1768130529557 1.6665438413619995 4669
1768130530147 1.5676242113113403 4679
1768130530737 1.5408074855804443 4689
1768130531329 1.7272491455078125 4699
1768130531918 1.5717048645019531 4709
1768130532510 1.666148066520691 4719
1768130533102 1.672620177268982 4729
1768130533693 1.7148113250732422 4739
1768130534283 1.7801241874694824 4749
1768130534873 1.538248896598816 4759
1768130535465 1.4590102434158325 4769
1768130536056 1.465773582458496 4779
1768130536647 1.6635698080062866 4789
1768130537240 1.6312943696975708 4799
1768130537831 1.5989015102386475 4809
1768130538420 1.6319719552993774 4819
1768130539008 1.6082220077514648 4829
1768130539598 1.6148617267608643 4839
1768130540186 1.4729957580566406 4849
1768130540776 1.6968659162521362 4859
1768130541366 1.5540210008621216 4869
1768130541954 1.6340088844299316 4879
1768130542542 1.68490731716156 4889
1768130543132 1.5348451137542725 4899
1768130543721 1.7397371530532837 4909
1768130544310 1.6237059831619263 4919
1768130544900 1.571245551109314 4929
1768130545489 1.4562791585922241 4939
1768130546075 1.46067476272583 4949
1768130546664 1.6754086017608643 4959
1768130547254 1.6069412231445312 4969
1768130547842 1.643694281578064 4979
1768130548432 1.6600546836853027 4989
1768130549021 1.6069691181182861 4999
1768130549611 1.4322346448898315 5009
1768130550202 1.7407851219177246 5019
1768130550791 1.5389821529388428 5029
1768130551381 1.6914143562316895 5039
1768130551969 1.5177226066589355 5049
1768130552559 1.6780062913894653 5059
1768130553148 1.8104995489120483 5069
1768130553738 1.5877877473831177 5079
1768130554327 1.4184842109680176 5089
1768130554916 1.5425776243209839 5099
1768130555506 1.4402841329574585 5109
1768130556095 1.5654125213623047 5119
1768130556684 1.487722396850586 5129
1768130557272 1.5701043605804443 5139
1768130557865 1.524126410484314 5149
1768130558453 1.579672932624817 5159
1768130559042 1.6061065196990967 5169
1768130559631 1.6193137168884277 5179
1768130560219 1.4632288217544556 5189
1768130560808 1.641497015953064 5199
1768130561396 1.4329770803451538 5209
1768130561985 1.6126002073287964 5219
1768130562575 1.593296766281128 5229
1768130563163 1.65836501121521 5239
1768130563754 1.5897780656814575 5249
1768130564343 1.5402599573135376 5259
1768130564934 1.5140371322631836 5269
1768130565523 1.5945550203323364 5279
1768130566113 1.8543028831481934 5289
1768130566701 1.490040898323059 5299
1768130567290 1.610737919807434 5309
1768130567881 1.46851646900177 5319
1768130568470 1.6027283668518066 5329
1768130569059 1.7036757469177246 5339
1768130569647 1.6254225969314575 5349
1768130570234 1.5611937046051025 5359
1768130570821 1.4225332736968994 5369
1768130571408 1.557848572731018 5379
1768130571997 1.6651865243911743 5389
1768130572586 1.6819649934768677 5399
1768130573174 1.5650113821029663 5409
1768130573766 1.4285311698913574 5419
1768130574355 1.5065417289733887 5429
1768130574943 1.6973506212234497 5439
1768130575531 1.5134012699127197 5449
1768130576122 1.3961440324783325 5459
1768130576712 1.6422163248062134 5469
1768130577301 1.608511209487915 5479
1768130577890 1.794358730316162 5489
1768130578478 1.52009916305542 5499
1768130579066 1.4950913190841675 5509
1768130579655 1.4744654893875122 5519
1768130580244 1.5690819025039673 5529
1768130580833 1.733329176902771 5539
1768130581422 1.6516104936599731 5549
1768130582012 1.562498688697815 5559
1768130582602 1.715272068977356 5569
1768130583190 1.6661573648452759 5579
1768130583779 1.6861997842788696 5589
1768130584369 1.732968807220459 5599
1768130584958 1.4911739826202393 5609
1768130585546 1.671948790550232 5619
1768130586135 1.5617893934249878 5629
1768130586723 1.5794966220855713 5639
1768130587311 1.4696078300476074 5649
1768130587899 1.5778532028198242 5659
1768130588487 1.7207099199295044 5669
1768130589073 1.5569438934326172 5679
1768130589661 1.5933061838150024 5689
1768130590250 1.48563551902771 5699
1768130590838 1.556570053100586 5709
1768130591426 1.4997425079345703 5719
1768130592014 1.613046407699585 5729
1768130592604 1.4519283771514893 5739
1768130593191 1.4602137804031372 5749
1768130593778 1.4870611429214478 5759
1768130607076 1.5304349660873413 5769
1768130607664 1.596758484840393 5779
1768130608250 1.86848783493042 5789
1768130608839 1.5579253435134888 5799
1768130609425 1.6012365818023682 5809
1768130610012 1.6677703857421875 5819
1768130610600 1.4697409868240356 5829
1768130611187 1.449511170387268 5839
1768130611776 1.5964864492416382 5849
1768130612365 1.571694016456604 5859
1768130612954 1.677187204360962 5869
1768130613543 1.5365164279937744 5879
1768130614133 1.6743568181991577 5889
1768130614721 1.6526877880096436 5899
1768130615308 1.7333722114562988 5909
1768130615897 1.5369623899459839 5919
1768130616487 1.6378780603408813 5929
1768130617077 1.6396970748901367 5939
1768130617666 1.821458101272583 5949
1768130618255 1.7222118377685547 5959
1768130618843 1.3597970008850098 5969
1768130619430 1.4443589448928833 5979
1768130620015 1.5971992015838623 5989
1768130620602 1.6312823295593262 5999
1768130621190 1.5447889566421509 6009
1768130621777 1.5755200386047363 6019
1768130622364 1.544116497039795 6029
1768130622952 1.53352952003479 6039
1768130623539 1.5886340141296387 6049
1768130624127 1.6101266145706177 6059
1768130624716 1.5167794227600098 6069
1768130625304 1.5709173679351807 6079
1768130625892 1.445191502571106 6089
1768130626481 1.5076607465744019 6099
1768130627069 1.5559262037277222 6109
1768130627655 1.5048326253890991 6119
1768130628240 1.5686227083206177 6129
1768130628829 1.5174219608306885 6139
1768130629416 1.4983001947402954 6149
1768130630004 1.6396868228912354 6159
1768130630592 1.714821696281433 6169
1768130631181 1.666491150856018 6179
1768130631768 1.4878212213516235 6189
1768130632355 1.4249999523162842 6199
1768130632944 1.736851453781128 6209
1768130633532 1.579610824584961 6219
1768130634118 1.317711353302002 6229
1768130634707 1.593641757965088 6239
1768130635295 1.5420929193496704 6249
1768130635882 1.6176016330718994 6259
1768130636472 1.6290329694747925 6269
1768130637061 1.5835537910461426 6279
1768130637649 1.4211971759796143 6289
1768130638237 1.3872790336608887 6299
1768130638825 1.7232118844985962 6309
1768130639414 1.4527941942214966 6319
1768130640003 1.5671257972717285 6329
1768130640591 1.509011149406433 6339
1768130641180 1.6850789785385132 6349
1768130641768 1.533244013786316 6359
1768130642355 1.5612444877624512 6369
1768130642945 1.7143185138702393 6379
1768130643533 1.5492935180664062 6389
1768130644120 1.4375840425491333 6399
1768130644705 1.7283685207366943 6409
1768130645292 1.5018969774246216 6419
1768130645876 1.66914701461792 6429
1768130646462 1.4633556604385376 6439
1768130647050 1.6353795528411865 6449
1768130647636 1.4076974391937256 6459
1768130648224 1.513155460357666 6469
1768130648812 1.6988471746444702 6479
1768130649401 1.592454195022583 6489
1768130649988 1.4761221408843994 6499
1768130650573 1.454248309135437 6509
1768130651160 1.5158981084823608 6519
1768130651745 1.4412145614624023 6529
1768130652329 1.6003785133361816 6539
1768130652915 1.4328194856643677 6549
1768130653503 1.5414395332336426 6559
1768130654091 1.6304506063461304 6569
1768130654679 1.563714623451233 6579
1768130655269 1.6475144624710083 6589
1768130655856 1.515227198600769 6599
1768130656443 1.5201998949050903 6609
1768130657031 1.7520956993103027 6619
1768130657618 1.4757320880889893 6629
1768130658203 1.451127290725708 6639
1768130658789 1.627968668937683 6649
1768130659373 1.525227665901184 6659
1768130659961 1.482648253440857 6669
1768130660549 1.4562574625015259 6679
1768130661138 1.5949935913085938 6689
1768130661729 1.5510821342468262 6699
1768130662318 1.5769697427749634 6709
1768130662907 1.6050608158111572 6719
1768130663499 1.601176381111145 6729
1768130664088 1.5445599555969238 6739
1768130664677 1.4050778150558472 6749
1768130665265 1.3874441385269165 6759
1768130665853 1.5135324001312256 6769
1768130666440 1.553052306175232 6779
1768130667028 1.7455352544784546 6789
1768130667616 1.6115847826004028 6799
1768130668204 1.6650303602218628 6809
1768130668792 1.6335479021072388 6819
1768130669380 1.369337558746338 6829
1768130669969 1.383268117904663 6839
1768130670557 1.70184326171875 6849
1768130671145 1.6952366828918457 6859
1768130671734 1.516282320022583 6869
1768130672322 1.505800724029541 6879
1768130672909 1.971322774887085 6889
1768130673497 1.4814950227737427 6899
1768130674083 1.480470895767212 6909
1768130674668 1.5131984949111938 6919
1768130675252 1.6040841341018677 6929
1768130675838 1.5357766151428223 6939
1768130676422 1.6690376996994019 6949
1768130677007 1.5787475109100342 6959
1768130677594 1.5701910257339478 6969
1768130678179 1.507423996925354 6979
1768130678763 1.4922329187393188 6989
1768130679348 1.3810529708862305 6999
1768130679935 1.5352877378463745 7009
1768130680519 1.7452239990234375 7019
1768130681105 1.651304006576538 7029
1768130681690 1.6505622863769531 7039
1768130682275 1.5069226026535034 7049
1768130682860 1.7262041568756104 7059
1768130683445 1.5078874826431274 7069
1768130684035 1.69850754737854 7079
1768130684621 1.498464584350586 7089
1768130685208 1.3841900825500488 7099
1768130685795 1.4712450504302979 7109
1768130686383 1.5135990381240845 7119
1768130686969 1.538720965385437 7129
1768130687556 1.5352473258972168 7139
1768130688146 1.4504516124725342 7149
1768130688734 1.517497181892395 7159
1768130689322 1.4684197902679443 7169
1768130689910 1.4364591836929321 7179
1768130690496 1.6170251369476318 7189
1768130691081 1.5597214698791504 7199
1768130704445 1.601901650428772 7209
1768130705030 1.6088521480560303 7219
1768130705617 1.5753638744354248 7229
1768130706205 1.5341262817382812 7239
1768130706793 1.5380494594573975 7249
1768130707380 1.451373815536499 7259
1768130707968 1.4898544549942017 7269
1768130708556 1.6044182777404785 7279
1768130709141 1.541244626045227 7289
1768130709728 1.6608500480651855 7299
1768130710315 1.4192473888397217 7309
1768130710902 1.5221868753433228 7319
1768130711489 1.6115195751190186 7329
1768130712076 1.4982248544692993 7339
1768130712664 1.4146281480789185 7349
1768130713251 1.5676814317703247 7359
1768130713837 1.4363269805908203 7369
1768130714426 1.6267446279525757 7379
1768130715013 1.5223489999771118 7389
1768130715599 1.5151482820510864 7399
1768130716186 1.4321116209030151 7409
1768130716773 1.472973108291626 7419
1768130717359 1.686341643333435 7429
1768130717945 1.5154402256011963 7439
1768130718533 1.4120609760284424 7449
1768130719119 1.3834985494613647 7459
1768130719705 1.6356170177459717 7469
1768130720292 1.4404335021972656 7479
1768130720880 1.5433512926101685 7489
1768130721469 1.5618911981582642 7499
1768130722056 1.4400497674942017 7509
1768130722645 1.5030356645584106 7519
1768130723233 1.6379330158233643 7529
1768130723820 1.69899320602417 7539
1768130724409 1.5096917152404785 7549
1768130724997 1.4018523693084717 7559
1768130725586 1.5214862823486328 7569
1768130726175 1.5226473808288574 7579
1768130726764 1.6356858015060425 7589
1768130727352 1.6393110752105713 7599
1768130727940 1.5229319334030151 7609
1768130728529 1.455195426940918 7619
1768130729117 1.543725609779358 7629
1768130729706 1.3784552812576294 7639
1768130730294 1.453601598739624 7649
1768130730883 1.3960198163986206 7659
1768130731471 1.6444790363311768 7669
1768130732058 1.3835264444351196 7679
1768130732648 1.453493356704712 7689
1768130733236 1.5148017406463623 7699
1768130733825 1.5410423278808594 7709
1768130734413 1.4805951118469238 7719
1768130735002 1.633443832397461 7729
1768130735590 1.7357497215270996 7739
1768130736177 1.8504769802093506 7749
1768130736767 1.5525485277175903 7759
1768130737356 1.5059760808944702 7769
1768130737943 1.340409517288208 7779
1768130738532 1.4496334791183472 7789
1768130739120 1.4320495128631592 7799
1768130739708 1.6467030048370361 7809
1768130740297 1.5513274669647217 7819
1768130740886 1.4325131177902222 7829
1768130741475 1.5299837589263916 7839
1768130742062 1.3972103595733643 7849
1768130742650 1.5604815483093262 7859
1768130743236 1.5422189235687256 7869
1768130743825 1.7223174571990967 7879
1768130744410 1.4533214569091797 7889
1768130744999 1.6573374271392822 7899
1768130745588 1.4856098890304565 7909
1768130746175 1.5308178663253784 7919
1768130746766 1.6235073804855347 7929
1768130747355 1.6088447570800781 7939
1768130747943 1.3463540077209473 7949
1768130748530 1.4148038625717163 7959
1768130749120 1.4125498533248901 7969
1768130749708 1.4253109693527222 7979
1768130750295 1.4540592432022095 7989
1768130750884 1.4946264028549194 7999
1768130751472 1.4516345262527466 8009
1768130752061 1.4784117937088013 8019
1768130752649 1.4611977338790894 8029
1768130753240 1.5878221988677979 8039
1768130753828 1.5322884321212769 8049
1768130754416 1.443369746208191 8059
1768130755006 1.6335009336471558 8069
1768130755595 1.3419657945632935 8079
1768130756184 1.642974615097046 8089
1768130756772 1.4598971605300903 8099
1768130757361 1.5885757207870483 8109
1768130757950 1.412037968635559 8119
1768130758538 2.024550437927246 8129
1768130759128 1.718597650527954 8139
1768130759716 1.7281888723373413 8149
1768130760305 1.5017040967941284 8159
1768130760894 1.4889905452728271 8169
1768130761484 1.4553381204605103 8179
1768130762072 1.5282622575759888 8189
1768130762661 1.435516357421875 8199
1768130763250 1.5765881538391113 8209
1768130763836 1.481365442276001 8219
1768130764424 1.4026192426681519 8229
1768130765012 1.4756276607513428 8239
1768130765601 1.6070879697799683 8249
1768130766189 1.675501823425293 8259
1768130766778 1.4685760736465454 8269
1768130767368 1.5954269170761108 8279
1768130767957 1.4836269617080688 8289
1768130768545 1.575362205505371 8299
1768130769134 1.4144413471221924 8309
1768130769721 1.519092321395874 8319
1768130770307 1.5195869207382202 8329
1768130770894 1.7198853492736816 8339
1768130771482 1.4179812669754028 8349
1768130772067 1.4511969089508057 8359
1768130772654 1.4816758632659912 8369
1768130773246 1.5002424716949463 8379
1768130773834 1.361893892288208 8389
1768130774421 1.6448354721069336 8399
1768130775010 1.525564193725586 8409
1768130775598 1.547068476676941 8419
1768130776185 1.5604256391525269 8429
1768130776773 1.4645256996154785 8439
1768130777363 1.451859712600708 8449
1768130777951 1.6283358335494995 8459
1768130778540 1.5913058519363403 8469
1768130779127 1.5314044952392578 8479
1768130779715 1.5275442600250244 8489
1768130780304 1.6182299852371216 8499
1768130780892 1.4558112621307373 8509
1768130781480 1.5674941539764404 8519
1768130782066 1.53511381149292 8529
1768130782651 1.5771299600601196 8539
1768130783236 1.5941619873046875 8549
1768130783824 1.5059982538223267 8559
1768130784412 1.558152437210083 8569
1768130785000 1.5550804138183594 8579
1768130785589 1.4624356031417847 8589
1768130786176 1.5620983839035034 8599
1768130786765 1.5059276819229126 8609
1768130787353 1.451729416847229 8619
1768130787942 1.5847512483596802 8629
1768130788529 1.536561131477356 8639
1768130801904 1.5493911504745483 8649
1768130802487 1.5134903192520142 8659
1768130803069 1.6751207113265991 8669
1768130803653 1.4803568124771118 8679
1768130804238 1.6194427013397217 8689
1768130804823 1.5994352102279663 8699
1768130805407 1.4670692682266235 8709
1768130805993 1.3893715143203735 8719
1768130806578 1.5071688890457153 8729
1768130807162 1.6211212873458862 8739
1768130807748 1.3273550271987915 8749
1768130808336 1.694444179534912 8759
1768130808923 1.4153110980987549 8769
1768130809510 1.4340389966964722 8779
1768130810099 1.5768197774887085 8789
1768130810684 1.5274581909179688 8799
1768130811270 1.5387940406799316 8809
1768130811857 1.602417230606079 8819
1768130812445 1.4489413499832153 8829
1768130813033 1.4021563529968262 8839
1768130813620 1.4622302055358887 8849
1768130814209 1.5125329494476318 8859
1768130814797 1.531296968460083 8869
1768130815382 1.7372595071792603 8879
1768130815968 1.5911924839019775 8889
1768130816553 1.7842671871185303 8899
1768130817136 1.4189801216125488 8909
1768130817719 1.460384488105774 8919
1768130818304 1.4515131711959839 8929
1768130818887 1.5631253719329834 8939
1768130819470 1.4326883554458618 8949
1768130820053 1.4025449752807617 8959
1768130820637 1.5377618074417114 8969
1768130821221 1.5295993089675903 8979
1768130821804 1.504549503326416 8989
1768130822392 1.4561938047409058 8999
1768130822980 1.4586538076400757 9009
1768130823568 1.5175297260284424 9019
1768130824157 1.4254783391952515 9029
1768130824743 1.5636533498764038 9039
1768130825328 1.4254180192947388 9049
1768130825914 1.6013540029525757 9059
1768130826500 1.4252548217773438 9069
1768130827086 1.5180752277374268 9079
1768130827672 1.3982990980148315 9089
1768130828259 1.5361709594726562 9099
1768130828844 1.5644713640213013 9109
1768130829430 1.5530495643615723 9119
1768130830015 1.5543540716171265 9129
1768130830603 1.4173591136932373 9139
1768130831188 1.5184670686721802 9149
1768130831773 1.395588994026184 9159
1768130832358 1.670671820640564 9169
1768130832944 1.5147987604141235 9179
1768130833528 1.4440711736679077 9189
1768130834112 1.4400269985198975 9199
1768130834697 1.498000144958496 9209
1768130835281 1.5456891059875488 9219
1768130835864 1.3257293701171875 9229
1768130836452 1.641349196434021 9239
1768130837039 1.7507953643798828 9249
1768130837625 1.4521955251693726 9259
1768130838210 1.5100743770599365 9269
1768130838799 1.3635414838790894 9279
1768130839385 1.3198537826538086 9289
1768130839972 1.4463980197906494 9299
1768130840559 1.4894720315933228 9309
1768130841147 1.6111141443252563 9319
1768130841735 1.362185001373291 9329
1768130842322 1.5271090269088745 9339
1768130842912 1.4947479963302612 9349
1768130843501 1.3702435493469238 9359
1768130844088 1.5066133737564087 9369
1768130844677 1.4920997619628906 9379
1768130845265 1.5064469575881958 9389
1768130845852 1.4134392738342285 9399
1768130846440 1.3835220336914062 9409
1768130847029 1.418061375617981 9419
1768130847617 1.4769517183303833 9429
1768130848204 1.46773099899292 9439
1768130848792 1.4542559385299683 9449
1768130849376 1.6047077178955078 9459
1768130849962 1.6280584335327148 9469
1768130850550 1.6503217220306396 9479
1768130851139 1.5889488458633423 9489
1768130851726 1.2863452434539795 9499
1768130852314 1.4677566289901733 9509
1768130852902 1.3862686157226562 9519
1768130853490 1.4378340244293213 9529
1768130854080 1.5578081607818604 9539
1768130854669 1.8012199401855469 9549
1768130855257 1.615264892578125 9559
1768130855845 1.5569149255752563 9569
1768130856430 1.44987154006958 9579
1768130857017 1.5161629915237427 9589
1768130857602 1.5523278713226318 9599
1768130858187 1.520025610923767 9609
1768130858774 1.5924705266952515 9619
1768130859358 1.66892671585083 9629
1768130859943 1.4895683526992798 9639
1768130860528 1.5930120944976807 9649
1768130861114 1.5023858547210693 9659
1768130861699 1.5808669328689575 9669
1768130862284 1.5441300868988037 9679
1768130862871 1.518890619277954 9689
1768130863456 1.5776052474975586 9699
1768130864040 1.425386905670166 9709
1768130864624 1.477883219718933 9719
1768130865211 1.3413649797439575 9729
1768130865796 1.6200251579284668 9739
1768130866381 1.4169955253601074 9749
1768130866967 1.4186573028564453 9759
1768130867552 1.4125889539718628 9769
1768130868137 1.4744994640350342 9779
1768130868722 1.5621144771575928 9789
1768130869308 1.516198992729187 9799
1768130869893 1.455108880996704 9809
1768130870477 1.551142692565918 9819
1768130871062 1.5504144430160522 9829
1768130871644 1.5967373847961426 9839
1768130872228 1.3141212463378906 9849
1768130872810 1.5560463666915894 9859
1768130873394 1.425191879272461 9869
1768130873977 1.5302306413650513 9879
1768130874559 1.5421844720840454 9889
1768130875142 1.5617791414260864 9899
1768130875724 1.4945640563964844 9909
1768130876307 1.5391470193862915 9919
1768130876889 1.2929431200027466 9929
1768130877473 1.438759446144104 9939
1768130878058 1.4344216585159302 9949
1768130878643 1.398934245109558 9959
1768130879229 1.6010518074035645 9969
1768130879814 1.5097116231918335 9979
1768130880400 1.7621029615402222 9989
1768130880985 1.5314545631408691 9999
1768130881571 1.6016271114349365 10009
1768130882155 1.400593876838684 10019
1768130882739 1.5922505855560303 10029
1768130883325 1.6142765283584595 10039
1768130883907 1.4690505266189575 10049
1768130884490 1.4565125703811646 10059
1768130885072 1.4520214796066284 10069
1768130885655 1.3271071910858154 10079
1768130899068 1.2560746669769287 10089
1768130899657 1.51188325881958 10099
1768130900240 1.4551178216934204 10109
1768130900827 1.4767892360687256 10119
1768130901417 1.536208152770996 10129
1768130902005 1.502204418182373 10139
1768130902594 1.537588119506836 10149
1768130903182 1.33620023727417 10159
1768130903772 1.4081289768218994 10169
1768130904361 1.3494153022766113 10179
1768130904951 1.4617867469787598 10189
1768130905542 1.5820187330245972 10199
1768130906131 1.5683497190475464 10209
1768130906721 1.4846742153167725 10219
1768130907307 1.529259443283081 10229
1768130907896 1.5423247814178467 10239
1768130908483 1.4337579011917114 10249
1768130909070 1.7842806577682495 10259
1768130909658 1.544533610343933 10269
1768130910245 1.4703927040100098 10279
1768130910832 1.3570427894592285 10289
1768130911419 1.5717391967773438 10299
1768130912008 1.5146660804748535 10309
1768130912595 1.3632845878601074 10319
1768130913181 1.6073919534683228 10329
1768130913769 1.6942962408065796 10339
1768130914354 1.5320297479629517 10349
1768130914938 1.4528993368148804 10359
1768130915524 1.3672176599502563 10369
1768130916111 1.517813801765442 10379
1768130916697 1.6899282932281494 10389
1768130917282 1.3834811449050903 10399
1768130917869 1.334796667098999 10409
1768130918453 1.3909233808517456 10419
1768130919038 1.477699875831604 10429
1768130919623 1.599668264389038 10439
1768130920209 1.6448440551757812 10449
1768130920793 1.576894760131836 10459
1768130921380 1.4635072946548462 10469
1768130921967 1.4287993907928467 10479
1768130922556 1.5730355978012085 10489
1768130923145 1.3680939674377441 10499
1768130923732 1.4697617292404175 10509
1768130924321 1.511399507522583 10519
1768130924909 1.6392617225646973 10529
1768130925496 1.4869790077209473 10539
1768130926085 1.444561243057251 10549
1768130926673 1.5623234510421753 10559
1768130927261 1.411132574081421 10569
1768130927846 1.2841846942901611 10579
1768130928434 1.381374478340149 10589
1768130929020 1.4275060892105103 10599
1768130929606 1.4287381172180176 10609
1768130930195 1.258711338043213 10619
1768130930783 1.3837231397628784 10629
1768130931370 1.390224575996399 10639
1768130931957 1.5700531005859375 10649
1768130932546 1.383939504623413 10659
1768130933133 1.4295933246612549 10669
1768130933719 1.42644464969635 10679
1768130934306 1.6786257028579712 10689
1768130934892 1.4794918298721313 10699
1768130935477 1.409179925918579 10709
1768130936062 1.5093963146209717 10719
1768130936649 1.5188443660736084 10729
1768130937237 1.4622536897659302 10739
1768130937825 1.3268569707870483 10749
1768130938416 1.5635124444961548 10759
1768130939004 1.4672225713729858 10769
1768130939592 1.4319660663604736 10779
1768130940182 1.5821627378463745 10789
1768130940772 1.440474510192871 10799
1768130941360 1.4744551181793213 10809
1768130941949 1.449565052986145 10819
1768130942539 1.4046658277511597 10829
1768130943128 1.5002480745315552 10839
1768130943716 1.4355645179748535 10849
1768130944306 1.5362673997879028 10859
1768130944894 1.5187290906906128 10869
1768130945482 1.5304644107818604 10879
1768130946070 1.5359874963760376 10889
1768130946660 1.5316861867904663 10899
1768130947250 1.7847540378570557 10909
1768130947837 1.519200086593628 10919
1768130948427 1.5212160348892212 10929
1768130949015 1.52479088306427 10939
1768130949604 1.343342900276184 10949
1768130950192 1.5112823247909546 10959
1768130950782 1.3667047023773193 10969
1768130951369 1.4300204515457153 10979
1768130951956 1.3516074419021606 10989
1768130952544 1.5012048482894897 10999
1768130953131 1.5232442617416382 11009
1768130953717 1.6155773401260376 11019
1768130954304 1.3756966590881348 11029
1768130954891 1.370512843132019 11039
1768130955477 1.4828252792358398 11049
1768130956063 1.5764961242675781 11059
1768130956652 1.4421018362045288 11069
1768130957241 1.4362084865570068 11079
1768130957828 1.6577988862991333 11089
1768130958417 1.4020938873291016 11099
1768130959006 1.4878346920013428 11109
1768130959594 1.5273128747940063 11119
1768130960181 1.481061339378357 11129
1768130960773 1.5841870307922363 11139
1768130961363 1.3614624738693237 11149
1768130961953 1.499109148979187 11159
1768130962542 1.4265332221984863 11169
1768130963133 1.3494268655776978 11179
1768130963722 1.5704866647720337 11189
1768130964312 1.5402097702026367 11199
1768130964904 1.3574414253234863 11209
1768130965493 1.5394028425216675 11219
1768130966083 1.3848954439163208 11229
1768130966674 1.5404949188232422 11239
1768130967265 1.4404537677764893 11249
1768130967855 1.5189100503921509 11259
1768130968444 1.5464611053466797 11269
1768130969036 1.6552904844284058 11279
1768130969625 1.4361495971679688 11289
1768130970215 1.490329384803772 11299
1768130970805 1.4341161251068115 11309
1768130971396 1.3889694213867188 11319
1768130971985 1.545986294746399 11329
1768130972576 1.551207184791565 11339
1768130973166 1.479228138923645 11349
1768130973755 1.321524977684021 11359
1768130974344 1.303206443786621 11369
1768130974934 1.641600489616394 11379
1768130975522 1.3229056596755981 11389
1768130976112 1.5675767660140991 11399
1768130976701 1.503429889678955 11409
1768130977287 1.5502771139144897 11419
1768130977872 1.4407910108566284 11429
1768130978458 1.4124654531478882 11439
1768130979046 1.55073881149292 11449
1768130979633 1.610434889793396 11459
1768130980220 1.595171332359314 11469
1768130980808 1.2677888870239258 11479
1768130981397 1.362416386604309 11489
1768130981985 1.505365252494812 11499
1768130982572 1.445361852645874 11509
1768130983160 1.3892608880996704 11519
1768130996561 1.4420645236968994 11529
1768130997145 1.8218281269073486 11539
1768130997732 1.5852991342544556 11549
1768130998318 1.556358814239502 11559
1768130998904 1.4292631149291992 11569
1768130999491 1.5104718208312988 11579
1768131000078 1.3635189533233643 11589
1768131000665 1.4499609470367432 11599
1768131001256 1.6668577194213867 11609
1768131001842 1.6089245080947876 11619
1768131002430 1.3439061641693115 11629
1768131003017 1.5976132154464722 11639
1768131003604 1.3361637592315674 11649
1768131004190 1.4554194211959839 11659
1768131004776 1.4985766410827637 11669
1768131005362 1.4979699850082397 11679
1768131005948 1.5083101987838745 11689
1768131006533 1.4387261867523193 11699
1768131007120 1.465834617614746 11709
1768131007708 1.3676655292510986 11719
1768131008297 1.4195083379745483 11729
1768131008886 1.5064938068389893 11739
1768131009475 1.4265422821044922 11749
1768131010062 1.3628840446472168 11759
1768131010650 1.4650590419769287 11769
1768131011235 1.2996206283569336 11779
1768131011820 1.4852032661437988 11789
1768131012406 1.4068971872329712 11799
1768131012993 1.4045077562332153 11809
1768131013583 1.3415974378585815 11819
1768131014170 1.5096725225448608 11829
1768131014756 1.3293811082839966 11839
1768131015342 1.3949187994003296 11849
1768131015930 1.5702227354049683 11859
1768131016516 1.6543890237808228 11869
1768131017104 1.3845309019088745 11879
1768131017690 1.5030165910720825 11889
1768131018276 1.336592674255371 11899
1768131018861 1.6859804391860962 11909
1768131019446 1.5656750202178955 11919
1768131020037 1.3757808208465576 11929
1768131020625 1.439074993133545 11939
1768131021213 1.503952145576477 11949
1768131021802 1.4280003309249878 11959
1768131022390 1.3491469621658325 11969
1768131022978 1.3829683065414429 11979
1768131023566 1.4330520629882812 11989
1768131024155 1.4829304218292236 11999
1768131024744 1.4257376194000244 12009
1768131025332 1.7355250120162964 12019
1768131025921 1.484203815460205 12029
1768131026506 1.484151005744934 12039
1768131027093 1.4205127954483032 12049
1768131027681 1.592363953590393 12059
1768131028270 1.3671919107437134 12069
1768131028858 1.3861275911331177 12079
1768131029446 1.532347321510315 12089
1768131030034 1.4266871213912964 12099
1768131030621 1.2770484685897827 12109
1768131031209 1.5232919454574585 12119
1768131031798 1.5213488340377808 12129
1768131032387 1.4820278882980347 12139
1768131032975 1.4597030878067017 12149
1768131033563 1.5171246528625488 12159
1768131034151 1.629241704940796 12169
1768131034737 1.3392770290374756 12179
1768131035326 1.4577181339263916 12189
1768131035916 1.4666903018951416 12199
1768131036504 1.4103515148162842 12209
1768131037092 1.5452758073806763 12219
1768131037678 1.5401666164398193 12229
1768131038267 1.6473791599273682 12239
1768131038856 1.6068352460861206 12249
1768131039444 1.5018640756607056 12259
1768131040032 1.404246211051941 12269
1768131040620 1.5071759223937988 12279
1768131041208 1.369028925895691 12289
1768131041797 1.466770887374878 12299
1768131042388 1.5054718255996704 12309
1768131042975 1.403826117515564 12319
1768131043562 1.6823900938034058 12329
1768131044151 1.3566856384277344 12339
1768131044737 1.3983994722366333 12349
1768131045322 1.4978970289230347 12359
1768131045908 1.451424241065979 12369
1768131046493 1.5657293796539307 12379
1768131047078 1.4569213390350342 12389
1768131047663 1.4960911273956299 12399
1768131048250 1.584897756576538 12409
1768131048835 1.5300838947296143 12419
1768131049420 1.461757779121399 12429
1768131050005 1.370671033859253 12439
1768131050590 1.5392332077026367 12449
1768131051175 1.500071406364441 12459
1768131051761 1.4167027473449707 12469
1768131052346 1.3448439836502075 12479
1768131052931 1.4662688970565796 12489
1768131053516 1.4827275276184082 12499
1768131054102 1.336818814277649 12509
1768131054688 1.397769570350647 12519
1768131055274 1.485243320465088 12529
1768131055859 1.3820178508758545 12539
1768131056446 1.6664295196533203 12549
1768131057031 1.3078259229660034 12559
1768131057616 1.5974981784820557 12569
1768131058202 1.4063608646392822 12579
1768131058789 1.3790240287780762 12589
1768131059374 1.3158831596374512 12599
1768131059959 1.6111582517623901 12609
1768131060550 1.4327572584152222 12619
1768131061137 1.4973820447921753 12629
1768131061725 1.4795931577682495 12639
1768131062312 1.3378692865371704 12649
1768131062900 1.5123519897460938 12659
1768131063486 1.342983365058899 12669
1768131064074 1.5856454372406006 12679
1768131064664 1.4754310846328735 12689
1768131065254 1.4600883722305298 12699
1768131065840 1.434239149093628 12709
1768131066427 1.533896803855896 12719
1768131067015 1.3962081670761108 12729
1768131067603 1.4770094156265259 12739
1768131068193 1.3738876581192017 12749
1768131068782 1.5127609968185425 12759
1768131069370 1.3542134761810303 12769
1768131069958 1.5300970077514648 12779
1768131070546 1.520641803741455 12789
1768131071134 1.401642918586731 12799
1768131071721 1.260880470275879 12809
1768131072307 1.3888429403305054 12819
1768131072895 1.4847162961959839 12829
1768131073482 1.5137579441070557 12839
1768131074068 1.4145870208740234 12849
1768131074656 1.4321355819702148 12859
1768131075241 1.4056085348129272 12869
1768131075827 1.3415005207061768 12879
1768131076414 1.4134728908538818 12889
1768131077001 1.2484376430511475 12899
1768131077588 1.39845609664917 12909
1768131078174 1.5353296995162964 12919
1768131078762 1.3973901271820068 12929
1768131079348 1.4075427055358887 12939
1768131079934 1.6353679895401 12949
1768131080519 1.3162118196487427 12959
1768131093867 1.5478318929672241 12969
1768131094455 1.5078383684158325 12979
1768131095041 1.5721145868301392 12989
1768131095629 1.389277458190918 12999
1768131096218 1.4690808057785034 13009
1768131096804 1.4758142232894897 13019
1768131097395 1.5333224534988403 13029
1768131097983 1.3387587070465088 13039
1768131098570 1.4487920999526978 13049
1768131099161 1.289846420288086 13059
1768131099750 1.578310489654541 13069
1768131100339 1.5098246335983276 13079
1768131100926 1.3805935382843018 13089
1768131101516 1.3591201305389404 13099
1768131102104 1.706107497215271 13109
1768131102692 1.533409833908081 13119
1768131103282 1.2737789154052734 13129
1768131103869 1.4973080158233643 13139
1768131104457 1.439524531364441 13149
1768131105046 1.4687621593475342 13159
1768131105633 1.4707289934158325 13169
1768131106219 1.43896484375 13179
1768131106805 1.5108352899551392 13189
1768131107392 1.3306950330734253 13199
1768131107978 1.383960485458374 13209
1768131108566 1.3240097761154175 13219
1768131109156 1.3981317281723022 13229
1768131109745 1.6990057229995728 13239
1768131110331 1.4649310111999512 13249
1768131110918 1.3516693115234375 13259
1768131111505 1.4812581539154053 13269
1768131112094 1.3642197847366333 13279
1768131112682 1.4762613773345947 13289
1768131113269 1.3262068033218384 13299
1768131113856 1.5856884717941284 13309
1768131114441 1.5264919996261597 13319
1768131115026 1.4478490352630615 13329
1768131115614 1.3573062419891357 13339
1768131116201 1.3899822235107422 13349
1768131116787 1.4634658098220825 13359
1768131117374 1.380172848701477 13369
1768131117962 1.416138768196106 13379
1768131118548 1.486238718032837 13389
1768131119136 1.3429648876190186 13399
1768131119725 1.6111834049224854 13409
1768131120312 1.5102651119232178 13419
1768131120900 1.3925938606262207 13429
1768131121489 1.4501571655273438 13439
1768131122074 1.6243691444396973 13449
1768131122661 1.6971367597579956 13459
1768131123246 1.3761173486709595 13469
1768131123836 1.4580734968185425 13479
1768131124424 1.5111936330795288 13489
1768131125012 1.3632869720458984 13499
1768131125602 1.4225575923919678 13509
1768131126190 1.3352315425872803 13519
1768131126776 1.5333099365234375 13529
1768131127365 1.479602575302124 13539
1768131127955 1.4649527072906494 13549
1768131128544 1.6000828742980957 13559
1768131129133 1.4988256692886353 13569
1768131129722 1.4795548915863037 13579
1768131130309 1.494248628616333 13589
1768131130896 1.4004639387130737 13599
1768131131484 1.6568533182144165 13609
1768131132072 1.462744116783142 13619
1768131132660 1.4190771579742432 13629
1768131133248 1.4530019760131836 13639
1768131133838 1.4957326650619507 13649
1768131134426 1.3776520490646362 13659
1768131135015 1.6097426414489746 13669
1768131135605 1.3312832117080688 13679
1768131136194 1.511766791343689 13689
1768131136782 1.566915512084961 13699
1768131137371 1.512933373451233 13709
1768131137961 1.471155047416687 13719
1768131138548 1.4442781209945679 13729
1768131139137 1.4441174268722534 13739
1768131139728 1.5503661632537842 13749
1768131140318 1.602847695350647 13759
1768131140907 1.3717329502105713 13769
1768131141497 1.4823002815246582 13779
1768131142085 1.321840524673462 13789
1768131142673 1.3725249767303467 13799
1768131143261 1.311468482017517 13809
1768131143851 1.3066389560699463 13819
1768131144440 1.5722579956054688 13829
1768131145028 1.5559766292572021 13839
1768131145616 1.6128112077713013 13849
1768131146206 1.294144868850708 13859
1768131146795 1.4528776407241821 13869
1768131147382 1.4948294162750244 13879
1768131147970 1.5442125797271729 13889
1768131148558 1.3457038402557373 13899
1768131149147 1.599075436592102 13909
1768131149734 1.3990423679351807 13919
1768131150323 1.2951114177703857 13929
1768131150911 1.535107970237732 13939
1768131151500 1.469600796699524 13949
1768131152090 1.3981462717056274 13959
1768131152679 1.3985466957092285 13969
1768131153267 1.4934817552566528 13979
1768131153855 1.4413584470748901 13989
1768131154445 1.3453881740570068 13999
1768131155034 1.438588261604309 14009
1768131155622 1.5062323808670044 14019
1768131156212 1.413993239402771 14029
1768131156799 1.4726189374923706 14039
1768131157387 1.532703161239624 14049
1768131157976 1.5314401388168335 14059
1768131158565 1.4241182804107666 14069
1768131159153 1.3403050899505615 14079
1768131159742 1.4297579526901245 14089
1768131160331 1.3629049062728882 14099
1768131160919 1.4506664276123047 14109
1768131161508 1.592012643814087 14119
1768131162096 1.375207543373108 14129
1768131162684 1.3780879974365234 14139
1768131163272 1.269443154335022 14149
1768131163861 1.2113010883331299 14159
1768131164450 1.3520339727401733 14169
1768131165039 1.4119983911514282 14179
1768131165627 1.4526963233947754 14189
1768131166217 1.5702035427093506 14199
1768131166806 1.2904763221740723 14209
1768131167393 1.6481423377990723 14219
1768131167982 1.5377291440963745 14229
1768131168572 1.4292930364608765 14239
1768131169160 1.3434813022613525 14249
1768131169749 1.4555721282958984 14259
1768131170339 1.567606806755066 14269
1768131170927 1.335815668106079 14279
1768131171515 1.3463033437728882 14289
1768131172103 1.523863434791565 14299
1768131172692 1.4221101999282837 14309
1768131173281 1.522626519203186 14319
1768131173870 1.4871618747711182 14329
1768131174459 1.3882043361663818 14339
1768131175048 1.4651252031326294 14349
1768131175636 1.4227395057678223 14359
1768131176225 1.5591408014297485 14369
1768131176814 1.5212674140930176 14379
1768131177402 1.5105843544006348 14389
1768131177989 1.4361495971679688 14399
1768131191324 1.4697189331054688 14409
1768131191910 1.3893579244613647 14419
1768131192496 1.3897478580474854 14429
1768131193085 1.6356661319732666 14439
1768131193672 1.5271291732788086 14449
1768131194258 1.3198013305664062 14459
1768131194845 1.4343197345733643 14469
1768131195431 1.609742283821106 14479
1768131196015 1.6525073051452637 14489
1768131196600 1.5939559936523438 14499
1768131197186 1.418581485748291 14509
1768131197772 1.5024867057800293 14519
1768131198357 1.5392030477523804 14529
1768131198944 1.5232658386230469 14539
1768131199529 1.6174417734146118 14549
1768131200115 1.256622552871704 14559
1768131200699 1.2900723218917847 14569
1768131201282 1.3298628330230713 14579
1768131201864 1.483936071395874 14589
1768131202446 1.4334450960159302 14599
1768131203034 1.5646332502365112 14609
1768131203620 1.5383721590042114 14619
1768131204206 1.3903297185897827 14629
1768131204789 1.5685681104660034 14639
1768131205373 1.5198088884353638 14649
1768131205956 1.3030635118484497 14659
1768131206540 1.3680684566497803 14669
1768131207129 1.4795769453048706 14679
1768131207717 1.4664603471755981 14689
1768131208304 1.4913561344146729 14699
1768131208893 1.5656996965408325 14709
1768131209482 1.440824270248413 14719
1768131210069 1.3568172454833984 14729
1768131210657 1.3952513933181763 14739
1768131211244 1.3764629364013672 14749
1768131211833 1.5589864253997803 14759
1768131212420 1.5306682586669922 14769
1768131213007 1.455446720123291 14779
1768131213595 1.4297133684158325 14789
1768131214183 1.3403888940811157 14799
1768131214770 1.4489006996154785 14809
1768131215357 1.6287908554077148 14819
1768131215945 1.4658324718475342 14829
1768131216533 1.3702077865600586 14839
1768131217121 1.3411608934402466 14849
1768131217704 1.399546504020691 14859
1768131218289 1.568628191947937 14869
1768131218874 1.5627415180206299 14879
1768131219462 1.4018701314926147 14889
1768131220049 1.5103472471237183 14899
1768131220637 1.3202275037765503 14909
1768131221226 1.4270238876342773 14919
1768131221814 1.455345630645752 14929
1768131222402 1.4515703916549683 14939
1768131222990 1.431795358657837 14949
1768131223577 1.3085660934448242 14959
1768131224162 1.5107662677764893 14969
1768131224748 1.6032636165618896 14979
1768131225333 1.4302946329116821 14989
1768131225920 1.3849096298217773 14999
1768131226505 1.5996983051300049 15009
1768131227090 1.3482067584991455 15019
1768131227676 1.5734909772872925 15029
1768131228262 1.4696087837219238 15039
1768131228847 1.4584922790527344 15049
1768131229435 1.4777764081954956 15059
1768131230022 1.7664272785186768 15069
1768131230610 1.355914831161499 15079
1768131231198 1.3991619348526 15089
1768131231790 1.4101471900939941 15099
1768131232377 1.275239109992981 15109
1768131232964 1.303928017616272 15119
1768131233553 1.3986823558807373 15129
1768131234141 1.542230486869812 15139
1768131234729 1.4894245862960815 15149
1768131235317 1.4382226467132568 15159
1768131235906 1.4717082977294922 15169
1768131236493 1.5884231328964233 15179
1768131237080 1.510803461074829 15189
1768131237669 1.46579110622406 15199
1768131238258 1.3936681747436523 15209
1768131238844 1.324218988418579 15219
1768131239432 1.7632349729537964 15229
1768131240021 1.3837825059890747 15239
1768131240608 1.2758281230926514 15249
1768131241196 1.6981730461120605 15259
1768131241786 1.3448662757873535 15269
1768131242373 1.405496597290039 15279
1768131242960 1.518410563468933 15289
1768131243550 1.4187145233154297 15299
1768131244140 1.4614461660385132 15309
1768131244727 1.4092165231704712 15319
1768131245313 1.3097212314605713 15329
1768131245901 1.412585973739624 15339
1768131246488 1.4789305925369263 15349
1768131247076 1.479053258895874 15359
1768131247665 1.5610085725784302 15369
1768131248253 1.4176695346832275 15379
1768131248841 1.4002819061279297 15389
1768131249428 1.3786718845367432 15399
1768131250015 1.5635610818862915 15409
1768131250602 1.461924433708191 15419
1768131251189 1.3899192810058594 15429
1768131251776 1.406110167503357 15439
1768131252361 1.6876516342163086 15449
1768131252949 1.4110974073410034 15459
1768131253537 1.3307147026062012 15469
1768131254125 1.3844051361083984 15479
1768131254712 1.331435203552246 15489
1768131255300 1.4273818731307983 15499
1768131255888 1.329139232635498 15509
1768131256476 1.4775277376174927 15519
1768131257064 1.5840636491775513 15529
1768131257651 1.3391207456588745 15539
1768131258240 1.2813485860824585 15549
1768131258828 1.3754464387893677 15559
1768131259415 1.370668649673462 15569
1768131260004 1.4641762971878052 15579
1768131260590 1.422000527381897 15589
1768131261178 1.3821052312850952 15599
1768131261766 1.3634133338928223 15609
1768131262354 1.4532305002212524 15619
1768131262942 1.3488491773605347 15629
1768131263529 1.4936269521713257 15639
1768131264118 1.3341201543807983 15649
1768131264705 1.2686477899551392 15659
1768131265292 1.3695358037948608 15669
1768131265880 1.3201677799224854 15679
1768131266468 1.33551025390625 15689
1768131267055 1.4958192110061646 15699
1768131267642 1.4767110347747803 15709
1768131268230 1.4931081533432007 15719
1768131268818 1.4209531545639038 15729
1768131269406 1.4600995779037476 15739
1768131269995 1.3976116180419922 15749
1768131270583 1.4864574670791626 15759
1768131271170 1.5051590204238892 15769
1768131271758 1.3438199758529663 15779
1768131272345 1.320967674255371 15789
1768131272933 1.5825903415679932 15799
1768131273520 1.4157395362854004 15809
1768131274108 1.481411099433899 15819
1768131274695 1.5000088214874268 15829
1768131275280 1.3655139207839966 15839
