1768083922580 0.0 9
1768083923311 0.0 19
1768083924043 0.0 29
1768083924776 0.0 39
1768083925508 0.0 49
1768083926239 0.0 59
1768083926972 0.0 69
1768083927704 0.0 79
1768083928436 0.0 89
1768083929170 0.0 99
1768083929903 0.0 109
1768083930636 0.0 119
1768083931367 0.0 129
1768083932099 0.0 139
1768083932831 0.0 149
1768083933563 0.0 159
1768083934295 0.0 169
1768083935029 0.0 179
1768083935764 0.0 189
1768083936498 0.0 199
1768083937232 0.0 209
1768083937964 0.0 219
1768083938698 0.0 229
1768083939433 0.0 239
1768083940167 0.0 249
1768083940903 0.0 259
1768083941637 0.0 269
1768083942373 0.0 279
1768083943107 0.0 289
1768083943843 0.0 299
1768083944577 0.0 309
1768083945312 0.0 319
1768083946046 0.0 329
1768083946780 0.0 339
1768083947514 0.0 349
1768083948248 0.0 359
1768083948984 0.0 369
1768083949720 0.0 379
1768083950455 0.0 389
1768083951190 0.0 399
1768083951922 0.0 409
1768083952655 0.0 419
1768083953388 0.0 429
1768083954122 0.0 439
1768083954855 0.0 449
1768083955589 0.0 459
1768083956322 0.0 469
1768083957055 0.0 479
1768083957789 0.0 489
1768083958521 0.0 499
1768083959254 0.0 509
1768083959988 0.0 519
1768083960721 0.0 529
1768083961456 0.0 539
1768083962188 0.0 549
1768083962922 0.0 559
1768083963654 0.0 569
1768083964387 0.0 579
1768083965123 0.0 589
1768083965858 0.0 599
1768083966591 0.0 609
1768083967325 0.0 619
1768083968059 0.0 629
1768083968793 0.0 639
1768083969528 0.0 649
1768083970262 0.0 659
1768083970997 0.0 669
1768083971730 0.0 679
1768083972464 0.0 689
1768083973197 0.0 699
1768083973931 0.0 709
1768083974665 0.0 719
1768083975399 0.0 729
1768083976133 0.0 739
1768083976867 0.0 749
1768083977602 0.0 759
1768083978336 0.0 769
1768083979071 0.0 779
1768083979804 0.0 789
1768083980538 0.0 799
1768083981273 0.0 809
1768083982007 0.0 819
1768083982740 0.0 829
1768083983475 0.0 839
1768083984208 0.0 849
1768083984941 0.0 859
1768083985677 0.0 869
1768083986410 0.0 879
1768083987144 0.0 889
1768083987879 0.0 899
1768083988613 0.0 909
1768083989348 0.0 919
1768083990087 0.0 929
1768083990827 0.0 939
1768083991566 0.0 949
1768083992304 0.0 959
1768083993037 0.0 969
1768083993771 0.0 979
1768083994505 0.0 989
1768083995239 0.0 999
1768083995971 0.0 1009
1768083996704 0.0 1019
1768083997436 0.0 1029
1768083998169 0.0 1039
1768083998903 0.0 1049
1768083999636 0.0 1059
1768084000370 0.0 1069
1768084001104 0.0 1079
1768084001838 0.0 1089
1768084002570 0.0 1099
1768084003304 0.0 1109
1768084004037 0.0 1119
1768084004771 0.0 1129
1768084005502 0.0 1139
1768084006234 0.0 1149
1768084006965 0.0 1159
1768084007697 0.0 1169
1768084008429 0.0 1179
1768084009159 0.0 1189
1768084009891 0.0 1199
1768084010624 0.0 1209
1768084011357 0.0 1219
1768084012091 0.0 1229
1768084012823 0.0 1239
1768084013556 0.0 1249
1768084014289 0.0 1259
1768084015022 0.0 1269
1768084015754 0.0 1279
1768084016488 0.0 1289
1768084017219 0.0 1299
1768084017951 0.0 1309
1768084018683 0.0 1319
1768084019413 0.0 1329
1768084020145 0.0 1339
1768084020877 0.0 1349
1768084021607 0.0 1359
1768084022339 0.0 1369
1768084023069 0.0 1379
1768084023802 0.0 1389
1768084024533 0.0 1399
1768084025263 0.0 1409
1768084025992 0.0 1419
1768084026724 0.0 1429
1768084027452 0.0 1439
1768084195228 0.0 1439
1768084195312 0.0 1439
1768084196102 1.0 1449
1768084196837 1.0 1459
1768084197574 1.0 1469
1768084198311 1.0 1479
1768084199045 1.0 1489
1768084199781 1.0 1499
1768084200517 1.0 1509
1768084201251 1.0 1519
1768084201987 1.0 1529
1768084202722 1.0 1539
1768084203456 1.0 1549
1768084204193 1.0 1559
1768084204928 1.0 1569
1768084205662 1.0 1579
1768084206397 1.0 1589
1768084207132 1.0 1599
1768084207868 1.0 1609
1768084208604 1.0 1619
1768084209339 1.0 1629
1768084210074 1.0 1639
1768084210811 1.0 1649
1768084211546 1.0 1659
1768084212449 1.0 1669
1768084213183 1.0 1679
1768084213919 1.0 1689
1768084214654 1.0 1699
1768084215389 1.0 1709
1768084216125 1.0 1719
1768084216860 1.0 1729
1768084217594 1.0 1739
1768084218330 1.0 1749
1768084219064 1.0 1759
1768084219800 1.0 1769
1768084220538 1.0 1779
1768084221274 1.0 1789
1768084222009 1.0 1799
1768084222745 1.0 1809
1768084223480 1.0 1819
1768084224216 1.0 1829
1768084224952 1.0 1839
1768084225688 1.0 1849
1768084226424 1.0 1859
1768084227160 1.0 1869
1768084227895 1.0 1879
1768084228632 1.0 1889
1768084229367 1.0 1899
1768084230104 1.0 1909
1768084230840 1.0 1919
1768084231576 1.0 1929
1768084232312 1.0 1939
1768084233050 1.0 1949
1768084233786 1.0 1959
1768084234520 1.0 1969
1768084235257 1.0 1979
1768084235993 1.0 1989
1768084236729 1.0 1999
1768084237464 1.0 2009
1768084238201 1.0 2019
1768084238939 1.0 2029
1768084239675 1.0 2039
1768084240412 1.0 2049
1768084241148 1.0 2059
1768084241884 1.0 2069
1768084242621 1.0 2079
1768084243359 1.0 2089
1768084244097 1.0 2099
1768084244833 1.0 2109
1768084245566 1.0 2119
1768084246299 1.0 2129
1768084247034 1.0 2139
1768084247769 1.0 2149
1768084248504 1.0 2159
1768084249241 1.0 2169
1768084249977 1.0 2179
1768084250713 1.0 2189
1768084251447 1.0 2199
1768084252182 1.0 2209
1768084252919 1.0 2219
1768084253654 1.0 2229
1768084254389 1.0 2239
1768084255125 1.0 2249
1768084255860 1.0 2259
1768084256598 1.0 2269
1768084257335 1.0 2279
1768084258070 1.0 2289
1768084258807 1.0 2299
1768084259545 1.0 2309
1768084260281 1.0 2319
1768084261017 1.0 2329
1768084261753 1.0 2339
1768084262488 1.0 2349
1768084263225 1.0 2359
1768084263962 1.0 2369
1768084264698 1.0 2379
1768084265434 1.0 2389
1768084266168 1.0 2399
1768084266903 1.0 2409
1768084267639 1.0 2419
1768084268376 1.0 2429
1768084269110 1.0 2439
1768084269846 1.0 2449
1768084270581 1.0 2459
1768084271319 1.0 2469
1768084272053 1.0 2479
1768084272791 1.0 2489
1768084273526 1.0 2499
1768084274264 1.0 2509
1768084274999 1.0 2519
1768084275735 1.0 2529
1768084276471 1.0 2539
1768084277207 1.0 2549
1768084277944 1.0 2559
1768084278678 1.0 2569
1768084279413 1.0 2579
1768084280148 1.0 2589
1768084280883 1.0 2599
1768084281620 1.0 2609
1768084282355 1.0 2619
1768084283089 1.0 2629
1768084283825 1.0 2639
1768084284562 1.0 2649
1768084285298 1.0 2659
1768084286035 1.0 2669
1768084286770 1.0 2679
1768084287505 1.0 2689
1768084288241 1.0 2699
1768084288978 1.0 2709
1768084289715 1.0 2719
1768084290451 1.0 2729
1768084291185 1.0 2739
1768084291920 1.0 2749
1768084292657 1.0 2759
1768084293392 1.0 2769
1768084294127 1.0 2779
1768084294863 1.0 2789
1768084295598 1.0 2799
1768084296335 1.0 2809
1768084297069 1.0 2819
1768084297808 1.0 2829
1768084298543 1.0 2839
1768084299280 1.0 2849
1768084300017 1.0 2859
1768084300751 1.0 2869
1768084301485 1.0 2879
1768084464695 1.0 2879
1768084464698 1.0 2879
1768084465491 2.0 2889
1768084466225 2.0 2899
1768084466960 2.0 2909
1768084467697 2.0 2919
1768084468432 2.0 2929
1768084469167 2.0 2939
1768084469905 2.0 2949
1768084470641 2.0 2959
1768084471377 2.0 2969
1768084472112 2.0 2979
1768084472848 2.0 2989
1768084473585 2.0 2999
1768084474323 2.0 3009
1768084475059 2.0 3019
1768084475795 2.0 3029
1768084476531 2.0 3039
1768084477266 2.0 3049
1768084478002 2.0 3059
1768084478736 2.0 3069
1768084479472 2.0 3079
1768084480207 2.0 3089
1768084480943 2.0 3099
1768084481677 2.0 3109
1768084482414 2.0 3119
1768084483151 2.0 3129
1768084483887 2.0 3139
1768084484624 2.0 3149
1768084485360 2.0 3159
1768084486096 2.0 3169
1768084486831 2.0 3179
1768084487567 2.0 3189
1768084488304 2.0 3199
1768084489039 2.0 3209
1768084489776 2.0 3219
1768084490512 2.0 3229
1768084491247 2.0 3239
1768084491984 2.0 3249
1768084492721 2.0 3259
1768084493457 2.0 3269
1768084494195 2.0 3279
1768084494930 2.0 3289
1768084495667 2.0 3299
1768084496404 2.0 3309
1768084497139 2.0 3319
1768084497874 2.0 3329
1768084498610 2.0 3339
1768084499345 2.0 3349
1768084500080 2.0 3359
1768084500816 2.0 3369
1768084501551 2.0 3379
1768084502286 2.0 3389
1768084503023 2.0 3399
1768084503758 2.0 3409
1768084504495 2.0 3419
1768084505230 2.0 3429
1768084505965 2.0 3439
1768084506701 2.0 3449
1768084507436 2.0 3459
1768084508171 2.0 3469
1768084508907 2.0 3479
1768084509643 2.0 3489
1768084510380 2.0 3499
1768084511116 2.0 3509
1768084511851 2.0 3519
1768084512588 2.0 3529
1768084513324 2.0 3539
1768084514061 2.0 3549
1768084514798 2.0 3559
1768084515533 2.0 3569
1768084516268 2.0 3579
1768084517005 2.0 3589
1768084517740 2.0 3599
1768084518476 2.0 3609
1768084519211 2.0 3619
1768084519947 2.0 3629
1768084520684 2.0 3639
1768084521421 2.0 3649
1768084522157 2.0 3659
1768084522893 2.0 3669
1768084523627 2.0 3679
1768084524363 2.0 3689
1768084525099 2.0 3699
1768084525836 2.0 3709
1768084526571 2.0 3719
1768084527307 2.0 3729
1768084528043 2.0 3739
1768084528779 2.0 3749
1768084529515 2.0 3759
1768084530251 2.0 3769
1768084530988 2.0 3779
1768084531724 2.0 3789
1768084532459 2.0 3799
1768084533195 2.0 3809
1768084533931 2.0 3819
1768084534668 2.0 3829
1768084535405 2.0 3839
1768084536140 2.0 3849
1768084536876 2.0 3859
1768084537610 2.0 3869
1768084538346 2.0 3879
1768084539083 2.0 3889
1768084539817 2.0 3899
1768084540551 2.0 3909
1768084541287 2.0 3919
1768084542023 2.0 3929
1768084542757 2.0 3939
1768084543493 2.0 3949
1768084544228 2.0 3959
1768084544963 2.0 3969
1768084545699 2.0 3979
1768084546435 2.0 3989
1768084547172 2.0 3999
1768084547908 2.0 4009
1768084548644 2.0 4019
1768084549380 2.0 4029
1768084550115 2.0 4039
1768084550852 2.0 4049
1768084551588 2.0 4059
1768084552323 2.0 4069
1768084553059 2.0 4079
1768084553795 2.0 4089
1768084554531 2.0 4099
1768084555267 2.0 4109
1768084556004 2.0 4119
1768084556740 2.0 4129
1768084557476 2.0 4139
1768084558212 2.0 4149
1768084558948 2.0 4159
1768084559684 2.0 4169
1768084560422 2.0 4179
1768084561157 2.0 4189
1768084561894 2.0 4199
1768084562632 2.0 4209
1768084563369 2.0 4219
1768084564104 2.0 4229
1768084564841 2.0 4239
1768084565579 2.0 4249
1768084566315 2.0 4259
1768084567051 2.0 4269
1768084567787 2.0 4279
1768084568523 2.0 4289
1768084569259 2.0 4299
1768084569995 2.0 4309
1768084570730 2.0 4319
1768084734328 2.0 4319
1768084734330 2.0 4319
1768084735126 3.0 4329
1768084735862 3.0 4339
1768084736598 3.0 4349
1768084737335 3.0 4359
1768084738073 3.0 4369
1768084738808 3.0 4379
1768084739544 3.0 4389
1768084740279 3.0 4399
1768084741014 3.0 4409
1768084741751 3.0 4419
1768084742487 3.0 4429
1768084743225 3.0 4439
1768084743964 3.0 4449
1768084744703 3.0 4459
1768084745442 3.0 4469
1768084746179 3.0 4479
1768084746915 3.0 4489
1768084747651 3.0 4499
1768084748385 3.0 4509
1768084749119 3.0 4519
1768084749855 3.0 4529
1768084750589 3.0 4539
1768084751324 3.0 4549
1768084752059 3.0 4559
1768084752795 3.0 4569
1768084753533 3.0 4579
1768084754267 3.0 4589
1768084755001 3.0 4599
1768084755739 3.0 4609
1768084756477 3.0 4619
1768084757215 3.0 4629
1768084757952 3.0 4639
1768084758690 3.0 4649
1768084759427 3.0 4659
1768084760167 3.0 4669
1768084760907 3.0 4679
1768084761644 3.0 4689
1768084762380 3.0 4699
1768084763117 3.0 4709
1768084763853 3.0 4719
1768084764591 3.0 4729
1768084765327 3.0 4739
1768084766063 3.0 4749
1768084766798 3.0 4759
1768084767535 3.0 4769
1768084768271 3.0 4779
1768084769007 3.0 4789
1768084769745 3.0 4799
1768084770480 3.0 4809
1768084771214 3.0 4819
1768084771951 3.0 4829
1768084772689 3.0 4839
1768084773425 3.0 4849
1768084774161 3.0 4859
1768084774900 3.0 4869
1768084775639 3.0 4879
1768084776378 3.0 4889
1768084777114 3.0 4899
1768084777852 3.0 4909
1768084778587 3.0 4919
1768084779324 3.0 4929
1768084780059 3.0 4939
1768084780794 3.0 4949
1768084781530 3.0 4959
1768084782267 3.0 4969
1768084783002 3.0 4979
1768084783740 3.0 4989
1768084784477 3.0 4999
1768084785212 3.0 5009
1768084785952 3.0 5019
1768084786690 3.0 5029
1768084787429 3.0 5039
1768084788164 3.0 5049
1768084788900 3.0 5059
1768084789637 3.0 5069
1768084790373 3.0 5079
1768084791110 3.0 5089
1768084791846 3.0 5099
1768084792584 3.0 5109
1768084793320 3.0 5119
1768084794056 3.0 5129
1768084794794 3.0 5139
1768084795528 3.0 5149
1768084796264 3.0 5159
1768084796999 3.0 5169
1768084797733 3.0 5179
1768084798469 3.0 5189
1768084799206 3.0 5199
1768084799942 3.0 5209
1768084800679 3.0 5219
1768084801416 3.0 5229
1768084802153 3.0 5239
1768084802889 3.0 5249
1768084803626 3.0 5259
1768084804363 3.0 5269
1768084805099 3.0 5279
1768084805835 3.0 5289
1768084806572 3.0 5299
1768084807309 3.0 5309
1768084808045 3.0 5319
1768084808784 3.0 5329
1768084809520 3.0 5339
1768084810257 3.0 5349
1768084810993 3.0 5359
1768084811729 3.0 5369
1768084812468 3.0 5379
1768084813204 3.0 5389
1768084813941 3.0 5399
1768084814678 3.0 5409
1768084815414 3.0 5419
1768084816150 3.0 5429
1768084816888 3.0 5439
1768084817625 3.0 5449
1768084818363 3.0 5459
1768084819100 3.0 5469
1768084819837 3.0 5479
1768084820573 3.0 5489
1768084821308 3.0 5499
1768084822041 3.0 5509
1768084822776 3.0 5519
1768084823513 3.0 5529
1768084824248 3.0 5539
1768084824985 3.0 5549
1768084825721 3.0 5559
1768084826457 3.0 5569
1768084827192 3.0 5579
1768084827928 3.0 5589
1768084828662 3.0 5599
1768084829398 3.0 5609
1768084830130 3.0 5619
1768084830865 3.0 5629
1768084831598 3.0 5639
1768084832334 3.0 5649
1768084833070 3.0 5659
1768084833806 3.0 5669
1768084834542 3.0 5679
1768084835280 3.0 5689
1768084836015 3.0 5699
1768084836751 3.0 5709
1768084837486 3.0 5719
1768084838220 3.0 5729
1768084838958 3.0 5739
1768084839695 3.0 5749
1768084840431 3.0 5759
1768085003833 3.0 5759
1768085003918 3.0 5759
1768085004717 4.0 5769
1768085005454 4.0 5779
1768085006188 4.0 5789
1768085006924 4.0 5799
1768085007661 4.0 5809
1768085008397 4.0 5819
1768085009132 4.0 5829
1768085009868 4.0 5839
1768085010602 4.0 5849
1768085011337 4.0 5859
1768085012073 4.0 5869
1768085012809 4.0 5879
1768085013545 4.0 5889
1768085014280 4.0 5899
1768085015015 4.0 5909
1768085015750 4.0 5919
1768085016484 4.0 5929
1768085017219 4.0 5939
1768085017953 4.0 5949
1768085018688 4.0 5959
1768085019425 4.0 5969
1768085020160 4.0 5979
1768085020896 4.0 5989
1768085021632 4.0 5999
1768085022368 4.0 6009
1768085023104 4.0 6019
1768085023840 4.0 6029
1768085024576 4.0 6039
1768085025311 4.0 6049
1768085026046 4.0 6059
1768085026780 4.0 6069
1768085027515 4.0 6079
1768085028251 4.0 6089
1768085028985 4.0 6099
1768085029722 4.0 6109
1768085030458 4.0 6119
1768085031196 4.0 6129
1768085031930 4.0 6139
1768085032665 4.0 6149
1768085033402 4.0 6159
1768085034139 4.0 6169
1768085034875 4.0 6179
1768085035610 4.0 6189
1768085036347 4.0 6199
1768085037081 4.0 6209
1768085037818 4.0 6219
1768085038556 4.0 6229
1768085039292 4.0 6239
1768085040029 4.0 6249
1768085040767 4.0 6259
1768085041503 4.0 6269
1768085042239 4.0 6279
1768085042975 4.0 6289
1768085043712 4.0 6299
1768085044447 4.0 6309
1768085045182 4.0 6319
1768085045920 4.0 6329
1768085046656 4.0 6339
1768085047394 4.0 6349
1768085048131 4.0 6359
1768085048868 4.0 6369
1768085049604 4.0 6379
1768085050339 4.0 6389
1768085051073 4.0 6399
1768085051809 4.0 6409
1768085052548 4.0 6419
1768085053285 4.0 6429
1768085054025 4.0 6439
1768085054764 4.0 6449
1768085055502 4.0 6459
1768085056240 4.0 6469
1768085056979 4.0 6479
1768085057719 4.0 6489
1768085058458 4.0 6499
1768085059197 4.0 6509
1768085059936 4.0 6519
1768085060673 4.0 6529
1768085061410 4.0 6539
1768085062148 4.0 6549
1768085062883 4.0 6559
1768085063619 4.0 6569
1768085064356 4.0 6579
1768085065092 4.0 6589
1768085065829 4.0 6599
1768085066565 4.0 6609
1768085067300 4.0 6619
1768085068038 4.0 6629
1768085068775 4.0 6639
1768085069511 4.0 6649
1768085070248 4.0 6659
1768085070984 4.0 6669
1768085071719 4.0 6679
1768085072454 4.0 6689
1768085073190 4.0 6699
1768085073928 4.0 6709
1768085074663 4.0 6719
1768085075397 4.0 6729
1768085076133 4.0 6739
1768085076869 4.0 6749
1768085077605 4.0 6759
1768085078342 4.0 6769
1768085079077 4.0 6779
1768085079814 4.0 6789
1768085080552 4.0 6799
1768085081287 4.0 6809
1768085082023 4.0 6819
1768085082759 4.0 6829
1768085083497 4.0 6839
1768085084234 4.0 6849
1768085084973 4.0 6859
1768085085711 4.0 6869
1768085086447 4.0 6879
1768085087181 4.0 6889
1768085087916 4.0 6899
1768085088652 4.0 6909
1768085089386 4.0 6919
1768085090122 4.0 6929
1768085090859 4.0 6939
1768085091593 4.0 6949
1768085092331 4.0 6959
1768085093066 4.0 6969
1768085093802 4.0 6979
1768085094539 4.0 6989
1768085095275 4.0 6999
1768085096010 4.0 7009
1768085096746 4.0 7019
1768085097483 4.0 7029
1768085098219 4.0 7039
1768085098954 4.0 7049
1768085099691 4.0 7059
1768085100427 4.0 7069
1768085101163 4.0 7079
1768085101899 4.0 7089
1768085102636 4.0 7099
1768085103372 4.0 7109
1768085104106 4.0 7119
1768085104842 4.0 7129
1768085105577 4.0 7139
1768085106312 4.0 7149
1768085107048 4.0 7159
1768085107784 4.0 7169
1768085108520 4.0 7179
1768085109255 4.0 7189
1768085109989 4.0 7199
1768085272144 4.0 7199
1768085272146 4.0 7199
1768085272939 5.0 7209
1768085273674 5.0 7219
1768085274411 5.0 7229
1768085275146 5.0 7239
1768085275880 5.0 7249
1768085276615 5.0 7259
1768085277351 5.0 7269
1768085278086 5.0 7279
1768085278825 5.0 7289
1768085279563 5.0 7299
1768085280301 5.0 7309
1768085281040 5.0 7319
1768085281777 5.0 7329
1768085282515 5.0 7339
1768085283250 5.0 7349
1768085283986 5.0 7359
1768085284724 5.0 7369
1768085285461 5.0 7379
1768085286196 5.0 7389
1768085286933 5.0 7399
1768085287668 5.0 7409
1768085288405 5.0 7419
1768085289142 5.0 7429
1768085289877 5.0 7439
1768085290614 5.0 7449
1768085291352 5.0 7459
1768085292089 5.0 7469
1768085292827 5.0 7479
1768085293562 5.0 7489
1768085294297 5.0 7499
1768085295034 5.0 7509
1768085295770 5.0 7519
1768085296505 5.0 7529
1768085297243 5.0 7539
1768085297979 5.0 7549
1768085298715 5.0 7559
1768085299453 5.0 7569
1768085300189 5.0 7579
1768085300927 5.0 7589
1768085301663 5.0 7599
1768085302397 5.0 7609
1768085303134 5.0 7619
1768085303870 5.0 7629
1768085304607 5.0 7639
1768085305345 5.0 7649
1768085306081 5.0 7659
1768085306817 5.0 7669
1768085307553 5.0 7679
1768085308288 5.0 7689
1768085309025 5.0 7699
1768085309761 5.0 7709
1768085310497 5.0 7719
1768085311233 5.0 7729
1768085311968 5.0 7739
1768085312705 5.0 7749
1768085313442 5.0 7759
1768085314179 5.0 7769
1768085314915 5.0 7779
1768085315651 5.0 7789
1768085316387 5.0 7799
1768085317124 5.0 7809
1768085317860 5.0 7819
1768085318596 5.0 7829
1768085319335 5.0 7839
1768085320071 5.0 7849
1768085320807 5.0 7859
1768085321543 5.0 7869
1768085322280 5.0 7879
1768085323016 5.0 7889
1768085323752 5.0 7899
1768085324487 5.0 7909
1768085325224 5.0 7919
1768085325961 5.0 7929
1768085326696 5.0 7939
1768085327432 5.0 7949
1768085328168 5.0 7959
1768085328904 5.0 7969
1768085329641 5.0 7979
1768085330376 5.0 7989
1768085331112 5.0 7999
1768085331848 5.0 8009
1768085332585 5.0 8019
1768085333320 5.0 8029
1768085334057 5.0 8039
1768085334790 5.0 8049
1768085335524 5.0 8059
1768085336258 5.0 8069
1768085336992 5.0 8079
1768085337727 5.0 8089
1768085338463 5.0 8099
1768085339198 5.0 8109
1768085339935 5.0 8119
1768085340672 5.0 8129
1768085341407 5.0 8139
1768085342143 5.0 8149
1768085342879 5.0 8159
1768085343616 5.0 8169
1768085344351 5.0 8179
1768085345086 5.0 8189
1768085345824 5.0 8199
1768085346561 5.0 8209
1768085347298 5.0 8219
1768085348035 5.0 8229
1768085348771 5.0 8239
1768085349508 5.0 8249
1768085350245 5.0 8259
1768085350981 5.0 8269
1768085351719 5.0 8279
1768085352455 5.0 8289
1768085353190 5.0 8299
1768085353927 5.0 8309
1768085354664 5.0 8319
1768085355400 5.0 8329
1768085356137 5.0 8339
1768085356873 5.0 8349
1768085357609 5.0 8359
1768085358346 5.0 8369
1768085359084 5.0 8379
1768085359821 5.0 8389
1768085360558 5.0 8399
1768085361295 5.0 8409
1768085362033 5.0 8419
1768085362769 5.0 8429
1768085363504 5.0 8439
1768085364242 5.0 8449
1768085364977 5.0 8459
1768085365713 5.0 8469
1768085366449 5.0 8479
1768085367184 5.0 8489
1768085367919 5.0 8499
1768085368656 5.0 8509
1768085369392 5.0 8519
1768085370130 5.0 8529
1768085370866 5.0 8539
1768085371603 5.0 8549
1768085372340 5.0 8559
1768085373077 5.0 8569
1768085373815 5.0 8579
1768085374554 5.0 8589
1768085375292 5.0 8599
1768085376030 5.0 8609
1768085376765 5.0 8619
1768085377501 5.0 8629
1768085378236 5.0 8639
1768085543367 5.0 8639
1768085543369 5.0 8639
1768085544162 6.0 8649
1768085544897 6.0 8659
1768085545632 6.0 8669
1768085546369 6.0 8679
1768085547108 6.0 8689
1768085547844 6.0 8699
1768085548580 6.0 8709
1768085549315 6.0 8719
1768085550050 6.0 8729
1768085550785 6.0 8739
1768085551521 6.0 8749
1768085552259 6.0 8759
1768085552995 6.0 8769
1768085553730 6.0 8779
1768085554464 6.0 8789
1768085555199 6.0 8799
1768085555933 6.0 8809
1768085556670 6.0 8819
1768085557406 6.0 8829
1768085558142 6.0 8839
1768085558878 6.0 8849
1768085559612 6.0 8859
1768085560349 6.0 8869
1768085561083 6.0 8879
1768085561817 6.0 8889
1768085562553 6.0 8899
1768085563288 6.0 8909
1768085564025 6.0 8919
1768085564762 6.0 8929
1768085565497 6.0 8939
1768085566233 6.0 8949
1768085566970 6.0 8959
1768085567705 6.0 8969
1768085568443 6.0 8979
1768085569179 6.0 8989
1768085569914 6.0 8999
1768085570651 6.0 9009
1768085571386 6.0 9019
1768085572121 6.0 9029
1768085572859 6.0 9039
1768085573595 6.0 9049
1768085574333 6.0 9059
1768085575070 6.0 9069
1768085575806 6.0 9079
1768085576544 6.0 9089
1768085577281 6.0 9099
1768085578019 6.0 9109
1768085578756 6.0 9119
1768085579494 6.0 9129
1768085580230 6.0 9139
1768085580968 6.0 9149
1768085581704 6.0 9159
1768085582441 6.0 9169
1768085583178 6.0 9179
1768085583916 6.0 9189
1768085584653 6.0 9199
1768085585390 6.0 9209
1768085586127 6.0 9219
1768085586865 6.0 9229
1768085587601 6.0 9239
1768085588338 6.0 9249
1768085589077 6.0 9259
1768085589813 6.0 9269
1768085590549 6.0 9279
1768085591285 6.0 9289
1768085592021 6.0 9299
1768085592757 6.0 9309
1768085593494 6.0 9319
1768085594230 6.0 9329
1768085594968 6.0 9339
1768085595703 6.0 9349
1768085596439 6.0 9359
1768085597175 6.0 9369
1768085597912 6.0 9379
1768085598649 6.0 9389
1768085599386 6.0 9399
1768085600123 6.0 9409
1768085600860 6.0 9419
1768085601600 6.0 9429
1768085602339 6.0 9439
1768085603077 6.0 9449
1768085603813 6.0 9459
1768085604548 6.0 9469
1768085605288 6.0 9479
1768085606024 6.0 9489
1768085606761 6.0 9499
1768085607497 6.0 9509
1768085608233 6.0 9519
1768085608969 6.0 9529
1768085609705 6.0 9539
1768085610442 6.0 9549
1768085611177 6.0 9559
1768085611912 6.0 9569
1768085612647 6.0 9579
1768085613386 6.0 9589
1768085614123 6.0 9599
1768085614860 6.0 9609
1768085615596 6.0 9619
1768085616331 6.0 9629
1768085617066 6.0 9639
1768085617803 6.0 9649
1768085618538 6.0 9659
1768085619273 6.0 9669
1768085620010 6.0 9679
1768085620746 6.0 9689
1768085621482 6.0 9699
1768085622218 6.0 9709
1768085622953 6.0 9719
1768085623688 6.0 9729
1768085624424 6.0 9739
1768085625162 6.0 9749
1768085625900 6.0 9759
1768085626635 6.0 9769
1768085627372 6.0 9779
1768085628111 6.0 9789
1768085628847 6.0 9799
1768085629585 6.0 9809
1768085630321 6.0 9819
1768085631057 6.0 9829
1768085631795 6.0 9839
1768085632532 6.0 9849
1768085633269 6.0 9859
1768085634008 6.0 9869
1768085634745 6.0 9879
1768085635481 6.0 9889
1768085636218 6.0 9899
1768085636954 6.0 9909
1768085637690 6.0 9919
1768085638425 6.0 9929
1768085639161 6.0 9939
1768085639899 6.0 9949
1768085640635 6.0 9959
1768085641373 6.0 9969
1768085642109 6.0 9979
1768085642847 6.0 9989
1768085643583 6.0 9999
1768085644319 6.0 10009
1768085645056 6.0 10019
1768085645792 6.0 10029
1768085646530 6.0 10039
1768085647266 6.0 10049
1768085648005 6.0 10059
1768085648743 6.0 10069
1768085649480 6.0 10079
1768085814872 6.0 10079
1768085814875 6.0 10079
1768085815669 7.0 10089
1768085816406 7.0 10099
1768085817141 7.0 10109
1768085817877 7.0 10119
1768085818612 7.0 10129
1768085819347 7.0 10139
1768085820086 7.0 10149
1768085820821 7.0 10159
1768085821556 7.0 10169
1768085822295 7.0 10179
1768085823030 7.0 10189
1768085823768 7.0 10199
1768085824505 7.0 10209
1768085825241 7.0 10219
1768085825981 7.0 10229
1768085826717 7.0 10239
1768085827453 7.0 10249
1768085828191 7.0 10259
1768085828928 7.0 10269
1768085829665 7.0 10279
1768085830405 7.0 10289
1768085831139 7.0 10299
1768085831875 7.0 10309
1768085832611 7.0 10319
1768085833346 7.0 10329
1768085834082 7.0 10339
1768085834819 7.0 10349
1768085835555 7.0 10359
1768085836292 7.0 10369
1768085837024 7.0 10379
1768085837759 7.0 10389
1768085838495 7.0 10399
1768085839230 7.0 10409
1768085839966 7.0 10419
1768085840703 7.0 10429
1768085841439 7.0 10439
1768085842175 7.0 10449
1768085842912 7.0 10459
1768085843648 7.0 10469
1768085844385 7.0 10479
1768085845124 7.0 10489
1768085845859 7.0 10499
1768085846595 7.0 10509
1768085847330 7.0 10519
1768085848065 7.0 10529
1768085848801 7.0 10539
1768085849537 7.0 10549
1768085850273 7.0 10559
1768085851009 7.0 10569
1768085851744 7.0 10579
1768085852480 7.0 10589
1768085853213 7.0 10599
1768085853950 7.0 10609
1768085854686 7.0 10619
1768085855423 7.0 10629
1768085856158 7.0 10639
1768085856894 7.0 10649
1768085857629 7.0 10659
1768085858365 7.0 10669
1768085859101 7.0 10679
1768085859838 7.0 10689
1768085860575 7.0 10699
1768085861312 7.0 10709
1768085862049 7.0 10719
1768085862783 7.0 10729
1768085863518 7.0 10739
1768085864255 7.0 10749
1768085864994 7.0 10759
1768085865732 7.0 10769
1768085866469 7.0 10779
1768085867207 7.0 10789
1768085867943 7.0 10799
1768085868679 7.0 10809
1768085869415 7.0 10819
1768085870151 7.0 10829
1768085870889 7.0 10839
1768085871624 7.0 10849
1768085872360 7.0 10859
1768085873096 7.0 10869
1768085873833 7.0 10879
1768085874568 7.0 10889
1768085875304 7.0 10899
1768085876039 7.0 10909
1768085876776 7.0 10919
1768085877514 7.0 10929
1768085878249 7.0 10939
1768085878985 7.0 10949
1768085879721 7.0 10959
1768085880457 7.0 10969
1768085881195 7.0 10979
1768085881929 7.0 10989
1768085882665 7.0 10999
1768085883401 7.0 11009
1768085884138 7.0 11019
1768085884874 7.0 11029
1768085885610 7.0 11039
1768085886346 7.0 11049
1768085887081 7.0 11059
1768085887817 7.0 11069
1768085888554 7.0 11079
1768085889290 7.0 11089
1768085890026 7.0 11099
1768085890762 7.0 11109
1768085891500 7.0 11119
1768085892236 7.0 11129
1768085892971 7.0 11139
1768085893708 7.0 11149
1768085894443 7.0 11159
1768085895180 7.0 11169
1768085895917 7.0 11179
1768085896651 7.0 11189
1768085897387 7.0 11199
1768085898123 7.0 11209
1768085898857 7.0 11219
1768085899592 7.0 11229
1768085900327 7.0 11239
1768085901062 7.0 11249
1768085901797 7.0 11259
1768085902532 7.0 11269
1768085903267 7.0 11279
1768085904004 7.0 11289
1768085904739 7.0 11299
1768085905474 7.0 11309
1768085906210 7.0 11319
1768085906945 7.0 11329
1768085907680 7.0 11339
1768085908415 7.0 11349
1768085909149 7.0 11359
1768085909886 7.0 11369
1768085910621 7.0 11379
1768085911357 7.0 11389
1768085912093 7.0 11399
1768085912828 7.0 11409
1768085913563 7.0 11419
1768085914299 7.0 11429
1768085915033 7.0 11439
1768085915767 7.0 11449
1768085916503 7.0 11459
1768085917237 7.0 11469
1768085917973 7.0 11479
1768085918709 7.0 11489
1768085919444 7.0 11499
1768085920181 7.0 11509
1768085920914 7.0 11519
1768086084177 7.0 11519
1768086084179 7.0 11519
1768086084971 8.0 11529
1768086085705 8.0 11539
1768086086438 8.0 11549
1768086087173 8.0 11559
1768086087910 8.0 11569
1768086088645 8.0 11579
1768086089381 8.0 11589
1768086090117 8.0 11599
1768086090852 8.0 11609
1768086091587 8.0 11619
1768086092321 8.0 11629
1768086093057 8.0 11639
1768086093793 8.0 11649
1768086094528 8.0 11659
1768086095265 8.0 11669
1768086096001 8.0 11679
1768086096736 8.0 11689
1768086097473 8.0 11699
1768086098208 8.0 11709
1768086098942 8.0 11719
1768086099677 8.0 11729
1768086100413 8.0 11739
1768086101149 8.0 11749
1768086101885 8.0 11759
1768086102619 8.0 11769
1768086103355 8.0 11779
1768086104096 8.0 11789
1768086104832 8.0 11799
1768086105568 8.0 11809
1768086106305 8.0 11819
1768086107041 8.0 11829
1768086107775 8.0 11839
1768086108509 8.0 11849
1768086109244 8.0 11859
1768086109979 8.0 11869
1768086110714 8.0 11879
1768086111448 8.0 11889
1768086112185 8.0 11899
1768086112920 8.0 11909
1768086113654 8.0 11919
1768086114389 8.0 11929
1768086115124 8.0 11939
1768086115861 8.0 11949
1768086116597 8.0 11959
1768086117333 8.0 11969
1768086118069 8.0 11979
1768086118805 8.0 11989
1768086119541 8.0 11999
1768086120279 8.0 12009
1768086121013 8.0 12019
1768086121748 8.0 12029
1768086122483 8.0 12039
1768086123217 8.0 12049
1768086123953 8.0 12059
1768086124690 8.0 12069
1768086125426 8.0 12079
1768086126165 8.0 12089
1768086126901 8.0 12099
1768086127637 8.0 12109
1768086128375 8.0 12119
1768086129110 8.0 12129
1768086129848 8.0 12139
1768086130587 8.0 12149
1768086131323 8.0 12159
1768086132058 8.0 12169
1768086132793 8.0 12179
1768086133528 8.0 12189
1768086134264 8.0 12199
1768086135001 8.0 12209
1768086135737 8.0 12219
1768086136475 8.0 12229
1768086137211 8.0 12239
1768086137947 8.0 12249
1768086138685 8.0 12259
1768086139423 8.0 12269
1768086140159 8.0 12279
1768086140896 8.0 12289
1768086141630 8.0 12299
1768086142365 8.0 12309
1768086143101 8.0 12319
1768086143836 8.0 12329
1768086144572 8.0 12339
1768086145307 8.0 12349
1768086146041 8.0 12359
1768086146778 8.0 12369
1768086147515 8.0 12379
1768086148252 8.0 12389
1768086148988 8.0 12399
1768086149725 8.0 12409
1768086150462 8.0 12419
1768086151200 8.0 12429
1768086151936 8.0 12439
1768086152673 8.0 12449
1768086153410 8.0 12459
1768086154145 8.0 12469
1768086154883 8.0 12479
1768086155620 8.0 12489
1768086156354 8.0 12499
1768086157091 8.0 12509
1768086157827 8.0 12519
1768086158562 8.0 12529
1768086159300 8.0 12539
1768086160037 8.0 12549
1768086160773 8.0 12559
1768086161510 8.0 12569
1768086162247 8.0 12579
1768086162983 8.0 12589
1768086163719 8.0 12599
1768086164455 8.0 12609
1768086165192 8.0 12619
1768086165927 8.0 12629
1768086166663 8.0 12639
1768086167400 8.0 12649
1768086168135 8.0 12659
1768086168872 8.0 12669
1768086169609 8.0 12679
1768086170345 8.0 12689
1768086171082 8.0 12699
1768086171819 8.0 12709
1768086172555 8.0 12719
1768086173293 8.0 12729
1768086174030 8.0 12739
1768086174766 8.0 12749
1768086175504 8.0 12759
1768086176239 8.0 12769
1768086176975 8.0 12779
1768086177713 8.0 12789
1768086178450 8.0 12799
1768086179186 8.0 12809
1768086179921 8.0 12819
1768086180659 8.0 12829
1768086181397 8.0 12839
1768086182133 8.0 12849
1768086182870 8.0 12859
1768086183607 8.0 12869
1768086184344 8.0 12879
1768086185080 8.0 12889
1768086185814 8.0 12899
1768086186549 8.0 12909
1768086187289 8.0 12919
1768086188025 8.0 12929
1768086188761 8.0 12939
1768086189496 8.0 12949
1768086190230 8.0 12959
1768086351857 8.0 12959
1768086351859 8.0 12959
1768086352651 9.0 12969
1768086353387 9.0 12979
1768086354122 9.0 12989
1768086354858 9.0 12999
1768086355594 9.0 13009
1768086356329 9.0 13019
1768086357065 9.0 13029
1768086357800 9.0 13039
1768086358535 9.0 13049
1768086359271 9.0 13059
1768086360008 9.0 13069
1768086360745 9.0 13079
1768086361481 9.0 13089
1768086362217 9.0 13099
1768086362954 9.0 13109
1768086363691 9.0 13119
1768086364428 9.0 13129
1768086365163 9.0 13139
1768086365900 9.0 13149
1768086366637 9.0 13159
1768086367375 9.0 13169
1768086368111 9.0 13179
1768086368847 9.0 13189
1768086369584 9.0 13199
1768086370320 9.0 13209
1768086371056 9.0 13219
1768086371794 9.0 13229
1768086372533 9.0 13239
1768086373269 9.0 13249
1768086374006 9.0 13259
1768086374743 9.0 13269
1768086375477 9.0 13279
1768086376213 9.0 13289
1768086376950 9.0 13299
1768086377688 9.0 13309
1768086378424 9.0 13319
1768086379161 9.0 13329
1768086379897 9.0 13339
1768086380633 9.0 13349
1768086381370 9.0 13359
1768086382107 9.0 13369
1768086382843 9.0 13379
1768086383580 9.0 13389
1768086384317 9.0 13399
1768086385053 9.0 13409
1768086385790 9.0 13419
1768086386524 9.0 13429
1768086387260 9.0 13439
1768086387997 9.0 13449
1768086388734 9.0 13459
1768086389471 9.0 13469
1768086390208 9.0 13479
1768086390945 9.0 13489
1768086391682 9.0 13499
1768086392419 9.0 13509
1768086393155 9.0 13519
1768086393891 9.0 13529
1768086394628 9.0 13539
1768086395364 9.0 13549
1768086396102 9.0 13559
1768086396840 9.0 13569
1768086397577 9.0 13579
1768086398315 9.0 13589
1768086399052 9.0 13599
1768086399789 9.0 13609
1768086400524 9.0 13619
1768086401259 9.0 13629
1768086401995 9.0 13639
1768086402732 9.0 13649
1768086403467 9.0 13659
1768086404204 9.0 13669
1768086404940 9.0 13679
1768086405675 9.0 13689
1768086406412 9.0 13699
1768086407149 9.0 13709
1768086407884 9.0 13719
1768086408621 9.0 13729
1768086409357 9.0 13739
1768086410094 9.0 13749
1768086410829 9.0 13759
1768086411734 9.0 13769
1768086412471 9.0 13779
1768086413206 9.0 13789
1768086413942 9.0 13799
1768086414679 9.0 13809
1768086415414 9.0 13819
1768086416151 9.0 13829
1768086416888 9.0 13839
1768086417624 9.0 13849
1768086418360 9.0 13859
1768086419096 9.0 13869
1768086419832 9.0 13879
1768086420568 9.0 13889
1768086421305 9.0 13899
1768086422039 9.0 13909
1768086422775 9.0 13919
1768086423509 9.0 13929
1768086424245 9.0 13939
1768086424983 9.0 13949
1768086425719 9.0 13959
1768086426456 9.0 13969
1768086427192 9.0 13979
1768086427927 9.0 13989
1768086428663 9.0 13999
1768086429399 9.0 14009
1768086430134 9.0 14019
1768086430872 9.0 14029
1768086431607 9.0 14039
1768086432343 9.0 14049
1768086433080 9.0 14059
1768086433817 9.0 14069
1768086434555 9.0 14079
1768086435291 9.0 14089
1768086436028 9.0 14099
1768086436766 9.0 14109
1768086437499 9.0 14119
1768086438236 9.0 14129
1768086438971 9.0 14139
1768086439708 9.0 14149
1768086440444 9.0 14159
1768086441179 9.0 14169
1768086441915 9.0 14179
1768086442651 9.0 14189
1768086443386 9.0 14199
1768086444121 9.0 14209
1768086444857 9.0 14219
1768086445592 9.0 14229
1768086446327 9.0 14239
1768086447061 9.0 14249
1768086447796 9.0 14259
1768086448531 9.0 14269
1768086449267 9.0 14279
1768086450002 9.0 14289
1768086450738 9.0 14299
1768086451474 9.0 14309
1768086452211 9.0 14319
1768086452948 9.0 14329
1768086453684 9.0 14339
1768086454420 9.0 14349
1768086455158 9.0 14359
1768086455894 9.0 14369
1768086456629 9.0 14379
1768086457365 9.0 14389
1768086458099 9.0 14399
1768086618215 9.0 14399
1768086618217 9.0 14399
1768086619015 10.0 14409
1768086619753 10.0 14419
1768086620492 10.0 14429
1768086621231 10.0 14439
1768086621968 10.0 14449
1768086622706 10.0 14459
1768086623441 10.0 14469
1768086624176 10.0 14479
1768086624913 10.0 14489
1768086625649 10.0 14499
1768086626384 10.0 14509
1768086627120 10.0 14519
1768086627856 10.0 14529
1768086628592 10.0 14539
1768086629329 10.0 14549
1768086630064 10.0 14559
1768086630800 10.0 14569
1768086631536 10.0 14579
1768086632271 10.0 14589
1768086633008 10.0 14599
1768086633744 10.0 14609
1768086634478 10.0 14619
1768086635215 10.0 14629
1768086635949 10.0 14639
1768086636682 10.0 14649
1768086637420 10.0 14659
1768086638155 10.0 14669
1768086638891 10.0 14679
1768086639627 10.0 14689
1768086640363 10.0 14699
1768086641097 10.0 14709
1768086641832 10.0 14719
1768086642569 10.0 14729
1768086643306 10.0 14739
1768086644045 10.0 14749
1768086644785 10.0 14759
1768086645525 10.0 14769
1768086646265 10.0 14779
1768086647003 10.0 14789
1768086647740 10.0 14799
1768086648479 10.0 14809
1768086649217 10.0 14819
1768086649955 10.0 14829
1768086650690 10.0 14839
1768086651427 10.0 14849
1768086652162 10.0 14859
1768086652898 10.0 14869
1768086653637 10.0 14879
1768086654374 10.0 14889
1768086655112 10.0 14899
1768086655855 10.0 14909
1768086656594 10.0 14919
1768086657334 10.0 14929
1768086658071 10.0 14939
1768086658809 10.0 14949
1768086659547 10.0 14959
1768086660283 10.0 14969
1768086661020 10.0 14979
1768086661759 10.0 14989
1768086662497 10.0 14999
1768086663237 10.0 15009
1768086663973 10.0 15019
1768086664708 10.0 15029
1768086665445 10.0 15039
1768086666183 10.0 15049
1768086666919 10.0 15059
1768086667656 10.0 15069
1768086668394 10.0 15079
1768086669128 10.0 15089
1768086669865 10.0 15099
1768086670601 10.0 15109
1768086671336 10.0 15119
1768086672072 10.0 15129
1768086672810 10.0 15139
1768086673547 10.0 15149
1768086674285 10.0 15159
1768086675023 10.0 15169
1768086675761 10.0 15179
1768086676496 10.0 15189
1768086677229 10.0 15199
1768086677965 10.0 15209
1768086678700 10.0 15219
1768086679437 10.0 15229
1768086680175 10.0 15239
1768086680910 10.0 15249
1768086681647 10.0 15259
1768086682385 10.0 15269
1768086683120 10.0 15279
1768086683856 10.0 15289
1768086684593 10.0 15299
1768086685328 10.0 15309
1768086686065 10.0 15319
1768086686803 10.0 15329
1768086687544 10.0 15339
1768086688282 10.0 15349
1768086689017 10.0 15359
1768086689754 10.0 15369
1768086690491 10.0 15379
1768086691226 10.0 15389
1768086691964 10.0 15399
1768086692699 10.0 15409
1768086693435 10.0 15419
1768086694171 10.0 15429
1768086694908 10.0 15439
1768086695645 10.0 15449
1768086696382 10.0 15459
1768086697118 10.0 15469
1768086697854 10.0 15479
1768086698592 10.0 15489
1768086699329 10.0 15499
1768086700067 10.0 15509
1768086700803 10.0 15519
1768086701540 10.0 15529
1768086702277 10.0 15539
1768086703015 10.0 15549
1768086703752 10.0 15559
1768086704489 10.0 15569
1768086705224 10.0 15579
1768086705961 10.0 15589
1768086706696 10.0 15599
1768086707433 10.0 15609
1768086708169 10.0 15619
1768086708906 10.0 15629
1768086709642 10.0 15639
1768086710379 10.0 15649
1768086711117 10.0 15659
1768086711853 10.0 15669
1768086712589 10.0 15679
1768086713324 10.0 15689
1768086714059 10.0 15699
1768086714794 10.0 15709
1768086715527 10.0 15719
1768086716262 10.0 15729
1768086716998 10.0 15739
1768086717735 10.0 15749
1768086718472 10.0 15759
1768086719205 10.0 15769
1768086719939 10.0 15779
1768086720676 10.0 15789
1768086721410 10.0 15799
1768086722145 10.0 15809
1768086722881 10.0 15819
1768086723616 10.0 15829
1768086724348 10.0 15839
1768086888562 10.0 15839
1768086888564 10.0 15839
1768086889360 11.0 15849
1768086890097 11.0 15859
1768086890834 11.0 15869
1768086891569 11.0 15879
1768086892305 11.0 15889
1768086893040 11.0 15899
1768086893776 11.0 15909
1768086894512 11.0 15919
1768086895248 11.0 15929
1768086895983 11.0 15939
1768086896719 11.0 15949
1768086897456 11.0 15959
1768086898191 11.0 15969
1768086898925 11.0 15979
1768086899659 11.0 15989
1768086900395 11.0 15999
1768086901130 11.0 16009
1768086901866 11.0 16019
1768086902602 11.0 16029
1768086903339 11.0 16039
1768086904076 11.0 16049
1768086904812 11.0 16059
1768086905547 11.0 16069
1768086906280 11.0 16079
1768086907015 11.0 16089
1768086907750 11.0 16099
1768086908486 11.0 16109
1768086909220 11.0 16119
1768086909956 11.0 16129
1768086910692 11.0 16139
1768086911428 11.0 16149
1768086912163 11.0 16159
1768086912900 11.0 16169
1768086913639 11.0 16179
1768086914376 11.0 16189
1768086915112 11.0 16199
1768086915849 11.0 16209
1768086916586 11.0 16219
1768086917321 11.0 16229
1768086918056 11.0 16239
1768086918791 11.0 16249
1768086919525 11.0 16259
1768086920261 11.0 16269
1768086920996 11.0 16279
1768086921731 11.0 16289
1768086922466 11.0 16299
1768086923203 11.0 16309
1768086923937 11.0 16319
1768086924671 11.0 16329
1768086925405 11.0 16339
1768086926139 11.0 16349
1768086926875 11.0 16359
1768086927611 11.0 16369
1768086928347 11.0 16379
1768086929083 11.0 16389
1768086929820 11.0 16399
1768086930557 11.0 16409
1768086931292 11.0 16419
1768086932028 11.0 16429
1768086932763 11.0 16439
1768086933499 11.0 16449
1768086934235 11.0 16459
1768086934970 11.0 16469
1768086935704 11.0 16479
1768086936440 11.0 16489
1768086937177 11.0 16499
1768086937912 11.0 16509
1768086938647 11.0 16519
1768086939384 11.0 16529
1768086940119 11.0 16539
1768086940854 11.0 16549
1768086941591 11.0 16559
1768086942325 11.0 16569
1768086943061 11.0 16579
1768086943798 11.0 16589
1768086944535 11.0 16599
1768086945271 11.0 16609
1768086946005 11.0 16619
1768086946740 11.0 16629
1768086947478 11.0 16639
1768086948215 11.0 16649
1768086948952 11.0 16659
1768086949689 11.0 16669
1768086950425 11.0 16679
1768086951161 11.0 16689
1768086951897 11.0 16699
1768086952632 11.0 16709
1768086953372 11.0 16719
1768086954108 11.0 16729
1768086954843 11.0 16739
1768086955581 11.0 16749
1768086956318 11.0 16759
1768086957053 11.0 16769
1768086957789 11.0 16779
1768086958524 11.0 16789
1768086959261 11.0 16799
1768086959998 11.0 16809
1768086960734 11.0 16819
1768086961471 11.0 16829
1768086962208 11.0 16839
1768086962946 11.0 16849
1768086963682 11.0 16859
1768086964419 11.0 16869
1768086965155 11.0 16879
1768086965894 11.0 16889
1768086966629 11.0 16899
1768086967369 11.0 16909
1768086968107 11.0 16919
1768086968844 11.0 16929
1768086969580 11.0 16939
1768086970318 11.0 16949
1768086971053 11.0 16959
1768086971789 11.0 16969
1768086972524 11.0 16979
1768086973261 11.0 16989
1768086973998 11.0 16999
1768086974735 11.0 17009
1768086975469 11.0 17019
1768086976209 11.0 17029
1768086976945 11.0 17039
1768086977680 11.0 17049
1768086978416 11.0 17059
1768086979151 11.0 17069
1768086979887 11.0 17079
1768086980622 11.0 17089
1768086981357 11.0 17099
1768086982093 11.0 17109
1768086982828 11.0 17119
1768086983565 11.0 17129
1768086984301 11.0 17139
1768086985036 11.0 17149
1768086985771 11.0 17159
1768086986508 11.0 17169
1768086987244 11.0 17179
1768086987981 11.0 17189
1768086988719 11.0 17199
1768086989453 11.0 17209
1768086990189 11.0 17219
1768086990926 11.0 17229
1768086991663 11.0 17239
1768086992400 11.0 17249
1768086993138 11.0 17259
1768086993874 11.0 17269
1768086994612 11.0 17279
1768087153075 11.0 17279
1768087153077 11.0 17279
1768087153873 12.0 17289
1768087154609 12.0 17299
1768087155344 12.0 17309
1768087156079 12.0 17319
1768087156814 12.0 17329
1768087157548 12.0 17339
1768087158287 12.0 17349
1768087159022 12.0 17359
1768087159759 12.0 17369
1768087160493 12.0 17379
1768087161229 12.0 17389
1768087161966 12.0 17399
1768087162700 12.0 17409
1768087163435 12.0 17419
1768087164172 12.0 17429
1768087164909 12.0 17439
1768087165647 12.0 17449
1768087166386 12.0 17459
1768087167125 12.0 17469
1768087167864 12.0 17479
1768087168605 12.0 17489
1768087169343 12.0 17499
1768087170078 12.0 17509
1768087170812 12.0 17519
1768087171545 12.0 17529
1768087172279 12.0 17539
1768087173013 12.0 17549
1768087173747 12.0 17559
1768087174483 12.0 17569
1768087175217 12.0 17579
1768087175952 12.0 17589
1768087176688 12.0 17599
1768087177423 12.0 17609
1768087178158 12.0 17619
1768087178892 12.0 17629
1768087179628 12.0 17639
1768087180363 12.0 17649
1768087181096 12.0 17659
1768087181831 12.0 17669
1768087182569 12.0 17679
1768087183304 12.0 17689
1768087184042 12.0 17699
1768087184780 12.0 17709
1768087185517 12.0 17719
1768087186255 12.0 17729
1768087186992 12.0 17739
1768087187727 12.0 17749
1768087188463 12.0 17759
1768087189199 12.0 17769
1768087189934 12.0 17779
1768087190670 12.0 17789
1768087191406 12.0 17799
1768087192141 12.0 17809
1768087192877 12.0 17819
1768087193612 12.0 17829
1768087194346 12.0 17839
1768087195082 12.0 17849
1768087195817 12.0 17859
1768087196552 12.0 17869
1768087197288 12.0 17879
1768087198024 12.0 17889
1768087198760 12.0 17899
1768087199495 12.0 17909
1768087200232 12.0 17919
1768087200969 12.0 17929
1768087201705 12.0 17939
1768087202441 12.0 17949
1768087203178 12.0 17959
1768087203915 12.0 17969
1768087204649 12.0 17979
1768087205385 12.0 17989
1768087206120 12.0 17999
1768087206856 12.0 18009
1768087207593 12.0 18019
1768087208332 12.0 18029
1768087209069 12.0 18039
1768087209804 12.0 18049
1768087210539 12.0 18059
1768087211276 12.0 18069
1768087212012 12.0 18079
1768087212749 12.0 18089
1768087213485 12.0 18099
1768087214220 12.0 18109
1768087214958 12.0 18119
1768087215693 12.0 18129
1768087216428 12.0 18139
1768087217164 12.0 18149
1768087217900 12.0 18159
1768087218637 12.0 18169
1768087219375 12.0 18179
1768087220112 12.0 18189
1768087220848 12.0 18199
1768087221584 12.0 18209
1768087222319 12.0 18219
1768087223054 12.0 18229
1768087223790 12.0 18239
1768087224526 12.0 18249
1768087225263 12.0 18259
1768087225999 12.0 18269
1768087226736 12.0 18279
1768087227473 12.0 18289
1768087228208 12.0 18299
1768087228944 12.0 18309
1768087229679 12.0 18319
1768087230415 12.0 18329
1768087231151 12.0 18339
1768087231887 12.0 18349
1768087232622 12.0 18359
1768087233358 12.0 18369
1768087234094 12.0 18379
1768087234830 12.0 18389
1768087235565 12.0 18399
1768087236300 12.0 18409
1768087237035 12.0 18419
1768087237772 12.0 18429
1768087238509 12.0 18439
1768087239247 12.0 18449
1768087239983 12.0 18459
1768087240719 12.0 18469
1768087241457 12.0 18479
1768087242192 12.0 18489
1768087242928 12.0 18499
1768087243665 12.0 18509
1768087244402 12.0 18519
1768087245136 12.0 18529
1768087245872 12.0 18539
1768087246606 12.0 18549
1768087247341 12.0 18559
1768087248078 12.0 18569
1768087248813 12.0 18579
1768087249550 12.0 18589
1768087250288 12.0 18599
1768087251023 12.0 18609
1768087251762 12.0 18619
1768087252498 12.0 18629
1768087253235 12.0 18639
1768087253972 12.0 18649
1768087254708 12.0 18659
1768087255443 12.0 18669
1768087256178 12.0 18679
1768087256912 12.0 18689
1768087257647 12.0 18699
1768087258383 12.0 18709
1768087259118 12.0 18719
1768087417404 12.0 18719
1768087417406 12.0 18719
1768087418205 13.0 18729
1768087418943 13.0 18739
1768087419681 13.0 18749
1768087420417 13.0 18759
1768087421152 13.0 18769
1768087421889 13.0 18779
1768087422624 13.0 18789
1768087423361 13.0 18799
1768087424099 13.0 18809
1768087424836 13.0 18819
1768087425574 13.0 18829
1768087426310 13.0 18839
1768087427045 13.0 18849
1768087427782 13.0 18859
1768087428519 13.0 18869
1768087429257 13.0 18879
1768087429994 13.0 18889
1768087430730 13.0 18899
1768087431467 13.0 18909
1768087432203 13.0 18919
1768087432939 13.0 18929
1768087433677 13.0 18939
1768087434412 13.0 18949
1768087435147 13.0 18959
1768087435883 13.0 18969
1768087436619 13.0 18979
1768087437355 13.0 18989
1768087438091 13.0 18999
1768087438828 13.0 19009
1768087439564 13.0 19019
1768087440301 13.0 19029
1768087441037 13.0 19039
1768087441774 13.0 19049
1768087442512 13.0 19059
1768087443247 13.0 19069
1768087443985 13.0 19079
1768087444721 13.0 19089
1768087445457 13.0 19099
1768087446195 13.0 19109
1768087446931 13.0 19119
1768087447665 13.0 19129
1768087448400 13.0 19139
1768087449137 13.0 19149
1768087449872 13.0 19159
1768087450608 13.0 19169
1768087451343 13.0 19179
1768087452079 13.0 19189
1768087452815 13.0 19199
1768087453549 13.0 19209
1768087454287 13.0 19219
1768087455023 13.0 19229
1768087455760 13.0 19239
1768087456497 13.0 19249
1768087457233 13.0 19259
1768087457970 13.0 19269
1768087458707 13.0 19279
1768087459443 13.0 19289
1768087460181 13.0 19299
1768087460916 13.0 19309
1768087461653 13.0 19319
1768087462390 13.0 19329
1768087463127 13.0 19339
1768087463863 13.0 19349
1768087464599 13.0 19359
1768087465336 13.0 19369
1768087466072 13.0 19379
1768087466809 13.0 19389
1768087467544 13.0 19399
1768087468281 13.0 19409
1768087469018 13.0 19419
1768087469753 13.0 19429
1768087470490 13.0 19439
1768087471226 13.0 19449
1768087471963 13.0 19459
1768087472700 13.0 19469
1768087473437 13.0 19479
1768087474175 13.0 19489
1768087474912 13.0 19499
1768087475648 13.0 19509
1768087476385 13.0 19519
1768087477121 13.0 19529
1768087477857 13.0 19539
1768087478595 13.0 19549
1768087479331 13.0 19559
1768087480068 13.0 19569
1768087480805 13.0 19579
1768087481540 13.0 19589
1768087482276 13.0 19599
1768087483014 13.0 19609
1768087483751 13.0 19619
1768087484488 13.0 19629
1768087485224 13.0 19639
1768087485961 13.0 19649
1768087486699 13.0 19659
1768087487435 13.0 19669
1768087488169 13.0 19679
1768087488906 13.0 19689
1768087489642 13.0 19699
1768087490378 13.0 19709
1768087491115 13.0 19719
1768087491851 13.0 19729
1768087492588 13.0 19739
1768087493325 13.0 19749
1768087494062 13.0 19759
1768087494797 13.0 19769
1768087495532 13.0 19779
1768087496268 13.0 19789
1768087497006 13.0 19799
1768087497742 13.0 19809
1768087498479 13.0 19819
1768087499217 13.0 19829
1768087499955 13.0 19839
1768087500690 13.0 19849
1768087501424 13.0 19859
1768087502158 13.0 19869
1768087502894 13.0 19879
1768087503629 13.0 19889
1768087504366 13.0 19899
1768087505104 13.0 19909
1768087505841 13.0 19919
1768087506579 13.0 19929
1768087507317 13.0 19939
1768087508055 13.0 19949
1768087508792 13.0 19959
1768087509529 13.0 19969
1768087510264 13.0 19979
1768087511000 13.0 19989
1768087511735 13.0 19999
1768087512471 13.0 20009
1768087513208 13.0 20019
1768087513944 13.0 20029
1768087514680 13.0 20039
1768087515414 13.0 20049
1768087516150 13.0 20059
1768087516885 13.0 20069
1768087517623 13.0 20079
1768087518359 13.0 20089
1768087519095 13.0 20099
1768087519831 13.0 20109
1768087520567 13.0 20119
1768087521303 13.0 20129
1768087522038 13.0 20139
1768087522776 13.0 20149
1768087523510 13.0 20159
1768087684253 13.0 20159
1768087684255 13.0 20159
