1768084195312 0.0009999971371144056 1439
1768084464698 0.0009999971371144056 2879
1768084734330 0.0009999971371144056 4319
1768085003918 0.0009999971371144056 5759
1768085272146 0.0009999971371144056 7199
1768085543369 0.0009999971371144056 8639
1768085814875 0.0009999971371144056 10079
1768086084179 0.0009999971371144056 11519
1768086351859 0.0009999971371144056 12959
1768086618217 0.0009999971371144056 14399
1768086888564 0.0006500036688521504 15839
1768087153077 0.0006500036688521504 17279
1768087417406 0.0006500036688521504 18719
1768087684255 0.0006500036688521504 20159
