1768083922580 0.0010000000474974513 9
1768083923311 0.0010000000474974513 19
1768083924043 0.0010000000474974513 29
1768083924776 0.0010000000474974513 39
1768083925508 0.0010000000474974513 49
1768083926239 0.0010000000474974513 59
1768083926972 0.0010000000474974513 69
1768083927704 0.0010000000474974513 79
1768083928436 0.0010000000474974513 89
1768083929170 0.0010000000474974513 99
1768083929903 0.0010000000474974513 109
1768083930636 0.0010000000474974513 119
1768083931367 0.0010000000474974513 129
1768083932099 0.0010000000474974513 139
1768083932831 0.0010000000474974513 149
1768083933563 0.0010000000474974513 159
1768083934295 0.0010000000474974513 169
1768083935029 0.0010000000474974513 179
1768083935764 0.0010000000474974513 189
1768083936498 0.0010000000474974513 199
1768083937232 0.0010000000474974513 209
1768083937964 0.0010000000474974513 219
1768083938698 0.0010000000474974513 229
1768083939433 0.0010000000474974513 239
1768083940167 0.0010000000474974513 249
1768083940903 0.0010000000474974513 259
1768083941637 0.0010000000474974513 269
1768083942373 0.0010000000474974513 279
1768083943107 0.0010000000474974513 289
1768083943843 0.0010000000474974513 299
1768083944577 0.0010000000474974513 309
1768083945312 0.0010000000474974513 319
1768083946046 0.0010000000474974513 329
1768083946780 0.0010000000474974513 339
1768083947514 0.0010000000474974513 349
1768083948248 0.0010000000474974513 359
1768083948984 0.0010000000474974513 369
1768083949720 0.0010000000474974513 379
1768083950455 0.0010000000474974513 389
1768083951190 0.0010000000474974513 399
1768083951922 0.0010000000474974513 409
1768083952655 0.0010000000474974513 419
1768083953388 0.0010000000474974513 429
1768083954122 0.0010000000474974513 439
1768083954855 0.0010000000474974513 449
1768083955589 0.0010000000474974513 459
1768083956322 0.0010000000474974513 469
1768083957055 0.0010000000474974513 479
1768083957789 0.0010000000474974513 489
1768083958521 0.0010000000474974513 499
1768083959254 0.0010000000474974513 509
1768083959988 0.0010000000474974513 519
1768083960721 0.0010000000474974513 529
1768083961456 0.0010000000474974513 539
1768083962188 0.0010000000474974513 549
1768083962922 0.0010000000474974513 559
1768083963654 0.0010000000474974513 569
1768083964387 0.0010000000474974513 579
1768083965123 0.0010000000474974513 589
1768083965858 0.0010000000474974513 599
1768083966591 0.0010000000474974513 609
1768083967325 0.0010000000474974513 619
1768083968059 0.0010000000474974513 629
1768083968793 0.0010000000474974513 639
1768083969528 0.0010000000474974513 649
1768083970262 0.0010000000474974513 659
1768083970997 0.0010000000474974513 669
1768083971730 0.0010000000474974513 679
1768083972464 0.0010000000474974513 689
1768083973197 0.0010000000474974513 699
1768083973931 0.0010000000474974513 709
1768083974665 0.0010000000474974513 719
1768083975399 0.0010000000474974513 729
1768083976133 0.0010000000474974513 739
1768083976867 0.0010000000474974513 749
1768083977602 0.0010000000474974513 759
1768083978336 0.0010000000474974513 769
1768083979071 0.0010000000474974513 779
1768083979804 0.0010000000474974513 789
1768083980538 0.0010000000474974513 799
1768083981273 0.0010000000474974513 809
1768083982007 0.0010000000474974513 819
1768083982740 0.0010000000474974513 829
1768083983475 0.0010000000474974513 839
1768083984208 0.0010000000474974513 849
1768083984941 0.0010000000474974513 859
1768083985677 0.0010000000474974513 869
1768083986410 0.0010000000474974513 879
1768083987144 0.0010000000474974513 889
1768083987879 0.0010000000474974513 899
1768083988613 0.0010000000474974513 909
1768083989348 0.0010000000474974513 919
1768083990087 0.0010000000474974513 929
1768083990827 0.0010000000474974513 939
1768083991566 0.0010000000474974513 949
1768083992304 0.0010000000474974513 959
1768083993037 0.0010000000474974513 969
1768083993771 0.0010000000474974513 979
1768083994505 0.0010000000474974513 989
1768083995239 0.0010000000474974513 999
1768083995971 0.0010000000474974513 1009
1768083996704 0.0010000000474974513 1019
1768083997436 0.0010000000474974513 1029
1768083998169 0.0010000000474974513 1039
1768083998903 0.0010000000474974513 1049
1768083999636 0.0010000000474974513 1059
1768084000370 0.0010000000474974513 1069
1768084001104 0.0010000000474974513 1079
1768084001838 0.0010000000474974513 1089
1768084002570 0.0010000000474974513 1099
1768084003304 0.0010000000474974513 1109
1768084004037 0.0010000000474974513 1119
1768084004771 0.0010000000474974513 1129
1768084005502 0.0010000000474974513 1139
1768084006234 0.0010000000474974513 1149
1768084006965 0.0010000000474974513 1159
1768084007697 0.0010000000474974513 1169
1768084008429 0.0010000000474974513 1179
1768084009159 0.0010000000474974513 1189
1768084009891 0.0010000000474974513 1199
1768084010624 0.0010000000474974513 1209
1768084011357 0.0010000000474974513 1219
1768084012091 0.0010000000474974513 1229
1768084012823 0.0010000000474974513 1239
1768084013556 0.0010000000474974513 1249
1768084014289 0.0010000000474974513 1259
1768084015022 0.0010000000474974513 1269
1768084015754 0.0010000000474974513 1279
1768084016488 0.0010000000474974513 1289
1768084017219 0.0010000000474974513 1299
1768084017951 0.0010000000474974513 1309
1768084018683 0.0010000000474974513 1319
1768084019413 0.0010000000474974513 1329
1768084020145 0.0010000000474974513 1339
1768084020877 0.0010000000474974513 1349
1768084021607 0.0010000000474974513 1359
1768084022339 0.0010000000474974513 1369
1768084023069 0.0010000000474974513 1379
1768084023802 0.0010000000474974513 1389
1768084024533 0.0010000000474974513 1399
1768084025263 0.0010000000474974513 1409
1768084025992 0.0010000000474974513 1419
1768084026724 0.0010000000474974513 1429
1768084027452 0.0010000000474974513 1439
1768084196102 0.0010000000474974513 1449
1768084196837 0.0010000000474974513 1459
1768084197574 0.0010000000474974513 1469
1768084198311 0.0010000000474974513 1479
1768084199045 0.0010000000474974513 1489
1768084199781 0.0010000000474974513 1499
1768084200517 0.0010000000474974513 1509
1768084201251 0.0010000000474974513 1519
1768084201987 0.0010000000474974513 1529
1768084202722 0.0010000000474974513 1539
1768084203456 0.0010000000474974513 1549
1768084204193 0.0010000000474974513 1559
1768084204928 0.0010000000474974513 1569
1768084205662 0.0010000000474974513 1579
1768084206397 0.0010000000474974513 1589
1768084207132 0.0010000000474974513 1599
1768084207868 0.0010000000474974513 1609
1768084208604 0.0010000000474974513 1619
1768084209339 0.0010000000474974513 1629
1768084210074 0.0010000000474974513 1639
1768084210811 0.0010000000474974513 1649
1768084211546 0.0010000000474974513 1659
1768084212449 0.0010000000474974513 1669
1768084213183 0.0010000000474974513 1679
1768084213919 0.0010000000474974513 1689
1768084214654 0.0010000000474974513 1699
1768084215389 0.0010000000474974513 1709
1768084216125 0.0010000000474974513 1719
1768084216860 0.0010000000474974513 1729
1768084217594 0.0010000000474974513 1739
1768084218330 0.0010000000474974513 1749
1768084219064 0.0010000000474974513 1759
1768084219800 0.0010000000474974513 1769
1768084220538 0.0010000000474974513 1779
1768084221274 0.0010000000474974513 1789
1768084222009 0.0010000000474974513 1799
1768084222745 0.0010000000474974513 1809
1768084223480 0.0010000000474974513 1819
1768084224216 0.0010000000474974513 1829
1768084224952 0.0010000000474974513 1839
1768084225688 0.0010000000474974513 1849
1768084226424 0.0010000000474974513 1859
1768084227160 0.0010000000474974513 1869
1768084227895 0.0010000000474974513 1879
1768084228632 0.0010000000474974513 1889
1768084229367 0.0010000000474974513 1899
1768084230104 0.0010000000474974513 1909
1768084230840 0.0010000000474974513 1919
1768084231576 0.0010000000474974513 1929
1768084232312 0.0010000000474974513 1939
1768084233050 0.0010000000474974513 1949
1768084233786 0.0010000000474974513 1959
1768084234520 0.0010000000474974513 1969
1768084235257 0.0010000000474974513 1979
1768084235993 0.0010000000474974513 1989
1768084236729 0.0010000000474974513 1999
1768084237464 0.0010000000474974513 2009
1768084238201 0.0010000000474974513 2019
1768084238939 0.0010000000474974513 2029
1768084239675 0.0010000000474974513 2039
1768084240412 0.0010000000474974513 2049
1768084241148 0.0010000000474974513 2059
1768084241884 0.0010000000474974513 2069
1768084242621 0.0010000000474974513 2079
1768084243359 0.0010000000474974513 2089
1768084244097 0.0010000000474974513 2099
1768084244833 0.0010000000474974513 2109
1768084245566 0.0010000000474974513 2119
1768084246299 0.0010000000474974513 2129
1768084247034 0.0010000000474974513 2139
1768084247769 0.0010000000474974513 2149
1768084248504 0.0010000000474974513 2159
1768084249241 0.0010000000474974513 2169
1768084249977 0.0010000000474974513 2179
1768084250713 0.0010000000474974513 2189
1768084251447 0.0010000000474974513 2199
1768084252182 0.0010000000474974513 2209
1768084252919 0.0010000000474974513 2219
1768084253654 0.0010000000474974513 2229
1768084254389 0.0010000000474974513 2239
1768084255125 0.0010000000474974513 2249
1768084255860 0.0010000000474974513 2259
1768084256598 0.0010000000474974513 2269
1768084257335 0.0010000000474974513 2279
1768084258070 0.0010000000474974513 2289
1768084258807 0.0010000000474974513 2299
1768084259545 0.0010000000474974513 2309
1768084260281 0.0010000000474974513 2319
1768084261017 0.0010000000474974513 2329
1768084261753 0.0010000000474974513 2339
1768084262488 0.0010000000474974513 2349
1768084263225 0.0010000000474974513 2359
1768084263962 0.0010000000474974513 2369
1768084264698 0.0010000000474974513 2379
1768084265434 0.0010000000474974513 2389
1768084266168 0.0010000000474974513 2399
1768084266903 0.0010000000474974513 2409
1768084267639 0.0010000000474974513 2419
1768084268376 0.0010000000474974513 2429
1768084269110 0.0010000000474974513 2439
1768084269846 0.0010000000474974513 2449
1768084270581 0.0010000000474974513 2459
1768084271319 0.0010000000474974513 2469
1768084272053 0.0010000000474974513 2479
1768084272791 0.0010000000474974513 2489
1768084273526 0.0010000000474974513 2499
1768084274264 0.0010000000474974513 2509
1768084274999 0.0010000000474974513 2519
1768084275735 0.0010000000474974513 2529
1768084276471 0.0010000000474974513 2539
1768084277207 0.0010000000474974513 2549
1768084277944 0.0010000000474974513 2559
1768084278678 0.0010000000474974513 2569
1768084279413 0.0010000000474974513 2579
1768084280148 0.0010000000474974513 2589
1768084280883 0.0010000000474974513 2599
1768084281620 0.0010000000474974513 2609
1768084282355 0.0010000000474974513 2619
1768084283089 0.0010000000474974513 2629
1768084283825 0.0010000000474974513 2639
1768084284562 0.0010000000474974513 2649
1768084285298 0.0010000000474974513 2659
1768084286035 0.0010000000474974513 2669
1768084286770 0.0010000000474974513 2679
1768084287505 0.0010000000474974513 2689
1768084288241 0.0010000000474974513 2699
1768084288978 0.0010000000474974513 2709
1768084289715 0.0010000000474974513 2719
1768084290451 0.0010000000474974513 2729
1768084291185 0.0010000000474974513 2739
1768084291920 0.0010000000474974513 2749
1768084292657 0.0010000000474974513 2759
1768084293392 0.0010000000474974513 2769
1768084294127 0.0010000000474974513 2779
1768084294863 0.0010000000474974513 2789
1768084295598 0.0010000000474974513 2799
1768084296335 0.0010000000474974513 2809
1768084297069 0.0010000000474974513 2819
1768084297808 0.0010000000474974513 2829
1768084298543 0.0010000000474974513 2839
1768084299280 0.0010000000474974513 2849
1768084300017 0.0010000000474974513 2859
1768084300751 0.0010000000474974513 2869
1768084301485 0.0010000000474974513 2879
1768084465491 0.0010000000474974513 2889
1768084466225 0.0010000000474974513 2899
1768084466960 0.0010000000474974513 2909
1768084467697 0.0010000000474974513 2919
1768084468432 0.0010000000474974513 2929
1768084469167 0.0010000000474974513 2939
1768084469905 0.0010000000474974513 2949
1768084470641 0.0010000000474974513 2959
1768084471377 0.0010000000474974513 2969
1768084472112 0.0010000000474974513 2979
1768084472848 0.0010000000474974513 2989
1768084473585 0.0010000000474974513 2999
1768084474323 0.0010000000474974513 3009
1768084475059 0.0010000000474974513 3019
1768084475795 0.0010000000474974513 3029
1768084476531 0.0010000000474974513 3039
1768084477266 0.0010000000474974513 3049
1768084478002 0.0010000000474974513 3059
1768084478736 0.0010000000474974513 3069
1768084479472 0.0010000000474974513 3079
1768084480207 0.0010000000474974513 3089
1768084480943 0.0010000000474974513 3099
1768084481677 0.0010000000474974513 3109
1768084482414 0.0010000000474974513 3119
1768084483151 0.0010000000474974513 3129
1768084483887 0.0010000000474974513 3139
1768084484624 0.0010000000474974513 3149
1768084485360 0.0010000000474974513 3159
1768084486096 0.0010000000474974513 3169
1768084486831 0.0010000000474974513 3179
1768084487567 0.0010000000474974513 3189
1768084488304 0.0010000000474974513 3199
1768084489039 0.0010000000474974513 3209
1768084489776 0.0010000000474974513 3219
1768084490512 0.0010000000474974513 3229
1768084491247 0.0010000000474974513 3239
1768084491984 0.0010000000474974513 3249
1768084492721 0.0010000000474974513 3259
1768084493457 0.0010000000474974513 3269
1768084494195 0.0010000000474974513 3279
1768084494930 0.0010000000474974513 3289
1768084495667 0.0010000000474974513 3299
1768084496404 0.0010000000474974513 3309
1768084497139 0.0010000000474974513 3319
1768084497874 0.0010000000474974513 3329
1768084498610 0.0010000000474974513 3339
1768084499345 0.0010000000474974513 3349
1768084500080 0.0010000000474974513 3359
1768084500816 0.0010000000474974513 3369
1768084501551 0.0010000000474974513 3379
1768084502286 0.0010000000474974513 3389
1768084503023 0.0010000000474974513 3399
1768084503758 0.0010000000474974513 3409
1768084504495 0.0010000000474974513 3419
1768084505230 0.0010000000474974513 3429
1768084505965 0.0010000000474974513 3439
1768084506701 0.0010000000474974513 3449
1768084507436 0.0010000000474974513 3459
1768084508171 0.0010000000474974513 3469
1768084508907 0.0010000000474974513 3479
1768084509643 0.0010000000474974513 3489
1768084510380 0.0010000000474974513 3499
1768084511116 0.0010000000474974513 3509
1768084511851 0.0010000000474974513 3519
1768084512588 0.0010000000474974513 3529
1768084513324 0.0010000000474974513 3539
1768084514061 0.0010000000474974513 3549
1768084514798 0.0010000000474974513 3559
1768084515533 0.0010000000474974513 3569
1768084516268 0.0010000000474974513 3579
1768084517005 0.0010000000474974513 3589
1768084517740 0.0010000000474974513 3599
1768084518476 0.0010000000474974513 3609
1768084519211 0.0010000000474974513 3619
1768084519947 0.0010000000474974513 3629
1768084520684 0.0010000000474974513 3639
1768084521421 0.0010000000474974513 3649
1768084522157 0.0010000000474974513 3659
1768084522893 0.0010000000474974513 3669
1768084523627 0.0010000000474974513 3679
1768084524363 0.0010000000474974513 3689
1768084525099 0.0010000000474974513 3699
1768084525836 0.0010000000474974513 3709
1768084526571 0.0010000000474974513 3719
1768084527307 0.0010000000474974513 3729
1768084528043 0.0010000000474974513 3739
1768084528779 0.0010000000474974513 3749
1768084529515 0.0010000000474974513 3759
1768084530251 0.0010000000474974513 3769
1768084530988 0.0010000000474974513 3779
1768084531724 0.0010000000474974513 3789
1768084532459 0.0010000000474974513 3799
1768084533195 0.0010000000474974513 3809
1768084533931 0.0010000000474974513 3819
1768084534668 0.0010000000474974513 3829
1768084535405 0.0010000000474974513 3839
1768084536140 0.0010000000474974513 3849
1768084536876 0.0010000000474974513 3859
1768084537610 0.0010000000474974513 3869
1768084538346 0.0010000000474974513 3879
1768084539083 0.0010000000474974513 3889
1768084539817 0.0010000000474974513 3899
1768084540551 0.0010000000474974513 3909
1768084541287 0.0010000000474974513 3919
1768084542023 0.0010000000474974513 3929
1768084542757 0.0010000000474974513 3939
1768084543493 0.0010000000474974513 3949
1768084544228 0.0010000000474974513 3959
1768084544963 0.0010000000474974513 3969
1768084545699 0.0010000000474974513 3979
1768084546435 0.0010000000474974513 3989
1768084547172 0.0010000000474974513 3999
1768084547908 0.0010000000474974513 4009
1768084548644 0.0010000000474974513 4019
1768084549380 0.0010000000474974513 4029
1768084550115 0.0010000000474974513 4039
1768084550852 0.0010000000474974513 4049
1768084551588 0.0010000000474974513 4059
1768084552323 0.0010000000474974513 4069
1768084553059 0.0010000000474974513 4079
1768084553795 0.0010000000474974513 4089
1768084554531 0.0010000000474974513 4099
1768084555267 0.0010000000474974513 4109
1768084556004 0.0010000000474974513 4119
1768084556740 0.0010000000474974513 4129
1768084557476 0.0010000000474974513 4139
1768084558212 0.0010000000474974513 4149
1768084558948 0.0010000000474974513 4159
1768084559684 0.0010000000474974513 4169
1768084560422 0.0010000000474974513 4179
1768084561157 0.0010000000474974513 4189
1768084561894 0.0010000000474974513 4199
1768084562632 0.0010000000474974513 4209
1768084563369 0.0010000000474974513 4219
1768084564104 0.0010000000474974513 4229
1768084564841 0.0010000000474974513 4239
1768084565579 0.0010000000474974513 4249
1768084566315 0.0010000000474974513 4259
1768084567051 0.0010000000474974513 4269
1768084567787 0.0010000000474974513 4279
1768084568523 0.0010000000474974513 4289
1768084569259 0.0010000000474974513 4299
1768084569995 0.0010000000474974513 4309
1768084570730 0.0010000000474974513 4319
1768084735126 0.0010000000474974513 4329
1768084735862 0.0010000000474974513 4339
1768084736598 0.0010000000474974513 4349
1768084737335 0.0010000000474974513 4359
1768084738073 0.0010000000474974513 4369
1768084738808 0.0010000000474974513 4379
1768084739544 0.0010000000474974513 4389
1768084740279 0.0010000000474974513 4399
1768084741014 0.0010000000474974513 4409
1768084741751 0.0010000000474974513 4419
1768084742487 0.0010000000474974513 4429
1768084743225 0.0010000000474974513 4439
1768084743964 0.0010000000474974513 4449
1768084744703 0.0010000000474974513 4459
1768084745442 0.0010000000474974513 4469
1768084746179 0.0010000000474974513 4479
1768084746915 0.0010000000474974513 4489
1768084747651 0.0010000000474974513 4499
1768084748385 0.0010000000474974513 4509
1768084749119 0.0010000000474974513 4519
1768084749855 0.0010000000474974513 4529
1768084750589 0.0010000000474974513 4539
1768084751324 0.0010000000474974513 4549
1768084752059 0.0010000000474974513 4559
1768084752795 0.0010000000474974513 4569
1768084753533 0.0010000000474974513 4579
1768084754267 0.0010000000474974513 4589
1768084755001 0.0010000000474974513 4599
1768084755739 0.0010000000474974513 4609
1768084756477 0.0010000000474974513 4619
1768084757215 0.0010000000474974513 4629
1768084757952 0.0010000000474974513 4639
1768084758690 0.0010000000474974513 4649
1768084759427 0.0010000000474974513 4659
1768084760167 0.0010000000474974513 4669
1768084760907 0.0010000000474974513 4679
1768084761644 0.0010000000474974513 4689
1768084762380 0.0010000000474974513 4699
1768084763117 0.0010000000474974513 4709
1768084763853 0.0010000000474974513 4719
1768084764591 0.0010000000474974513 4729
1768084765327 0.0010000000474974513 4739
1768084766063 0.0010000000474974513 4749
1768084766798 0.0010000000474974513 4759
1768084767535 0.0010000000474974513 4769
1768084768271 0.0010000000474974513 4779
1768084769007 0.0010000000474974513 4789
1768084769745 0.0010000000474974513 4799
1768084770480 0.0010000000474974513 4809
1768084771214 0.0010000000474974513 4819
1768084771951 0.0010000000474974513 4829
1768084772689 0.0010000000474974513 4839
1768084773425 0.0010000000474974513 4849
1768084774161 0.0010000000474974513 4859
1768084774900 0.0010000000474974513 4869
1768084775639 0.0010000000474974513 4879
1768084776378 0.0010000000474974513 4889
1768084777114 0.0010000000474974513 4899
1768084777852 0.0010000000474974513 4909
1768084778587 0.0010000000474974513 4919
1768084779324 0.0010000000474974513 4929
1768084780059 0.0010000000474974513 4939
1768084780794 0.0010000000474974513 4949
1768084781530 0.0010000000474974513 4959
1768084782267 0.0010000000474974513 4969
1768084783002 0.0010000000474974513 4979
1768084783740 0.0010000000474974513 4989
1768084784477 0.0010000000474974513 4999
1768084785212 0.0010000000474974513 5009
1768084785952 0.0010000000474974513 5019
1768084786690 0.0010000000474974513 5029
1768084787429 0.0010000000474974513 5039
1768084788164 0.0010000000474974513 5049
1768084788900 0.0010000000474974513 5059
1768084789637 0.0010000000474974513 5069
1768084790373 0.0010000000474974513 5079
1768084791110 0.0010000000474974513 5089
1768084791846 0.0010000000474974513 5099
1768084792584 0.0010000000474974513 5109
1768084793320 0.0010000000474974513 5119
1768084794056 0.0010000000474974513 5129
1768084794794 0.0010000000474974513 5139
1768084795528 0.0010000000474974513 5149
1768084796264 0.0010000000474974513 5159
1768084796999 0.0010000000474974513 5169
1768084797733 0.0010000000474974513 5179
1768084798469 0.0010000000474974513 5189
1768084799206 0.0010000000474974513 5199
1768084799942 0.0010000000474974513 5209
1768084800679 0.0010000000474974513 5219
1768084801416 0.0010000000474974513 5229
1768084802153 0.0010000000474974513 5239
1768084802889 0.0010000000474974513 5249
1768084803626 0.0010000000474974513 5259
1768084804363 0.0010000000474974513 5269
1768084805099 0.0010000000474974513 5279
1768084805835 0.0010000000474974513 5289
1768084806572 0.0010000000474974513 5299
1768084807309 0.0010000000474974513 5309
1768084808045 0.0010000000474974513 5319
1768084808784 0.0010000000474974513 5329
1768084809520 0.0010000000474974513 5339
1768084810257 0.0010000000474974513 5349
1768084810993 0.0010000000474974513 5359
1768084811729 0.0010000000474974513 5369
1768084812468 0.0010000000474974513 5379
1768084813204 0.0010000000474974513 5389
1768084813941 0.0010000000474974513 5399
1768084814678 0.0010000000474974513 5409
1768084815414 0.0010000000474974513 5419
1768084816150 0.0010000000474974513 5429
1768084816888 0.0010000000474974513 5439
1768084817625 0.0010000000474974513 5449
1768084818363 0.0010000000474974513 5459
1768084819100 0.0010000000474974513 5469
1768084819837 0.0010000000474974513 5479
1768084820573 0.0010000000474974513 5489
1768084821308 0.0010000000474974513 5499
1768084822041 0.0010000000474974513 5509
1768084822776 0.0010000000474974513 5519
1768084823513 0.0010000000474974513 5529
1768084824248 0.0010000000474974513 5539
1768084824985 0.0010000000474974513 5549
1768084825721 0.0010000000474974513 5559
1768084826457 0.0010000000474974513 5569
1768084827192 0.0010000000474974513 5579
1768084827928 0.0010000000474974513 5589
1768084828662 0.0010000000474974513 5599
1768084829398 0.0010000000474974513 5609
1768084830130 0.0010000000474974513 5619
1768084830865 0.0010000000474974513 5629
1768084831598 0.0010000000474974513 5639
1768084832334 0.0010000000474974513 5649
1768084833070 0.0010000000474974513 5659
1768084833806 0.0010000000474974513 5669
1768084834542 0.0010000000474974513 5679
1768084835280 0.0010000000474974513 5689
1768084836015 0.0010000000474974513 5699
1768084836751 0.0010000000474974513 5709
1768084837486 0.0010000000474974513 5719
1768084838220 0.0010000000474974513 5729
1768084838958 0.0010000000474974513 5739
1768084839695 0.0010000000474974513 5749
1768084840431 0.0010000000474974513 5759
1768085004717 0.0010000000474974513 5769
1768085005454 0.0010000000474974513 5779
1768085006188 0.0010000000474974513 5789
1768085006924 0.0010000000474974513 5799
1768085007661 0.0010000000474974513 5809
1768085008397 0.0010000000474974513 5819
1768085009132 0.0010000000474974513 5829
1768085009868 0.0010000000474974513 5839
1768085010602 0.0010000000474974513 5849
1768085011337 0.0010000000474974513 5859
1768085012073 0.0010000000474974513 5869
1768085012809 0.0010000000474974513 5879
1768085013545 0.0010000000474974513 5889
1768085014280 0.0010000000474974513 5899
1768085015015 0.0010000000474974513 5909
1768085015750 0.0010000000474974513 5919
1768085016484 0.0010000000474974513 5929
1768085017219 0.0010000000474974513 5939
1768085017953 0.0010000000474974513 5949
1768085018688 0.0010000000474974513 5959
1768085019425 0.0010000000474974513 5969
1768085020160 0.0010000000474974513 5979
1768085020896 0.0010000000474974513 5989
1768085021632 0.0010000000474974513 5999
1768085022368 0.0010000000474974513 6009
1768085023104 0.0010000000474974513 6019
1768085023840 0.0010000000474974513 6029
1768085024576 0.0010000000474974513 6039
1768085025311 0.0010000000474974513 6049
1768085026046 0.0010000000474974513 6059
1768085026780 0.0010000000474974513 6069
1768085027515 0.0010000000474974513 6079
1768085028251 0.0010000000474974513 6089
1768085028985 0.0010000000474974513 6099
1768085029722 0.0010000000474974513 6109
1768085030458 0.0010000000474974513 6119
1768085031196 0.0010000000474974513 6129
1768085031930 0.0010000000474974513 6139
1768085032665 0.0010000000474974513 6149
1768085033402 0.0010000000474974513 6159
1768085034139 0.0010000000474974513 6169
1768085034875 0.0010000000474974513 6179
1768085035610 0.0010000000474974513 6189
1768085036347 0.0010000000474974513 6199
1768085037081 0.0010000000474974513 6209
1768085037818 0.0010000000474974513 6219
1768085038556 0.0010000000474974513 6229
1768085039292 0.0010000000474974513 6239
1768085040029 0.0010000000474974513 6249
1768085040767 0.0010000000474974513 6259
1768085041503 0.0010000000474974513 6269
1768085042239 0.0010000000474974513 6279
1768085042975 0.0010000000474974513 6289
1768085043712 0.0010000000474974513 6299
1768085044447 0.0010000000474974513 6309
1768085045182 0.0010000000474974513 6319
1768085045920 0.0010000000474974513 6329
1768085046656 0.0010000000474974513 6339
1768085047394 0.0010000000474974513 6349
1768085048131 0.0010000000474974513 6359
1768085048868 0.0010000000474974513 6369
1768085049604 0.0010000000474974513 6379
1768085050339 0.0010000000474974513 6389
1768085051073 0.0010000000474974513 6399
1768085051809 0.0010000000474974513 6409
1768085052548 0.0010000000474974513 6419
1768085053285 0.0010000000474974513 6429
1768085054025 0.0010000000474974513 6439
1768085054764 0.0010000000474974513 6449
1768085055502 0.0010000000474974513 6459
1768085056240 0.0010000000474974513 6469
1768085056979 0.0010000000474974513 6479
1768085057719 0.0010000000474974513 6489
1768085058458 0.0010000000474974513 6499
1768085059197 0.0010000000474974513 6509
1768085059936 0.0010000000474974513 6519
1768085060673 0.0010000000474974513 6529
1768085061410 0.0010000000474974513 6539
1768085062148 0.0010000000474974513 6549
1768085062883 0.0010000000474974513 6559
1768085063619 0.0010000000474974513 6569
1768085064356 0.0010000000474974513 6579
1768085065092 0.0010000000474974513 6589
1768085065829 0.0010000000474974513 6599
1768085066565 0.0010000000474974513 6609
1768085067300 0.0010000000474974513 6619
1768085068038 0.0010000000474974513 6629
1768085068775 0.0010000000474974513 6639
1768085069511 0.0010000000474974513 6649
1768085070248 0.0010000000474974513 6659
1768085070984 0.0010000000474974513 6669
1768085071719 0.0010000000474974513 6679
1768085072454 0.0010000000474974513 6689
1768085073190 0.0010000000474974513 6699
1768085073928 0.0010000000474974513 6709
1768085074663 0.0010000000474974513 6719
1768085075397 0.0010000000474974513 6729
1768085076133 0.0010000000474974513 6739
1768085076869 0.0010000000474974513 6749
1768085077605 0.0010000000474974513 6759
1768085078342 0.0010000000474974513 6769
1768085079077 0.0010000000474974513 6779
1768085079814 0.0010000000474974513 6789
1768085080552 0.0010000000474974513 6799
1768085081287 0.0010000000474974513 6809
1768085082023 0.0010000000474974513 6819
1768085082759 0.0010000000474974513 6829
1768085083497 0.0010000000474974513 6839
1768085084234 0.0010000000474974513 6849
1768085084973 0.0010000000474974513 6859
1768085085711 0.0010000000474974513 6869
1768085086447 0.0010000000474974513 6879
1768085087181 0.0010000000474974513 6889
1768085087916 0.0010000000474974513 6899
1768085088652 0.0010000000474974513 6909
1768085089386 0.0010000000474974513 6919
1768085090122 0.0010000000474974513 6929
1768085090859 0.0010000000474974513 6939
1768085091593 0.0010000000474974513 6949
1768085092331 0.0010000000474974513 6959
1768085093066 0.0010000000474974513 6969
1768085093802 0.0010000000474974513 6979
1768085094539 0.0010000000474974513 6989
1768085095275 0.0010000000474974513 6999
1768085096010 0.0010000000474974513 7009
1768085096746 0.0010000000474974513 7019
1768085097483 0.0010000000474974513 7029
1768085098219 0.0010000000474974513 7039
1768085098954 0.0010000000474974513 7049
1768085099691 0.0010000000474974513 7059
1768085100427 0.0010000000474974513 7069
1768085101163 0.0010000000474974513 7079
1768085101899 0.0010000000474974513 7089
1768085102636 0.0010000000474974513 7099
1768085103372 0.0010000000474974513 7109
1768085104106 0.0010000000474974513 7119
1768085104842 0.0010000000474974513 7129
1768085105577 0.0010000000474974513 7139
1768085106312 0.0010000000474974513 7149
1768085107048 0.0010000000474974513 7159
1768085107784 0.0010000000474974513 7169
1768085108520 0.0010000000474974513 7179
1768085109255 0.0010000000474974513 7189
1768085109989 0.0010000000474974513 7199
1768085272939 0.0010000000474974513 7209
1768085273674 0.0010000000474974513 7219
1768085274411 0.0010000000474974513 7229
1768085275146 0.0010000000474974513 7239
1768085275880 0.0010000000474974513 7249
1768085276615 0.0010000000474974513 7259
1768085277351 0.0010000000474974513 7269
1768085278086 0.0010000000474974513 7279
1768085278825 0.0010000000474974513 7289
1768085279563 0.0010000000474974513 7299
1768085280301 0.0010000000474974513 7309
1768085281040 0.0010000000474974513 7319
1768085281777 0.0010000000474974513 7329
1768085282515 0.0010000000474974513 7339
1768085283250 0.0010000000474974513 7349
1768085283986 0.0010000000474974513 7359
1768085284724 0.0010000000474974513 7369
1768085285461 0.0010000000474974513 7379
1768085286196 0.0010000000474974513 7389
1768085286933 0.0010000000474974513 7399
1768085287668 0.0010000000474974513 7409
1768085288405 0.0010000000474974513 7419
1768085289142 0.0010000000474974513 7429
1768085289877 0.0010000000474974513 7439
1768085290614 0.0010000000474974513 7449
1768085291352 0.0010000000474974513 7459
1768085292089 0.0010000000474974513 7469
1768085292827 0.0010000000474974513 7479
1768085293562 0.0010000000474974513 7489
1768085294297 0.0010000000474974513 7499
1768085295034 0.0010000000474974513 7509
1768085295770 0.0010000000474974513 7519
1768085296505 0.0010000000474974513 7529
1768085297243 0.0010000000474974513 7539
1768085297979 0.0010000000474974513 7549
1768085298715 0.0010000000474974513 7559
1768085299453 0.0010000000474974513 7569
1768085300189 0.0010000000474974513 7579
1768085300927 0.0010000000474974513 7589
1768085301663 0.0010000000474974513 7599
1768085302397 0.0010000000474974513 7609
1768085303134 0.0010000000474974513 7619
1768085303870 0.0010000000474974513 7629
1768085304607 0.0010000000474974513 7639
1768085305345 0.0010000000474974513 7649
1768085306081 0.0010000000474974513 7659
1768085306817 0.0010000000474974513 7669
1768085307553 0.0010000000474974513 7679
1768085308288 0.0010000000474974513 7689
1768085309025 0.0010000000474974513 7699
1768085309761 0.0010000000474974513 7709
1768085310497 0.0010000000474974513 7719
1768085311233 0.0010000000474974513 7729
1768085311968 0.0010000000474974513 7739
1768085312705 0.0010000000474974513 7749
1768085313442 0.0010000000474974513 7759
1768085314179 0.0010000000474974513 7769
1768085314915 0.0010000000474974513 7779
1768085315651 0.0010000000474974513 7789
1768085316387 0.0010000000474974513 7799
1768085317124 0.0010000000474974513 7809
1768085317860 0.0010000000474974513 7819
1768085318596 0.0010000000474974513 7829
1768085319335 0.0010000000474974513 7839
1768085320071 0.0010000000474974513 7849
1768085320807 0.0010000000474974513 7859
1768085321543 0.0010000000474974513 7869
1768085322280 0.0010000000474974513 7879
1768085323016 0.0010000000474974513 7889
1768085323752 0.0010000000474974513 7899
1768085324487 0.0010000000474974513 7909
1768085325224 0.0010000000474974513 7919
1768085325961 0.0010000000474974513 7929
1768085326696 0.0010000000474974513 7939
1768085327432 0.0010000000474974513 7949
1768085328168 0.0010000000474974513 7959
1768085328904 0.0010000000474974513 7969
1768085329641 0.0010000000474974513 7979
1768085330376 0.0010000000474974513 7989
1768085331112 0.0010000000474974513 7999
1768085331848 0.0010000000474974513 8009
1768085332585 0.0010000000474974513 8019
1768085333320 0.0010000000474974513 8029
1768085334057 0.0010000000474974513 8039
1768085334790 0.0010000000474974513 8049
1768085335524 0.0010000000474974513 8059
1768085336258 0.0010000000474974513 8069
1768085336992 0.0010000000474974513 8079
1768085337727 0.0010000000474974513 8089
1768085338463 0.0010000000474974513 8099
1768085339198 0.0010000000474974513 8109
1768085339935 0.0010000000474974513 8119
1768085340672 0.0010000000474974513 8129
1768085341407 0.0010000000474974513 8139
1768085342143 0.0010000000474974513 8149
1768085342879 0.0010000000474974513 8159
1768085343616 0.0010000000474974513 8169
1768085344351 0.0010000000474974513 8179
1768085345086 0.0010000000474974513 8189
1768085345824 0.0010000000474974513 8199
1768085346561 0.0010000000474974513 8209
1768085347298 0.0010000000474974513 8219
1768085348035 0.0010000000474974513 8229
1768085348771 0.0010000000474974513 8239
1768085349508 0.0010000000474974513 8249
1768085350245 0.0010000000474974513 8259
1768085350981 0.0010000000474974513 8269
1768085351719 0.0010000000474974513 8279
1768085352455 0.0010000000474974513 8289
1768085353190 0.0010000000474974513 8299
1768085353927 0.0010000000474974513 8309
1768085354664 0.0010000000474974513 8319
1768085355400 0.0010000000474974513 8329
1768085356137 0.0010000000474974513 8339
1768085356873 0.0010000000474974513 8349
1768085357609 0.0010000000474974513 8359
1768085358346 0.0010000000474974513 8369
1768085359084 0.0010000000474974513 8379
1768085359821 0.0010000000474974513 8389
1768085360558 0.0010000000474974513 8399
1768085361295 0.0010000000474974513 8409
1768085362033 0.0010000000474974513 8419
1768085362769 0.0010000000474974513 8429
1768085363504 0.0010000000474974513 8439
1768085364242 0.0010000000474974513 8449
1768085364977 0.0010000000474974513 8459
1768085365713 0.0010000000474974513 8469
1768085366449 0.0010000000474974513 8479
1768085367184 0.0010000000474974513 8489
1768085367919 0.0010000000474974513 8499
1768085368656 0.0010000000474974513 8509
1768085369392 0.0010000000474974513 8519
1768085370130 0.0010000000474974513 8529
1768085370866 0.0010000000474974513 8539
1768085371603 0.0010000000474974513 8549
1768085372340 0.0010000000474974513 8559
1768085373077 0.0010000000474974513 8569
1768085373815 0.0010000000474974513 8579
1768085374554 0.0010000000474974513 8589
1768085375292 0.0010000000474974513 8599
1768085376030 0.0010000000474974513 8609
1768085376765 0.0010000000474974513 8619
1768085377501 0.0010000000474974513 8629
1768085378236 0.0010000000474974513 8639
1768085544162 0.0010000000474974513 8649
1768085544897 0.0010000000474974513 8659
1768085545632 0.0010000000474974513 8669
1768085546369 0.0010000000474974513 8679
1768085547108 0.0010000000474974513 8689
1768085547844 0.0010000000474974513 8699
1768085548580 0.0010000000474974513 8709
1768085549315 0.0010000000474974513 8719
1768085550050 0.0010000000474974513 8729
1768085550785 0.0010000000474974513 8739
1768085551521 0.0010000000474974513 8749
1768085552259 0.0010000000474974513 8759
1768085552995 0.0010000000474974513 8769
1768085553730 0.0010000000474974513 8779
1768085554464 0.0010000000474974513 8789
1768085555199 0.0010000000474974513 8799
1768085555933 0.0010000000474974513 8809
1768085556670 0.0010000000474974513 8819
1768085557406 0.0010000000474974513 8829
1768085558142 0.0010000000474974513 8839
1768085558878 0.0010000000474974513 8849
1768085559612 0.0010000000474974513 8859
1768085560349 0.0010000000474974513 8869
1768085561083 0.0010000000474974513 8879
1768085561817 0.0010000000474974513 8889
1768085562553 0.0010000000474974513 8899
1768085563288 0.0010000000474974513 8909
1768085564025 0.0010000000474974513 8919
1768085564762 0.0010000000474974513 8929
1768085565497 0.0010000000474974513 8939
1768085566233 0.0010000000474974513 8949
1768085566970 0.0010000000474974513 8959
1768085567705 0.0010000000474974513 8969
1768085568443 0.0010000000474974513 8979
1768085569179 0.0010000000474974513 8989
1768085569914 0.0010000000474974513 8999
1768085570651 0.0010000000474974513 9009
1768085571386 0.0010000000474974513 9019
1768085572121 0.0010000000474974513 9029
1768085572859 0.0010000000474974513 9039
1768085573595 0.0010000000474974513 9049
1768085574333 0.0010000000474974513 9059
1768085575070 0.0010000000474974513 9069
1768085575806 0.0010000000474974513 9079
1768085576544 0.0010000000474974513 9089
1768085577281 0.0010000000474974513 9099
1768085578019 0.0010000000474974513 9109
1768085578756 0.0010000000474974513 9119
1768085579494 0.0010000000474974513 9129
1768085580230 0.0010000000474974513 9139
1768085580968 0.0010000000474974513 9149
1768085581704 0.0010000000474974513 9159
1768085582441 0.0010000000474974513 9169
1768085583178 0.0010000000474974513 9179
1768085583916 0.0010000000474974513 9189
1768085584653 0.0010000000474974513 9199
1768085585390 0.0010000000474974513 9209
1768085586127 0.0010000000474974513 9219
1768085586865 0.0010000000474974513 9229
1768085587601 0.0010000000474974513 9239
1768085588338 0.0010000000474974513 9249
1768085589077 0.0010000000474974513 9259
1768085589813 0.0010000000474974513 9269
1768085590549 0.0010000000474974513 9279
1768085591285 0.0010000000474974513 9289
1768085592021 0.0010000000474974513 9299
1768085592757 0.0010000000474974513 9309
1768085593494 0.0010000000474974513 9319
1768085594230 0.0010000000474974513 9329
1768085594968 0.0010000000474974513 9339
1768085595703 0.0010000000474974513 9349
1768085596439 0.0010000000474974513 9359
1768085597175 0.0010000000474974513 9369
1768085597912 0.0010000000474974513 9379
1768085598649 0.0010000000474974513 9389
1768085599386 0.0010000000474974513 9399
1768085600123 0.0010000000474974513 9409
1768085600860 0.0010000000474974513 9419
1768085601600 0.0010000000474974513 9429
1768085602339 0.0010000000474974513 9439
1768085603077 0.0010000000474974513 9449
1768085603813 0.0010000000474974513 9459
1768085604548 0.0010000000474974513 9469
1768085605288 0.0010000000474974513 9479
1768085606024 0.0010000000474974513 9489
1768085606761 0.0010000000474974513 9499
1768085607497 0.0010000000474974513 9509
1768085608233 0.0010000000474974513 9519
1768085608969 0.0010000000474974513 9529
1768085609705 0.0010000000474974513 9539
1768085610442 0.0010000000474974513 9549
1768085611177 0.0010000000474974513 9559
1768085611912 0.0010000000474974513 9569
1768085612647 0.0010000000474974513 9579
1768085613386 0.0010000000474974513 9589
1768085614123 0.0010000000474974513 9599
1768085614860 0.0010000000474974513 9609
1768085615596 0.0010000000474974513 9619
1768085616331 0.0010000000474974513 9629
1768085617066 0.0010000000474974513 9639
1768085617803 0.0010000000474974513 9649
1768085618538 0.0010000000474974513 9659
1768085619273 0.0010000000474974513 9669
1768085620010 0.0010000000474974513 9679
1768085620746 0.0010000000474974513 9689
1768085621482 0.0010000000474974513 9699
1768085622218 0.0010000000474974513 9709
1768085622953 0.0010000000474974513 9719
1768085623688 0.0010000000474974513 9729
1768085624424 0.0010000000474974513 9739
1768085625162 0.0010000000474974513 9749
1768085625900 0.0010000000474974513 9759
1768085626635 0.0010000000474974513 9769
1768085627372 0.0010000000474974513 9779
1768085628111 0.0010000000474974513 9789
1768085628847 0.0010000000474974513 9799
1768085629585 0.0010000000474974513 9809
1768085630321 0.0010000000474974513 9819
1768085631057 0.0010000000474974513 9829
1768085631795 0.0010000000474974513 9839
1768085632532 0.0010000000474974513 9849
1768085633269 0.0010000000474974513 9859
1768085634008 0.0010000000474974513 9869
1768085634745 0.0010000000474974513 9879
1768085635481 0.0010000000474974513 9889
1768085636218 0.0010000000474974513 9899
1768085636954 0.0010000000474974513 9909
1768085637690 0.0010000000474974513 9919
1768085638425 0.0010000000474974513 9929
1768085639161 0.0010000000474974513 9939
1768085639899 0.0010000000474974513 9949
1768085640635 0.0010000000474974513 9959
1768085641373 0.0010000000474974513 9969
1768085642109 0.0010000000474974513 9979
1768085642847 0.0010000000474974513 9989
1768085643583 0.0010000000474974513 9999
1768085644319 0.0010000000474974513 10009
1768085645056 0.0010000000474974513 10019
1768085645792 0.0010000000474974513 10029
1768085646530 0.0010000000474974513 10039
1768085647266 0.0010000000474974513 10049
1768085648005 0.0010000000474974513 10059
1768085648743 0.0010000000474974513 10069
1768085649480 0.0010000000474974513 10079
1768085815669 0.0010000000474974513 10089
1768085816406 0.0010000000474974513 10099
1768085817141 0.0010000000474974513 10109
1768085817877 0.0010000000474974513 10119
1768085818612 0.0010000000474974513 10129
1768085819347 0.0010000000474974513 10139
1768085820086 0.0010000000474974513 10149
1768085820821 0.0010000000474974513 10159
1768085821556 0.0010000000474974513 10169
1768085822295 0.0010000000474974513 10179
1768085823030 0.0010000000474974513 10189
1768085823768 0.0010000000474974513 10199
1768085824505 0.0010000000474974513 10209
1768085825241 0.0010000000474974513 10219
1768085825981 0.0010000000474974513 10229
1768085826717 0.0010000000474974513 10239
1768085827453 0.0010000000474974513 10249
1768085828191 0.0010000000474974513 10259
1768085828928 0.0010000000474974513 10269
1768085829665 0.0010000000474974513 10279
1768085830405 0.0010000000474974513 10289
1768085831139 0.0010000000474974513 10299
1768085831875 0.0010000000474974513 10309
1768085832611 0.0010000000474974513 10319
1768085833346 0.0010000000474974513 10329
1768085834082 0.0010000000474974513 10339
1768085834819 0.0010000000474974513 10349
1768085835555 0.0010000000474974513 10359
1768085836292 0.0010000000474974513 10369
1768085837024 0.0010000000474974513 10379
1768085837759 0.0010000000474974513 10389
1768085838495 0.0010000000474974513 10399
1768085839230 0.0010000000474974513 10409
1768085839966 0.0010000000474974513 10419
1768085840703 0.0010000000474974513 10429
1768085841439 0.0010000000474974513 10439
1768085842175 0.0010000000474974513 10449
1768085842912 0.0010000000474974513 10459
1768085843648 0.0010000000474974513 10469
1768085844385 0.0010000000474974513 10479
1768085845124 0.0010000000474974513 10489
1768085845859 0.0010000000474974513 10499
1768085846595 0.0010000000474974513 10509
1768085847330 0.0010000000474974513 10519
1768085848065 0.0010000000474974513 10529
1768085848801 0.0010000000474974513 10539
1768085849537 0.0010000000474974513 10549
1768085850273 0.0010000000474974513 10559
1768085851009 0.0010000000474974513 10569
1768085851744 0.0010000000474974513 10579
1768085852480 0.0010000000474974513 10589
1768085853213 0.0010000000474974513 10599
1768085853950 0.0010000000474974513 10609
1768085854686 0.0010000000474974513 10619
1768085855423 0.0010000000474974513 10629
1768085856158 0.0010000000474974513 10639
1768085856894 0.0010000000474974513 10649
1768085857629 0.0010000000474974513 10659
1768085858365 0.0010000000474974513 10669
1768085859101 0.0010000000474974513 10679
1768085859838 0.0010000000474974513 10689
1768085860575 0.0010000000474974513 10699
1768085861312 0.0010000000474974513 10709
1768085862049 0.0010000000474974513 10719
1768085862783 0.0010000000474974513 10729
1768085863518 0.0010000000474974513 10739
1768085864255 0.0010000000474974513 10749
1768085864994 0.0010000000474974513 10759
1768085865732 0.0010000000474974513 10769
1768085866469 0.0010000000474974513 10779
1768085867207 0.0010000000474974513 10789
1768085867943 0.0010000000474974513 10799
1768085868679 0.0010000000474974513 10809
1768085869415 0.0010000000474974513 10819
1768085870151 0.0010000000474974513 10829
1768085870889 0.0010000000474974513 10839
1768085871624 0.0010000000474974513 10849
1768085872360 0.0010000000474974513 10859
1768085873096 0.0010000000474974513 10869
1768085873833 0.0010000000474974513 10879
1768085874568 0.0010000000474974513 10889
1768085875304 0.0010000000474974513 10899
1768085876039 0.0010000000474974513 10909
1768085876776 0.0010000000474974513 10919
1768085877514 0.0010000000474974513 10929
1768085878249 0.0010000000474974513 10939
1768085878985 0.0010000000474974513 10949
1768085879721 0.0010000000474974513 10959
1768085880457 0.0010000000474974513 10969
1768085881195 0.0010000000474974513 10979
1768085881929 0.0010000000474974513 10989
1768085882665 0.0010000000474974513 10999
1768085883401 0.0010000000474974513 11009
1768085884138 0.0010000000474974513 11019
1768085884874 0.0010000000474974513 11029
1768085885610 0.0010000000474974513 11039
1768085886346 0.0010000000474974513 11049
1768085887081 0.0010000000474974513 11059
1768085887817 0.0010000000474974513 11069
1768085888554 0.0010000000474974513 11079
1768085889290 0.0010000000474974513 11089
1768085890026 0.0010000000474974513 11099
1768085890762 0.0010000000474974513 11109
1768085891500 0.0010000000474974513 11119
1768085892236 0.0010000000474974513 11129
1768085892971 0.0010000000474974513 11139
1768085893708 0.0010000000474974513 11149
1768085894443 0.0010000000474974513 11159
1768085895180 0.0010000000474974513 11169
1768085895917 0.0010000000474974513 11179
1768085896651 0.0010000000474974513 11189
1768085897387 0.0010000000474974513 11199
1768085898123 0.0010000000474974513 11209
1768085898857 0.0010000000474974513 11219
1768085899592 0.0010000000474974513 11229
1768085900327 0.0010000000474974513 11239
1768085901062 0.0010000000474974513 11249
1768085901797 0.0010000000474974513 11259
1768085902532 0.0010000000474974513 11269
1768085903267 0.0010000000474974513 11279
1768085904004 0.0010000000474974513 11289
1768085904739 0.0010000000474974513 11299
1768085905474 0.0010000000474974513 11309
1768085906210 0.0010000000474974513 11319
1768085906945 0.0010000000474974513 11329
1768085907680 0.0010000000474974513 11339
1768085908415 0.0010000000474974513 11349
1768085909149 0.0010000000474974513 11359
1768085909886 0.0010000000474974513 11369
1768085910621 0.0010000000474974513 11379
1768085911357 0.0010000000474974513 11389
1768085912093 0.0010000000474974513 11399
1768085912828 0.0010000000474974513 11409
1768085913563 0.0010000000474974513 11419
1768085914299 0.0010000000474974513 11429
1768085915033 0.0010000000474974513 11439
1768085915767 0.0010000000474974513 11449
1768085916503 0.0010000000474974513 11459
1768085917237 0.0010000000474974513 11469
1768085917973 0.0010000000474974513 11479
1768085918709 0.0010000000474974513 11489
1768085919444 0.0010000000474974513 11499
1768085920181 0.0010000000474974513 11509
1768085920914 0.0010000000474974513 11519
1768086084971 0.0010000000474974513 11529
1768086085705 0.0010000000474974513 11539
1768086086438 0.0010000000474974513 11549
1768086087173 0.0010000000474974513 11559
1768086087910 0.0010000000474974513 11569
1768086088645 0.0010000000474974513 11579
1768086089381 0.0010000000474974513 11589
1768086090117 0.0010000000474974513 11599
1768086090852 0.0010000000474974513 11609
1768086091587 0.0010000000474974513 11619
1768086092321 0.0010000000474974513 11629
1768086093057 0.0010000000474974513 11639
1768086093793 0.0010000000474974513 11649
1768086094528 0.0010000000474974513 11659
1768086095265 0.0010000000474974513 11669
1768086096001 0.0010000000474974513 11679
1768086096736 0.0010000000474974513 11689
1768086097473 0.0010000000474974513 11699
1768086098208 0.0010000000474974513 11709
1768086098942 0.0010000000474974513 11719
1768086099677 0.0010000000474974513 11729
1768086100413 0.0010000000474974513 11739
1768086101149 0.0010000000474974513 11749
1768086101885 0.0010000000474974513 11759
1768086102619 0.0010000000474974513 11769
1768086103355 0.0010000000474974513 11779
1768086104096 0.0010000000474974513 11789
1768086104832 0.0010000000474974513 11799
1768086105568 0.0010000000474974513 11809
1768086106305 0.0010000000474974513 11819
1768086107041 0.0010000000474974513 11829
1768086107775 0.0010000000474974513 11839
1768086108509 0.0010000000474974513 11849
1768086109244 0.0010000000474974513 11859
1768086109979 0.0010000000474974513 11869
1768086110714 0.0010000000474974513 11879
1768086111448 0.0010000000474974513 11889
1768086112185 0.0010000000474974513 11899
1768086112920 0.0010000000474974513 11909
1768086113654 0.0010000000474974513 11919
1768086114389 0.0010000000474974513 11929
1768086115124 0.0010000000474974513 11939
1768086115861 0.0010000000474974513 11949
1768086116597 0.0010000000474974513 11959
1768086117333 0.0010000000474974513 11969
1768086118069 0.0010000000474974513 11979
1768086118805 0.0010000000474974513 11989
1768086119541 0.0010000000474974513 11999
1768086120279 0.0010000000474974513 12009
1768086121013 0.0010000000474974513 12019
1768086121748 0.0010000000474974513 12029
1768086122483 0.0010000000474974513 12039
1768086123217 0.0010000000474974513 12049
1768086123953 0.0010000000474974513 12059
1768086124690 0.0010000000474974513 12069
1768086125426 0.0010000000474974513 12079
1768086126165 0.0010000000474974513 12089
1768086126901 0.0010000000474974513 12099
1768086127637 0.0010000000474974513 12109
1768086128375 0.0010000000474974513 12119
1768086129110 0.0010000000474974513 12129
1768086129848 0.0010000000474974513 12139
1768086130587 0.0010000000474974513 12149
1768086131323 0.0010000000474974513 12159
1768086132058 0.0010000000474974513 12169
1768086132793 0.0010000000474974513 12179
1768086133528 0.0010000000474974513 12189
1768086134264 0.0010000000474974513 12199
1768086135001 0.0010000000474974513 12209
1768086135737 0.0010000000474974513 12219
1768086136475 0.0010000000474974513 12229
1768086137211 0.0010000000474974513 12239
1768086137947 0.0010000000474974513 12249
1768086138685 0.0010000000474974513 12259
1768086139423 0.0010000000474974513 12269
1768086140159 0.0010000000474974513 12279
1768086140896 0.0010000000474974513 12289
1768086141630 0.0010000000474974513 12299
1768086142365 0.0010000000474974513 12309
1768086143101 0.0010000000474974513 12319
1768086143836 0.0010000000474974513 12329
1768086144572 0.0010000000474974513 12339
1768086145307 0.0010000000474974513 12349
1768086146041 0.0010000000474974513 12359
1768086146778 0.0010000000474974513 12369
1768086147515 0.0010000000474974513 12379
1768086148252 0.0010000000474974513 12389
1768086148988 0.0010000000474974513 12399
1768086149725 0.0010000000474974513 12409
1768086150462 0.0010000000474974513 12419
1768086151200 0.0010000000474974513 12429
1768086151936 0.0010000000474974513 12439
1768086152673 0.0010000000474974513 12449
1768086153410 0.0010000000474974513 12459
1768086154145 0.0010000000474974513 12469
1768086154883 0.0010000000474974513 12479
1768086155620 0.0010000000474974513 12489
1768086156354 0.0010000000474974513 12499
1768086157091 0.0010000000474974513 12509
1768086157827 0.0010000000474974513 12519
1768086158562 0.0010000000474974513 12529
1768086159300 0.0010000000474974513 12539
1768086160037 0.0010000000474974513 12549
1768086160773 0.0010000000474974513 12559
1768086161510 0.0010000000474974513 12569
1768086162247 0.0010000000474974513 12579
1768086162983 0.0010000000474974513 12589
1768086163719 0.0010000000474974513 12599
1768086164455 0.0010000000474974513 12609
1768086165192 0.0010000000474974513 12619
1768086165927 0.0010000000474974513 12629
1768086166663 0.0010000000474974513 12639
1768086167400 0.0010000000474974513 12649
1768086168135 0.0010000000474974513 12659
1768086168872 0.0010000000474974513 12669
1768086169609 0.0010000000474974513 12679
1768086170345 0.0010000000474974513 12689
1768086171082 0.0010000000474974513 12699
1768086171819 0.0010000000474974513 12709
1768086172555 0.0010000000474974513 12719
1768086173293 0.0010000000474974513 12729
1768086174030 0.0010000000474974513 12739
1768086174766 0.0010000000474974513 12749
1768086175504 0.0010000000474974513 12759
1768086176239 0.0010000000474974513 12769
1768086176975 0.0010000000474974513 12779
1768086177713 0.0010000000474974513 12789
1768086178450 0.0010000000474974513 12799
1768086179186 0.0010000000474974513 12809
1768086179921 0.0010000000474974513 12819
1768086180659 0.0010000000474974513 12829
1768086181397 0.0010000000474974513 12839
1768086182133 0.0010000000474974513 12849
1768086182870 0.0010000000474974513 12859
1768086183607 0.0010000000474974513 12869
1768086184344 0.0010000000474974513 12879
1768086185080 0.0010000000474974513 12889
1768086185814 0.0010000000474974513 12899
1768086186549 0.0010000000474974513 12909
1768086187289 0.0010000000474974513 12919
1768086188025 0.0010000000474974513 12929
1768086188761 0.0010000000474974513 12939
1768086189496 0.0010000000474974513 12949
1768086190230 0.0010000000474974513 12959
1768086352651 0.0010000000474974513 12969
1768086353387 0.0010000000474974513 12979
1768086354122 0.0010000000474974513 12989
1768086354858 0.0010000000474974513 12999
1768086355594 0.0010000000474974513 13009
1768086356329 0.0010000000474974513 13019
1768086357065 0.0010000000474974513 13029
1768086357800 0.0010000000474974513 13039
1768086358535 0.0010000000474974513 13049
1768086359271 0.0010000000474974513 13059
1768086360008 0.0010000000474974513 13069
1768086360745 0.0010000000474974513 13079
1768086361481 0.0010000000474974513 13089
1768086362217 0.0010000000474974513 13099
1768086362954 0.0010000000474974513 13109
1768086363691 0.0010000000474974513 13119
1768086364428 0.0010000000474974513 13129
1768086365163 0.0010000000474974513 13139
1768086365900 0.0010000000474974513 13149
1768086366637 0.0010000000474974513 13159
1768086367375 0.0010000000474974513 13169
1768086368111 0.0010000000474974513 13179
1768086368847 0.0010000000474974513 13189
1768086369584 0.0010000000474974513 13199
1768086370320 0.0010000000474974513 13209
1768086371056 0.0010000000474974513 13219
1768086371794 0.0010000000474974513 13229
1768086372533 0.0010000000474974513 13239
1768086373269 0.0010000000474974513 13249
1768086374006 0.0010000000474974513 13259
1768086374743 0.0010000000474974513 13269
1768086375477 0.0010000000474974513 13279
1768086376213 0.0010000000474974513 13289
1768086376950 0.0010000000474974513 13299
1768086377688 0.0010000000474974513 13309
1768086378424 0.0010000000474974513 13319
1768086379161 0.0010000000474974513 13329
1768086379897 0.0010000000474974513 13339
1768086380633 0.0010000000474974513 13349
1768086381370 0.0010000000474974513 13359
1768086382107 0.0010000000474974513 13369
1768086382843 0.0010000000474974513 13379
1768086383580 0.0010000000474974513 13389
1768086384317 0.0010000000474974513 13399
1768086385053 0.0010000000474974513 13409
1768086385790 0.0010000000474974513 13419
1768086386524 0.0010000000474974513 13429
1768086387260 0.0010000000474974513 13439
1768086387997 0.0010000000474974513 13449
1768086388734 0.0010000000474974513 13459
1768086389471 0.0010000000474974513 13469
1768086390208 0.0010000000474974513 13479
1768086390945 0.0010000000474974513 13489
1768086391682 0.0010000000474974513 13499
1768086392419 0.0010000000474974513 13509
1768086393155 0.0010000000474974513 13519
1768086393891 0.0010000000474974513 13529
1768086394628 0.0010000000474974513 13539
1768086395364 0.0010000000474974513 13549
1768086396102 0.0010000000474974513 13559
1768086396840 0.0010000000474974513 13569
1768086397577 0.0010000000474974513 13579
1768086398315 0.0010000000474974513 13589
1768086399052 0.0010000000474974513 13599
1768086399789 0.0010000000474974513 13609
1768086400524 0.0010000000474974513 13619
1768086401259 0.0010000000474974513 13629
1768086401995 0.0010000000474974513 13639
1768086402732 0.0010000000474974513 13649
1768086403467 0.0010000000474974513 13659
1768086404204 0.0010000000474974513 13669
1768086404940 0.0010000000474974513 13679
1768086405675 0.0010000000474974513 13689
1768086406412 0.0010000000474974513 13699
1768086407149 0.0010000000474974513 13709
1768086407884 0.0010000000474974513 13719
1768086408621 0.0010000000474974513 13729
1768086409357 0.0010000000474974513 13739
1768086410094 0.0010000000474974513 13749
1768086410829 0.0010000000474974513 13759
1768086411734 0.0010000000474974513 13769
1768086412471 0.0010000000474974513 13779
1768086413206 0.0010000000474974513 13789
1768086413942 0.0010000000474974513 13799
1768086414679 0.0010000000474974513 13809
1768086415414 0.0010000000474974513 13819
1768086416151 0.0010000000474974513 13829
1768086416888 0.0010000000474974513 13839
1768086417624 0.0010000000474974513 13849
1768086418360 0.0010000000474974513 13859
1768086419096 0.0010000000474974513 13869
1768086419832 0.0010000000474974513 13879
1768086420568 0.0010000000474974513 13889
1768086421305 0.0010000000474974513 13899
1768086422039 0.0010000000474974513 13909
1768086422775 0.0010000000474974513 13919
1768086423509 0.0010000000474974513 13929
1768086424245 0.0010000000474974513 13939
1768086424983 0.0010000000474974513 13949
1768086425719 0.0010000000474974513 13959
1768086426456 0.0010000000474974513 13969
1768086427192 0.0010000000474974513 13979
1768086427927 0.0010000000474974513 13989
1768086428663 0.0010000000474974513 13999
1768086429399 0.0010000000474974513 14009
1768086430134 0.0010000000474974513 14019
1768086430872 0.0010000000474974513 14029
1768086431607 0.0010000000474974513 14039
1768086432343 0.0010000000474974513 14049
1768086433080 0.0010000000474974513 14059
1768086433817 0.0010000000474974513 14069
1768086434555 0.0010000000474974513 14079
1768086435291 0.0010000000474974513 14089
1768086436028 0.0010000000474974513 14099
1768086436766 0.0010000000474974513 14109
1768086437499 0.0010000000474974513 14119
1768086438236 0.0010000000474974513 14129
1768086438971 0.0010000000474974513 14139
1768086439708 0.0010000000474974513 14149
1768086440444 0.0010000000474974513 14159
1768086441179 0.0010000000474974513 14169
1768086441915 0.0010000000474974513 14179
1768086442651 0.0010000000474974513 14189
1768086443386 0.0010000000474974513 14199
1768086444121 0.0010000000474974513 14209
1768086444857 0.0010000000474974513 14219
1768086445592 0.0010000000474974513 14229
1768086446327 0.0010000000474974513 14239
1768086447061 0.0010000000474974513 14249
1768086447796 0.0010000000474974513 14259
1768086448531 0.0010000000474974513 14269
1768086449267 0.0010000000474974513 14279
1768086450002 0.0010000000474974513 14289
1768086450738 0.0010000000474974513 14299
1768086451474 0.0010000000474974513 14309
1768086452211 0.0010000000474974513 14319
1768086452948 0.0010000000474974513 14329
1768086453684 0.0010000000474974513 14339
1768086454420 0.0010000000474974513 14349
1768086455158 0.0010000000474974513 14359
1768086455894 0.0010000000474974513 14369
1768086456629 0.0010000000474974513 14379
1768086457365 0.0010000000474974513 14389
1768086458099 0.0010000000474974513 14399
1768086619015 0.0006500000017695129 14409
1768086619753 0.0006500000017695129 14419
1768086620492 0.0006500000017695129 14429
1768086621231 0.0006500000017695129 14439
1768086621968 0.0006500000017695129 14449
1768086622706 0.0006500000017695129 14459
1768086623441 0.0006500000017695129 14469
1768086624176 0.0006500000017695129 14479
1768086624913 0.0006500000017695129 14489
1768086625649 0.0006500000017695129 14499
1768086626384 0.0006500000017695129 14509
1768086627120 0.0006500000017695129 14519
1768086627856 0.0006500000017695129 14529
1768086628592 0.0006500000017695129 14539
1768086629329 0.0006500000017695129 14549
1768086630064 0.0006500000017695129 14559
1768086630800 0.0006500000017695129 14569
1768086631536 0.0006500000017695129 14579
1768086632271 0.0006500000017695129 14589
1768086633008 0.0006500000017695129 14599
1768086633744 0.0006500000017695129 14609
1768086634478 0.0006500000017695129 14619
1768086635215 0.0006500000017695129 14629
1768086635949 0.0006500000017695129 14639
1768086636682 0.0006500000017695129 14649
1768086637420 0.0006500000017695129 14659
1768086638155 0.0006500000017695129 14669
1768086638891 0.0006500000017695129 14679
1768086639627 0.0006500000017695129 14689
1768086640363 0.0006500000017695129 14699
1768086641097 0.0006500000017695129 14709
1768086641832 0.0006500000017695129 14719
1768086642569 0.0006500000017695129 14729
1768086643306 0.0006500000017695129 14739
1768086644045 0.0006500000017695129 14749
1768086644785 0.0006500000017695129 14759
1768086645525 0.0006500000017695129 14769
1768086646265 0.0006500000017695129 14779
1768086647003 0.0006500000017695129 14789
1768086647740 0.0006500000017695129 14799
1768086648479 0.0006500000017695129 14809
1768086649217 0.0006500000017695129 14819
1768086649955 0.0006500000017695129 14829
1768086650690 0.0006500000017695129 14839
1768086651427 0.0006500000017695129 14849
1768086652162 0.0006500000017695129 14859
1768086652898 0.0006500000017695129 14869
1768086653637 0.0006500000017695129 14879
1768086654374 0.0006500000017695129 14889
1768086655112 0.0006500000017695129 14899
1768086655855 0.0006500000017695129 14909
1768086656594 0.0006500000017695129 14919
1768086657334 0.0006500000017695129 14929
1768086658071 0.0006500000017695129 14939
1768086658809 0.0006500000017695129 14949
1768086659547 0.0006500000017695129 14959
1768086660283 0.0006500000017695129 14969
1768086661020 0.0006500000017695129 14979
1768086661759 0.0006500000017695129 14989
1768086662497 0.0006500000017695129 14999
1768086663237 0.0006500000017695129 15009
1768086663973 0.0006500000017695129 15019
1768086664708 0.0006500000017695129 15029
1768086665445 0.0006500000017695129 15039
1768086666183 0.0006500000017695129 15049
1768086666919 0.0006500000017695129 15059
1768086667656 0.0006500000017695129 15069
1768086668394 0.0006500000017695129 15079
1768086669128 0.0006500000017695129 15089
1768086669865 0.0006500000017695129 15099
1768086670601 0.0006500000017695129 15109
1768086671336 0.0006500000017695129 15119
1768086672072 0.0006500000017695129 15129
1768086672810 0.0006500000017695129 15139
1768086673547 0.0006500000017695129 15149
1768086674285 0.0006500000017695129 15159
1768086675023 0.0006500000017695129 15169
1768086675761 0.0006500000017695129 15179
1768086676496 0.0006500000017695129 15189
1768086677229 0.0006500000017695129 15199
1768086677965 0.0006500000017695129 15209
1768086678700 0.0006500000017695129 15219
1768086679437 0.0006500000017695129 15229
1768086680175 0.0006500000017695129 15239
1768086680910 0.0006500000017695129 15249
1768086681647 0.0006500000017695129 15259
1768086682385 0.0006500000017695129 15269
1768086683120 0.0006500000017695129 15279
1768086683856 0.0006500000017695129 15289
1768086684593 0.0006500000017695129 15299
1768086685328 0.0006500000017695129 15309
1768086686065 0.0006500000017695129 15319
1768086686803 0.0006500000017695129 15329
1768086687544 0.0006500000017695129 15339
1768086688282 0.0006500000017695129 15349
1768086689017 0.0006500000017695129 15359
1768086689754 0.0006500000017695129 15369
1768086690491 0.0006500000017695129 15379
1768086691226 0.0006500000017695129 15389
1768086691964 0.0006500000017695129 15399
1768086692699 0.0006500000017695129 15409
1768086693435 0.0006500000017695129 15419
1768086694171 0.0006500000017695129 15429
1768086694908 0.0006500000017695129 15439
1768086695645 0.0006500000017695129 15449
1768086696382 0.0006500000017695129 15459
1768086697118 0.0006500000017695129 15469
1768086697854 0.0006500000017695129 15479
1768086698592 0.0006500000017695129 15489
1768086699329 0.0006500000017695129 15499
1768086700067 0.0006500000017695129 15509
1768086700803 0.0006500000017695129 15519
1768086701540 0.0006500000017695129 15529
1768086702277 0.0006500000017695129 15539
1768086703015 0.0006500000017695129 15549
1768086703752 0.0006500000017695129 15559
1768086704489 0.0006500000017695129 15569
1768086705224 0.0006500000017695129 15579
1768086705961 0.0006500000017695129 15589
1768086706696 0.0006500000017695129 15599
1768086707433 0.0006500000017695129 15609
1768086708169 0.0006500000017695129 15619
1768086708906 0.0006500000017695129 15629
1768086709642 0.0006500000017695129 15639
1768086710379 0.0006500000017695129 15649
1768086711117 0.0006500000017695129 15659
1768086711853 0.0006500000017695129 15669
1768086712589 0.0006500000017695129 15679
1768086713324 0.0006500000017695129 15689
1768086714059 0.0006500000017695129 15699
1768086714794 0.0006500000017695129 15709
1768086715527 0.0006500000017695129 15719
1768086716262 0.0006500000017695129 15729
1768086716998 0.0006500000017695129 15739
1768086717735 0.0006500000017695129 15749
1768086718472 0.0006500000017695129 15759
1768086719205 0.0006500000017695129 15769
1768086719939 0.0006500000017695129 15779
1768086720676 0.0006500000017695129 15789
1768086721410 0.0006500000017695129 15799
1768086722145 0.0006500000017695129 15809
1768086722881 0.0006500000017695129 15819
1768086723616 0.0006500000017695129 15829
1768086724348 0.0006500000017695129 15839
1768086889360 0.0006500000017695129 15849
1768086890097 0.0006500000017695129 15859
1768086890834 0.0006500000017695129 15869
1768086891569 0.0006500000017695129 15879
1768086892305 0.0006500000017695129 15889
1768086893040 0.0006500000017695129 15899
1768086893776 0.0006500000017695129 15909
1768086894512 0.0006500000017695129 15919
1768086895248 0.0006500000017695129 15929
1768086895983 0.0006500000017695129 15939
1768086896719 0.0006500000017695129 15949
1768086897456 0.0006500000017695129 15959
1768086898191 0.0006500000017695129 15969
1768086898925 0.0006500000017695129 15979
1768086899659 0.0006500000017695129 15989
1768086900395 0.0006500000017695129 15999
1768086901130 0.0006500000017695129 16009
1768086901866 0.0006500000017695129 16019
1768086902602 0.0006500000017695129 16029
1768086903339 0.0006500000017695129 16039
1768086904076 0.0006500000017695129 16049
1768086904812 0.0006500000017695129 16059
1768086905547 0.0006500000017695129 16069
1768086906280 0.0006500000017695129 16079
1768086907015 0.0006500000017695129 16089
1768086907750 0.0006500000017695129 16099
1768086908486 0.0006500000017695129 16109
1768086909220 0.0006500000017695129 16119
1768086909956 0.0006500000017695129 16129
1768086910692 0.0006500000017695129 16139
1768086911428 0.0006500000017695129 16149
1768086912163 0.0006500000017695129 16159
1768086912900 0.0006500000017695129 16169
1768086913639 0.0006500000017695129 16179
1768086914376 0.0006500000017695129 16189
1768086915112 0.0006500000017695129 16199
1768086915849 0.0006500000017695129 16209
1768086916586 0.0006500000017695129 16219
1768086917321 0.0006500000017695129 16229
1768086918056 0.0006500000017695129 16239
1768086918791 0.0006500000017695129 16249
1768086919525 0.0006500000017695129 16259
1768086920261 0.0006500000017695129 16269
1768086920996 0.0006500000017695129 16279
1768086921731 0.0006500000017695129 16289
1768086922466 0.0006500000017695129 16299
1768086923203 0.0006500000017695129 16309
1768086923937 0.0006500000017695129 16319
1768086924671 0.0006500000017695129 16329
1768086925405 0.0006500000017695129 16339
1768086926139 0.0006500000017695129 16349
1768086926875 0.0006500000017695129 16359
1768086927611 0.0006500000017695129 16369
1768086928347 0.0006500000017695129 16379
1768086929083 0.0006500000017695129 16389
1768086929820 0.0006500000017695129 16399
1768086930557 0.0006500000017695129 16409
1768086931292 0.0006500000017695129 16419
1768086932028 0.0006500000017695129 16429
1768086932763 0.0006500000017695129 16439
1768086933499 0.0006500000017695129 16449
1768086934235 0.0006500000017695129 16459
1768086934970 0.0006500000017695129 16469
1768086935704 0.0006500000017695129 16479
1768086936440 0.0006500000017695129 16489
1768086937177 0.0006500000017695129 16499
1768086937912 0.0006500000017695129 16509
1768086938647 0.0006500000017695129 16519
1768086939384 0.0006500000017695129 16529
1768086940119 0.0006500000017695129 16539
1768086940854 0.0006500000017695129 16549
1768086941591 0.0006500000017695129 16559
1768086942325 0.0006500000017695129 16569
1768086943061 0.0006500000017695129 16579
1768086943798 0.0006500000017695129 16589
1768086944535 0.0006500000017695129 16599
1768086945271 0.0006500000017695129 16609
1768086946005 0.0006500000017695129 16619
1768086946740 0.0006500000017695129 16629
1768086947478 0.0006500000017695129 16639
1768086948215 0.0006500000017695129 16649
1768086948952 0.0006500000017695129 16659
1768086949689 0.0006500000017695129 16669
1768086950425 0.0006500000017695129 16679
1768086951161 0.0006500000017695129 16689
1768086951897 0.0006500000017695129 16699
1768086952632 0.0006500000017695129 16709
1768086953372 0.0006500000017695129 16719
1768086954108 0.0006500000017695129 16729
1768086954843 0.0006500000017695129 16739
1768086955581 0.0006500000017695129 16749
1768086956318 0.0006500000017695129 16759
1768086957053 0.0006500000017695129 16769
1768086957789 0.0006500000017695129 16779
1768086958524 0.0006500000017695129 16789
1768086959261 0.0006500000017695129 16799
1768086959998 0.0006500000017695129 16809
1768086960734 0.0006500000017695129 16819
1768086961471 0.0006500000017695129 16829
1768086962208 0.0006500000017695129 16839
1768086962946 0.0006500000017695129 16849
1768086963682 0.0006500000017695129 16859
1768086964419 0.0006500000017695129 16869
1768086965155 0.0006500000017695129 16879
1768086965894 0.0006500000017695129 16889
1768086966629 0.0006500000017695129 16899
1768086967369 0.0006500000017695129 16909
1768086968107 0.0006500000017695129 16919
1768086968844 0.0006500000017695129 16929
1768086969580 0.0006500000017695129 16939
1768086970318 0.0006500000017695129 16949
1768086971053 0.0006500000017695129 16959
1768086971789 0.0006500000017695129 16969
1768086972524 0.0006500000017695129 16979
1768086973261 0.0006500000017695129 16989
1768086973998 0.0006500000017695129 16999
1768086974735 0.0006500000017695129 17009
1768086975469 0.0006500000017695129 17019
1768086976209 0.0006500000017695129 17029
1768086976945 0.0006500000017695129 17039
1768086977680 0.0006500000017695129 17049
1768086978416 0.0006500000017695129 17059
1768086979151 0.0006500000017695129 17069
1768086979887 0.0006500000017695129 17079
1768086980622 0.0006500000017695129 17089
1768086981357 0.0006500000017695129 17099
1768086982093 0.0006500000017695129 17109
1768086982828 0.0006500000017695129 17119
1768086983565 0.0006500000017695129 17129
1768086984301 0.0006500000017695129 17139
1768086985036 0.0006500000017695129 17149
1768086985771 0.0006500000017695129 17159
1768086986508 0.0006500000017695129 17169
1768086987244 0.0006500000017695129 17179
1768086987981 0.0006500000017695129 17189
1768086988719 0.0006500000017695129 17199
1768086989453 0.0006500000017695129 17209
1768086990189 0.0006500000017695129 17219
1768086990926 0.0006500000017695129 17229
1768086991663 0.0006500000017695129 17239
1768086992400 0.0006500000017695129 17249
1768086993138 0.0006500000017695129 17259
1768086993874 0.0006500000017695129 17269
1768086994612 0.0006500000017695129 17279
1768087153873 0.0006500000017695129 17289
1768087154609 0.0006500000017695129 17299
1768087155344 0.0006500000017695129 17309
1768087156079 0.0006500000017695129 17319
1768087156814 0.0006500000017695129 17329
1768087157548 0.0006500000017695129 17339
1768087158287 0.0006500000017695129 17349
1768087159022 0.0006500000017695129 17359
1768087159759 0.0006500000017695129 17369
1768087160493 0.0006500000017695129 17379
1768087161229 0.0006500000017695129 17389
1768087161966 0.0006500000017695129 17399
1768087162700 0.0006500000017695129 17409
1768087163435 0.0006500000017695129 17419
1768087164172 0.0006500000017695129 17429
1768087164909 0.0006500000017695129 17439
1768087165647 0.0006500000017695129 17449
1768087166386 0.0006500000017695129 17459
1768087167125 0.0006500000017695129 17469
1768087167864 0.0006500000017695129 17479
1768087168605 0.0006500000017695129 17489
1768087169343 0.0006500000017695129 17499
1768087170078 0.0006500000017695129 17509
1768087170812 0.0006500000017695129 17519
1768087171545 0.0006500000017695129 17529
1768087172279 0.0006500000017695129 17539
1768087173013 0.0006500000017695129 17549
1768087173747 0.0006500000017695129 17559
1768087174483 0.0006500000017695129 17569
1768087175217 0.0006500000017695129 17579
1768087175952 0.0006500000017695129 17589
1768087176688 0.0006500000017695129 17599
1768087177423 0.0006500000017695129 17609
1768087178158 0.0006500000017695129 17619
1768087178892 0.0006500000017695129 17629
1768087179628 0.0006500000017695129 17639
1768087180363 0.0006500000017695129 17649
1768087181096 0.0006500000017695129 17659
1768087181831 0.0006500000017695129 17669
1768087182569 0.0006500000017695129 17679
1768087183304 0.0006500000017695129 17689
1768087184042 0.0006500000017695129 17699
1768087184780 0.0006500000017695129 17709
1768087185517 0.0006500000017695129 17719
1768087186255 0.0006500000017695129 17729
1768087186992 0.0006500000017695129 17739
1768087187727 0.0006500000017695129 17749
1768087188463 0.0006500000017695129 17759
1768087189199 0.0006500000017695129 17769
1768087189934 0.0006500000017695129 17779
1768087190670 0.0006500000017695129 17789
1768087191406 0.0006500000017695129 17799
1768087192141 0.0006500000017695129 17809
1768087192877 0.0006500000017695129 17819
1768087193612 0.0006500000017695129 17829
1768087194346 0.0006500000017695129 17839
1768087195082 0.0006500000017695129 17849
1768087195817 0.0006500000017695129 17859
1768087196552 0.0006500000017695129 17869
1768087197288 0.0006500000017695129 17879
1768087198024 0.0006500000017695129 17889
1768087198760 0.0006500000017695129 17899
1768087199495 0.0006500000017695129 17909
1768087200232 0.0006500000017695129 17919
1768087200969 0.0006500000017695129 17929
1768087201705 0.0006500000017695129 17939
1768087202441 0.0006500000017695129 17949
1768087203178 0.0006500000017695129 17959
1768087203915 0.0006500000017695129 17969
1768087204649 0.0006500000017695129 17979
1768087205385 0.0006500000017695129 17989
1768087206120 0.0006500000017695129 17999
1768087206856 0.0006500000017695129 18009
1768087207593 0.0006500000017695129 18019
1768087208332 0.0006500000017695129 18029
1768087209069 0.0006500000017695129 18039
1768087209804 0.0006500000017695129 18049
1768087210539 0.0006500000017695129 18059
1768087211276 0.0006500000017695129 18069
1768087212012 0.0006500000017695129 18079
1768087212749 0.0006500000017695129 18089
1768087213485 0.0006500000017695129 18099
1768087214220 0.0006500000017695129 18109
1768087214958 0.0006500000017695129 18119
1768087215693 0.0006500000017695129 18129
1768087216428 0.0006500000017695129 18139
1768087217164 0.0006500000017695129 18149
1768087217900 0.0006500000017695129 18159
1768087218637 0.0006500000017695129 18169
1768087219375 0.0006500000017695129 18179
1768087220112 0.0006500000017695129 18189
1768087220848 0.0006500000017695129 18199
1768087221584 0.0006500000017695129 18209
1768087222319 0.0006500000017695129 18219
1768087223054 0.0006500000017695129 18229
1768087223790 0.0006500000017695129 18239
1768087224526 0.0006500000017695129 18249
1768087225263 0.0006500000017695129 18259
1768087225999 0.0006500000017695129 18269
1768087226736 0.0006500000017695129 18279
1768087227473 0.0006500000017695129 18289
1768087228208 0.0006500000017695129 18299
1768087228944 0.0006500000017695129 18309
1768087229679 0.0006500000017695129 18319
1768087230415 0.0006500000017695129 18329
1768087231151 0.0006500000017695129 18339
1768087231887 0.0006500000017695129 18349
1768087232622 0.0006500000017695129 18359
1768087233358 0.0006500000017695129 18369
1768087234094 0.0006500000017695129 18379
1768087234830 0.0006500000017695129 18389
1768087235565 0.0006500000017695129 18399
1768087236300 0.0006500000017695129 18409
1768087237035 0.0006500000017695129 18419
1768087237772 0.0006500000017695129 18429
1768087238509 0.0006500000017695129 18439
1768087239247 0.0006500000017695129 18449
1768087239983 0.0006500000017695129 18459
1768087240719 0.0006500000017695129 18469
1768087241457 0.0006500000017695129 18479
1768087242192 0.0006500000017695129 18489
1768087242928 0.0006500000017695129 18499
1768087243665 0.0006500000017695129 18509
1768087244402 0.0006500000017695129 18519
1768087245136 0.0006500000017695129 18529
1768087245872 0.0006500000017695129 18539
1768087246606 0.0006500000017695129 18549
1768087247341 0.0006500000017695129 18559
1768087248078 0.0006500000017695129 18569
1768087248813 0.0006500000017695129 18579
1768087249550 0.0006500000017695129 18589
1768087250288 0.0006500000017695129 18599
1768087251023 0.0006500000017695129 18609
1768087251762 0.0006500000017695129 18619
1768087252498 0.0006500000017695129 18629
1768087253235 0.0006500000017695129 18639
1768087253972 0.0006500000017695129 18649
1768087254708 0.0006500000017695129 18659
1768087255443 0.0006500000017695129 18669
1768087256178 0.0006500000017695129 18679
1768087256912 0.0006500000017695129 18689
1768087257647 0.0006500000017695129 18699
1768087258383 0.0006500000017695129 18709
1768087259118 0.0006500000017695129 18719
1768087418205 0.0006500000017695129 18729
1768087418943 0.0006500000017695129 18739
1768087419681 0.0006500000017695129 18749
1768087420417 0.0006500000017695129 18759
1768087421152 0.0006500000017695129 18769
1768087421889 0.0006500000017695129 18779
1768087422624 0.0006500000017695129 18789
1768087423361 0.0006500000017695129 18799
1768087424099 0.0006500000017695129 18809
1768087424836 0.0006500000017695129 18819
1768087425574 0.0006500000017695129 18829
1768087426310 0.0006500000017695129 18839
1768087427045 0.0006500000017695129 18849
1768087427782 0.0006500000017695129 18859
1768087428519 0.0006500000017695129 18869
1768087429257 0.0006500000017695129 18879
1768087429994 0.0006500000017695129 18889
1768087430730 0.0006500000017695129 18899
1768087431467 0.0006500000017695129 18909
1768087432203 0.0006500000017695129 18919
1768087432939 0.0006500000017695129 18929
1768087433677 0.0006500000017695129 18939
1768087434412 0.0006500000017695129 18949
1768087435147 0.0006500000017695129 18959
1768087435883 0.0006500000017695129 18969
1768087436619 0.0006500000017695129 18979
1768087437355 0.0006500000017695129 18989
1768087438091 0.0006500000017695129 18999
1768087438828 0.0006500000017695129 19009
1768087439564 0.0006500000017695129 19019
1768087440301 0.0006500000017695129 19029
1768087441037 0.0006500000017695129 19039
1768087441774 0.0006500000017695129 19049
1768087442512 0.0006500000017695129 19059
1768087443247 0.0006500000017695129 19069
1768087443985 0.0006500000017695129 19079
1768087444721 0.0006500000017695129 19089
1768087445457 0.0006500000017695129 19099
1768087446195 0.0006500000017695129 19109
1768087446931 0.0006500000017695129 19119
1768087447665 0.0006500000017695129 19129
1768087448400 0.0006500000017695129 19139
1768087449137 0.0006500000017695129 19149
1768087449872 0.0006500000017695129 19159
1768087450608 0.0006500000017695129 19169
1768087451343 0.0006500000017695129 19179
1768087452079 0.0006500000017695129 19189
1768087452815 0.0006500000017695129 19199
1768087453549 0.0006500000017695129 19209
1768087454287 0.0006500000017695129 19219
1768087455023 0.0006500000017695129 19229
1768087455760 0.0006500000017695129 19239
1768087456497 0.0006500000017695129 19249
1768087457233 0.0006500000017695129 19259
1768087457970 0.0006500000017695129 19269
1768087458707 0.0006500000017695129 19279
1768087459443 0.0006500000017695129 19289
1768087460181 0.0006500000017695129 19299
1768087460916 0.0006500000017695129 19309
1768087461653 0.0006500000017695129 19319
1768087462390 0.0006500000017695129 19329
1768087463127 0.0006500000017695129 19339
1768087463863 0.0006500000017695129 19349
1768087464599 0.0006500000017695129 19359
1768087465336 0.0006500000017695129 19369
1768087466072 0.0006500000017695129 19379
1768087466809 0.0006500000017695129 19389
1768087467544 0.0006500000017695129 19399
1768087468281 0.0006500000017695129 19409
1768087469018 0.0006500000017695129 19419
1768087469753 0.0006500000017695129 19429
1768087470490 0.0006500000017695129 19439
1768087471226 0.0006500000017695129 19449
1768087471963 0.0006500000017695129 19459
1768087472700 0.0006500000017695129 19469
1768087473437 0.0006500000017695129 19479
1768087474175 0.0006500000017695129 19489
1768087474912 0.0006500000017695129 19499
1768087475648 0.0006500000017695129 19509
1768087476385 0.0006500000017695129 19519
1768087477121 0.0006500000017695129 19529
1768087477857 0.0006500000017695129 19539
1768087478595 0.0006500000017695129 19549
1768087479331 0.0006500000017695129 19559
1768087480068 0.0006500000017695129 19569
1768087480805 0.0006500000017695129 19579
1768087481540 0.0006500000017695129 19589
1768087482276 0.0006500000017695129 19599
1768087483014 0.0006500000017695129 19609
1768087483751 0.0006500000017695129 19619
1768087484488 0.0006500000017695129 19629
1768087485224 0.0006500000017695129 19639
1768087485961 0.0006500000017695129 19649
1768087486699 0.0006500000017695129 19659
1768087487435 0.0006500000017695129 19669
1768087488169 0.0006500000017695129 19679
1768087488906 0.0006500000017695129 19689
1768087489642 0.0006500000017695129 19699
1768087490378 0.0006500000017695129 19709
1768087491115 0.0006500000017695129 19719
1768087491851 0.0006500000017695129 19729
1768087492588 0.0006500000017695129 19739
1768087493325 0.0006500000017695129 19749
1768087494062 0.0006500000017695129 19759
1768087494797 0.0006500000017695129 19769
1768087495532 0.0006500000017695129 19779
1768087496268 0.0006500000017695129 19789
1768087497006 0.0006500000017695129 19799
1768087497742 0.0006500000017695129 19809
1768087498479 0.0006500000017695129 19819
1768087499217 0.0006500000017695129 19829
1768087499955 0.0006500000017695129 19839
1768087500690 0.0006500000017695129 19849
1768087501424 0.0006500000017695129 19859
1768087502158 0.0006500000017695129 19869
1768087502894 0.0006500000017695129 19879
1768087503629 0.0006500000017695129 19889
1768087504366 0.0006500000017695129 19899
1768087505104 0.0006500000017695129 19909
1768087505841 0.0006500000017695129 19919
1768087506579 0.0006500000017695129 19929
1768087507317 0.0006500000017695129 19939
1768087508055 0.0006500000017695129 19949
1768087508792 0.0006500000017695129 19959
1768087509529 0.0006500000017695129 19969
1768087510264 0.0006500000017695129 19979
1768087511000 0.0006500000017695129 19989
1768087511735 0.0006500000017695129 19999
1768087512471 0.0006500000017695129 20009
1768087513208 0.0006500000017695129 20019
1768087513944 0.0006500000017695129 20029
1768087514680 0.0006500000017695129 20039
1768087515414 0.0006500000017695129 20049
1768087516150 0.0006500000017695129 20059
1768087516885 0.0006500000017695129 20069
1768087517623 0.0006500000017695129 20079
1768087518359 0.0006500000017695129 20089
1768087519095 0.0006500000017695129 20099
1768087519831 0.0006500000017695129 20109
1768087520567 0.0006500000017695129 20119
1768087521303 0.0006500000017695129 20129
1768087522038 0.0006500000017695129 20139
1768087522776 0.0006500000017695129 20149
1768087523510 0.0006500000017695129 20159
