1767499863505 0.0 1999
1767499863897 0.0 1999
1767500650257 1.0 3999
1767500650735 1.0 3999
1767501437067 2.0 5999
1767501437857 2.0 5999
1767502223760 3.0 7999
1767502223763 3.0 7999
1767503009568 4.0 9999
1767503009570 4.0 9999
1767503795341 5.0 11999
1767503795344 5.0 11999
1767504581069 6.0 13999
1767504581538 6.0 13999
1767505367330 7.0 15999
1767505367332 7.0 15999
1767506153094 8.0 17999
1767506153096 8.0 17999
1767506938882 9.0 19999
1767506938885 9.0 19999
1767507724578 10.0 21999
1767507724580 10.0 21999
1767508510266 11.0 23999
1767508510269 11.0 23999
1767509295989 12.0 25999
1767509295992 12.0 25999
1767510081746 13.0 27999
1767510081749 13.0 27999
1767510867447 14.0 29999
1767510867449 14.0 29999
1767511653140 15.0 31999
1767511653142 15.0 31999
1767512438789 16.0 33999
1767512438791 16.0 33999
1767512468774 17.0 34000
