1767499077055 0.001 0
1767499863898 0.0009990232305719944 2000
1767500650737 0.0009960967771506664 4000
1767501437858 0.0009912321891107007 6000
1767502223763 0.0009844486647586721 8000
1767503009571 0.0009757729755661009 10000
1767503795344 0.0009652393605146842 12000
1767504581540 0.0009528893909706795 14000
1767505367333 0.0009387718066217122 16000
1767506153097 0.0009229423231234972 18000
1767506938885 0.0009054634122155987 20000
1767507724581 0.0008864040551740153 22000
1767508510269 0.0008658394705735984 24000
1767509295992 0.0008438508174347006 26000
1767510081749 0.000820524874925601 28000
1767510867449 0.000795953699884774 30000
1767511653143 0.000770234263514603 32000
