1767499863897 1.2117432355880737 1999
1767500650735 0.500432014465332 3999
1767501437857 0.2688874900341034 5999
1767502223763 0.2048928588628769 7999
1767503009570 0.1645037680864334 9999
1767503795344 0.1489913910627365 11999
1767504581538 0.1268564760684967 13999
1767505367332 0.10852725058794022 15999
1767506153096 0.09172143787145615 17999
1767506938885 0.09269877523183823 19999
1767507724580 0.07813351601362228 21999
1767508510269 0.06985119730234146 23999
1767509295992 0.07477500289678574 25999
1767510081749 0.06457961350679398 27999
1767510867449 0.06250791996717453 29999
1767511653142 0.04937314614653587 31999
1767512438791 0.055096015334129333 33999
