1767499863897 0.5117390751838684 1999
1767500650735 0.8220488429069519 3999
1767501437857 0.911105215549469 5999
1767502223763 0.9311248064041138 7999
1767503009570 0.9456348419189453 9999
1767503795344 0.9508945345878601 11999
1767504581538 0.9583152532577515 13999
1767505367332 0.9641758799552917 15999
1767506153096 0.9710654616355896 17999
1767506938885 0.9699961543083191 19999
1767507724580 0.9747955799102783 21999
1767508510269 0.978316605091095 23999
1767509295992 0.9772168397903442 25999
1767510081749 0.9798868894577026 27999
1767510867449 0.9797073602676392 29999
1767511653142 0.9838671088218689 31999
1767512438791 0.98188716173172 33999
