1767906765145 0.0010000000474974513 9
1767906765876 0.0010000000474974513 19
1767906766608 0.0010000000474974513 29
1767906767339 0.0010000000474974513 39
1767906768072 0.0010000000474974513 49
1767906768804 0.0010000000474974513 59
1767906769536 0.0010000000474974513 69
1767906770269 0.0010000000474974513 79
1767906771001 0.0010000000474974513 89
1767906771734 0.0010000000474974513 99
1767906772467 0.0010000000474974513 109
1767906773201 0.0010000000474974513 119
1767906773934 0.0010000000474974513 129
1767906774666 0.0010000000474974513 139
1767906775396 0.0010000000474974513 149
1767906776128 0.0010000000474974513 159
1767906776860 0.0010000000474974513 169
1767906777590 0.0010000000474974513 179
1767906778322 0.0010000000474974513 189
1767906779053 0.0010000000474974513 199
1767906779784 0.0010000000474974513 209
1767906780517 0.0010000000474974513 219
1767906781249 0.0010000000474974513 229
1767906781981 0.0010000000474974513 239
1767906782713 0.0010000000474974513 249
1767906783445 0.0010000000474974513 259
1767906784177 0.0010000000474974513 269
1767906784910 0.0010000000474974513 279
1767906785643 0.0010000000474974513 289
1767906786377 0.0010000000474974513 299
1767906787111 0.0010000000474974513 309
1767906787843 0.0010000000474974513 319
1767906788577 0.0010000000474974513 329
1767906789309 0.0010000000474974513 339
1767906790039 0.0010000000474974513 349
1767906790774 0.0010000000474974513 359
1767906791506 0.0010000000474974513 369
1767906792236 0.0010000000474974513 379
1767906792969 0.0010000000474974513 389
1767906793702 0.0010000000474974513 399
1767906794435 0.0010000000474974513 409
1767906795169 0.0010000000474974513 419
1767906795904 0.0010000000474974513 429
1767906796637 0.0010000000474974513 439
1767906797370 0.0010000000474974513 449
1767906798102 0.0010000000474974513 459
1767906798836 0.0010000000474974513 469
1767906799567 0.0010000000474974513 479
1767906800299 0.0010000000474974513 489
1767906801031 0.0010000000474974513 499
1767906801763 0.0010000000474974513 509
1767906802495 0.0010000000474974513 519
1767906803227 0.0010000000474974513 529
1767906803960 0.0010000000474974513 539
1767906804695 0.0010000000474974513 549
1767906805427 0.0010000000474974513 559
1767906806160 0.0010000000474974513 569
1767906806893 0.0010000000474974513 579
1767906807625 0.0010000000474974513 589
1767906808356 0.0010000000474974513 599
1767906809089 0.0010000000474974513 609
1767906809821 0.0010000000474974513 619
1767906810552 0.0010000000474974513 629
1767906811285 0.0010000000474974513 639
1767906812017 0.0010000000474974513 649
1767906812748 0.0010000000474974513 659
1767906813483 0.0010000000474974513 669
1767906814215 0.0010000000474974513 679
1767906814949 0.0010000000474974513 689
1767906815682 0.0010000000474974513 699
1767906816415 0.0010000000474974513 709
1767906817148 0.0010000000474974513 719
1767906817881 0.0010000000474974513 729
1767906818614 0.0010000000474974513 739
1767906819348 0.0010000000474974513 749
1767906820080 0.0010000000474974513 759
1767906820814 0.0010000000474974513 769
1767906821546 0.0010000000474974513 779
1767906822278 0.0010000000474974513 789
1767906823010 0.0010000000474974513 799
1767906823743 0.0010000000474974513 809
1767906824476 0.0010000000474974513 819
1767906825208 0.0010000000474974513 829
1767906825942 0.0010000000474974513 839
1767906826675 0.0010000000474974513 849
1767906827411 0.0010000000474974513 859
1767906828146 0.0010000000474974513 869
1767906828880 0.0010000000474974513 879
1767906829616 0.0010000000474974513 889
1767906830351 0.0010000000474974513 899
1767906831087 0.0010000000474974513 909
1767906831822 0.0010000000474974513 919
1767906832555 0.0010000000474974513 929
1767906833291 0.0010000000474974513 939
1767906834026 0.0010000000474974513 949
1767906834762 0.0010000000474974513 959
1767906835497 0.0010000000474974513 969
1767906836231 0.0010000000474974513 979
1767906836965 0.0010000000474974513 989
1767906837698 0.0010000000474974513 999
1767906838431 0.0010000000474974513 1009
1767906839162 0.0010000000474974513 1019
1767906839896 0.0010000000474974513 1029
1767906840630 0.0010000000474974513 1039
1767906841366 0.0010000000474974513 1049
1767906842097 0.0010000000474974513 1059
1767906842830 0.0010000000474974513 1069
1767906843564 0.0010000000474974513 1079
1767906844298 0.0010000000474974513 1089
1767906845032 0.0010000000474974513 1099
1767906845767 0.0010000000474974513 1109
1767906846499 0.0010000000474974513 1119
1767906847231 0.0010000000474974513 1129
1767906847964 0.0010000000474974513 1139
1767906848696 0.0010000000474974513 1149
1767906849431 0.0010000000474974513 1159
1767906850164 0.0010000000474974513 1169
1767906850896 0.0010000000474974513 1179
1767906851629 0.0010000000474974513 1189
1767906852361 0.0010000000474974513 1199
1767906853092 0.0010000000474974513 1209
1767906853826 0.0010000000474974513 1219
1767906854560 0.0010000000474974513 1229
1767906855292 0.0010000000474974513 1239
1767906856026 0.0010000000474974513 1249
1767906856759 0.0010000000474974513 1259
1767906857491 0.0010000000474974513 1269
1767906858226 0.0010000000474974513 1279
1767906858960 0.0010000000474974513 1289
1767906859694 0.0010000000474974513 1299
1767906860427 0.0010000000474974513 1309
1767906861160 0.0010000000474974513 1319
1767906861894 0.0010000000474974513 1329
1767906862627 0.0010000000474974513 1339
1767906863360 0.0010000000474974513 1349
1767906864094 0.0010000000474974513 1359
1767906864827 0.0010000000474974513 1369
1767906865560 0.0010000000474974513 1379
1767906866295 0.0010000000474974513 1389
1767906867029 0.0010000000474974513 1399
1767906867763 0.0010000000474974513 1409
1767906868496 0.0010000000474974513 1419
1767906869230 0.0010000000474974513 1429
1767906869962 0.0010000000474974513 1439
