1767487320159 0.0 1999
1767487320364 0.0 1999
1767487548601 1.0 3999
1767487548603 1.0 3999
1767487776946 2.0 5999
1767487777059 2.0 5999
1767488005253 3.0 7999
1767488005343 3.0 7999
1767488233472 4.0 9999
1767488233474 4.0 9999
1767488461635 5.0 11999
1767488461637 5.0 11999
1767488689844 6.0 13999
1767488689846 6.0 13999
1767488918021 7.0 15999
1767488918024 7.0 15999
1767489146080 8.0 17999
1767489146082 8.0 17999
1767489374123 9.0 19999
1767489374125 9.0 19999
1767489602242 10.0 21999
1767489602244 10.0 21999
1767489830483 11.0 23999
1767489830485 11.0 23999
1767490058552 12.0 25999
1767490058554 12.0 25999
1767490286570 13.0 27999
1767490286572 13.0 27999
1767490295155 14.0 28000
