1767487320364 1.1777851581573486 1999
1767487548603 1.0333510637283325 3999
1767487777059 0.9829787611961365 5999
1767488005343 0.9560219645500183 7999
1767488233474 0.9411016702651978 9999
1767488461637 0.9312951564788818 11999
1767488689846 0.9195586442947388 13999
1767488918024 0.9145624041557312 15999
1767489146082 0.9028820991516113 17999
1767489374125 0.9006472229957581 19999
1767489602244 0.8922860622406006 21999
1767489830485 0.8886595964431763 23999
1767490058554 0.8869416117668152 25999
1767490286572 0.8856201171875 27999
