1767487320364 0.8287975192070007 1999
1767487548603 0.9425843954086304 3999
1767487777059 0.9629539251327515 5999
1767488005343 0.9672947525978088 7999
1767488233474 0.9733744263648987 9999
1767488461637 0.9742952585220337 11999
1767488689846 0.9761456251144409 13999
1767488918024 0.976025402545929 15999
1767489146082 0.9796353578567505 17999
1767489374125 0.9799659252166748 19999
1767489602244 0.9813560843467712 21999
1767489830485 0.9826264381408691 23999
1767490058554 0.9835068583488464 25999
1767490286572 0.9824267625808716 27999
