1767907297772 0.6692222356796265 1439
1767907569547 0.8052361011505127 2879
1767907865748 0.8500277996063232 4319
1767908138781 0.8776805400848389 5759
1767908500765 0.8953750133514404 7199
1767909280785 0.907444417476654 8639
1767910420961 0.9203194379806519 10079
1767911500641 0.9283333420753479 11519
1767912641046 0.9366250038146973 12959
1767913780955 0.9409444332122803 14399
1767915316618 0.9567638635635376 15839
1767916301113 0.960444450378418 17279
1767917441016 0.9642778038978577 18719
1767918580803 0.965499997138977 20159
1767919300481 0.9674860835075378 21599
1767920320915 0.9694444537162781 23039
