1767907024165 29.096858978271484 9
1767907024895 43.03426742553711 19
1767907025626 8.539907455444336 29
1767907026360 5.446872234344482 39
1767907027093 8.502469062805176 49
1767907027826 6.5928168296813965 59
1767907028559 8.464667320251465 69
1767907029289 5.877028465270996 79
1767907030023 3.50386381149292 89
1767907030755 3.852283477783203 99
1767907031487 2.505178213119507 109
1767907032217 4.822137832641602 119
1767907032949 3.4545485973358154 129
1767907033680 3.987565755844116 139
1767907034413 1.3558731079101562 149
1767907035143 7.3183722496032715 159
1767907035876 1.4699957370758057 169
1767907036609 3.3857367038726807 179
1767907037341 3.0347900390625 189
1767907038075 2.05688214302063 199
1767907038805 1.7102364301681519 209
1767907039537 2.703821897506714 219
1767907040270 1.4781142473220825 229
1767907041002 2.460688352584839 239
1767907041735 4.361794471740723 249
1767907042467 1.5468692779541016 259
1767907043199 1.2063546180725098 269
1767907043932 1.4893932342529297 279
1767907044665 1.1952083110809326 289
1767907045396 2.6403868198394775 299
1767907046131 1.3431142568588257 309
1767907046865 1.3189550638198853 319
1767907047598 1.749117374420166 329
1767907048331 1.3772132396697998 339
1767907049063 1.0824898481369019 349
1767907049796 1.0555603504180908 359
1767907050531 1.6304219961166382 369
1767907051264 1.3717527389526367 379
1767907051997 1.1660491228103638 389
1767907052731 1.760892391204834 399
1767907053464 1.0900925397872925 409
1767907054198 1.404017448425293 419
1767907054933 1.003927230834961 429
1767907055666 0.8406705856323242 439
1767907056402 0.8769109845161438 449
1767907057137 1.6529195308685303 459
1767907057872 1.9881739616394043 469
1767907058606 1.156700849533081 479
1767907059341 1.2772058248519897 489
1767907060074 1.1530497074127197 499
1767907060809 0.6108077168464661 509
1767907061543 0.8406429886817932 519
1767907062277 1.08992600440979 529
1767907063011 0.9753141403198242 539
1767907063745 1.0068498849868774 549
1767907064481 1.6891264915466309 559
1767907065214 0.9836219549179077 569
1767907065948 1.8981562852859497 579
1767907066683 0.5476025342941284 589
1767907067417 1.0851178169250488 599
1767907068151 0.7317747473716736 609
1767907068885 0.8053300976753235 619
1767907069619 1.0277167558670044 629
1767907070350 0.8180439472198486 639
1767907071082 1.4454107284545898 649
1767907071816 1.0765058994293213 659
1767907072549 1.2419463396072388 669
1767907073281 1.3707451820373535 679
1767907074013 0.9241126179695129 689
1767907074746 1.1402539014816284 699
1767907075478 0.6233277320861816 709
1767907076212 0.779245138168335 719
1767907076947 1.0973554849624634 729
1767907077681 0.9476620554924011 739
1767907078415 0.6215764880180359 749
1767907079149 0.7476505637168884 759
1767907079882 0.777114987373352 769
1767907080617 0.8862825036048889 779
1767907081350 0.5113580822944641 789
1767907082082 0.9812285304069519 799
1767907082815 0.7784469723701477 809
1767907083546 0.8288418650627136 819
1767907084278 0.8851315379142761 829
1767907085013 0.5454503297805786 839
1767907085747 0.7617223858833313 849
1767907086480 0.8763118386268616 859
1767907087214 0.6967126131057739 869
1767907087948 0.7446796298027039 879
1767907088681 0.900994598865509 889
1767907089415 0.8038442134857178 899
1767907090148 0.5001853704452515 909
1767907090882 0.33779674768447876 919
1767907091615 0.7434159517288208 929
1767907092349 0.9235547184944153 939
1767907093084 0.8979884386062622 949
1767907093818 0.5012847185134888 959
1767907094551 0.9090040326118469 969
1767907095284 0.883886992931366 979
1767907096020 1.6486953496932983 989
1767907096754 0.8519057035446167 999
1767907097487 1.0402675867080688 1009
1767907098221 0.7035833597183228 1019
1767907098957 0.7946159243583679 1029
1767907099691 0.6948147416114807 1039
1767907100425 1.099647045135498 1049
1767907101160 0.8308228850364685 1059
1767907101893 0.5712620615959167 1069
1767907102626 0.741476833820343 1079
1767907103360 0.5745323896408081 1089
1767907104093 0.5078504085540771 1099
1767907104826 0.726989209651947 1109
1767907105560 1.6715377569198608 1119
1767907106294 1.5540896654129028 1129
1767907107027 0.6712602376937866 1139
1767907107761 0.4977661371231079 1149
1767907108494 0.33520764112472534 1159
1767907109228 0.5460821390151978 1169
1767907109961 0.6107378602027893 1179
1767907110695 0.6273692846298218 1189
1767907111429 0.48982715606689453 1199
1767907112163 0.49472445249557495 1209
1767907112898 0.77681565284729 1219
1767907113631 0.8149153590202332 1229
1767907114366 0.5107624530792236 1239
1767907115100 0.8859267830848694 1249
1767907115833 0.9491754174232483 1259
1767907116568 0.7675552368164062 1269
1767907117302 0.5177718997001648 1279
1767907118036 0.46410316228866577 1289
1767907118770 0.4928731322288513 1299
1767907119504 0.7116634845733643 1309
1767907120236 0.3832528591156006 1319
1767907120970 0.3667272925376892 1329
1767907121704 0.4310937523841858 1339
1767907122439 0.7279813885688782 1349
1767907123173 0.9339329600334167 1359
1767907123907 0.6129905581474304 1369
1767907124640 1.0458314418792725 1379
1767907125373 0.44577756524086 1389
1767907126107 0.8205878734588623 1399
1767907126840 0.8515540957450867 1409
1767907127575 0.5636717677116394 1419
1767907128309 0.523515522480011 1429
1767907129040 0.5580415725708008 1439
1767907298569 0.8098856210708618 1449
1767907299306 0.7388884425163269 1459
1767907300042 0.7767543792724609 1469
1767907300777 0.7682204842567444 1479
1767907301513 0.7054593563079834 1489
1767907302247 0.9189364314079285 1499
1767907302982 0.8237637281417847 1509
1767907303717 0.5182527899742126 1519
1767907304453 0.241105318069458 1529
1767907305190 0.609991192817688 1539
1767907305926 0.6866618394851685 1549
1767907306661 0.5112616419792175 1559
1767907307397 0.6027987003326416 1569
1767907308134 0.9277181625366211 1579
1767907308872 0.38561534881591797 1589
1767907309609 0.9504441618919373 1599
1767907310349 0.9287471771240234 1609
1767907311085 0.6341866850852966 1619
1767907311820 0.3337866961956024 1629
1767907312556 0.5243697166442871 1639
1767907313291 0.48575830459594727 1649
1767907314026 0.7998766899108887 1659
1767907314763 0.8402151465415955 1669
1767907315499 0.3739677965641022 1679
1767907316235 0.5452083945274353 1689
1767907316970 0.6707415580749512 1699
1767907317705 0.7169715166091919 1709
1767907318440 0.8920932412147522 1719
1767907319176 0.2724541127681732 1729
1767907319914 0.7449761629104614 1739
1767907320649 0.5048699975013733 1749
1767907321386 0.3032659888267517 1759
1767907322123 0.7623928189277649 1769
1767907322858 0.5196415185928345 1779
1767907323592 0.32283079624176025 1789
1767907324327 0.5040090084075928 1799
1767907325063 0.7937933802604675 1809
1767907325800 0.3924510180950165 1819
1767907326536 1.1479458808898926 1829
1767907327272 0.41239479184150696 1839
1767907328008 0.6572178602218628 1849
1767907328743 0.3687670826911926 1859
1767907329477 0.47290465235710144 1869
1767907330215 0.8151743412017822 1879
1767907330950 0.6358975172042847 1889
1767907331687 0.6286121010780334 1899
1767907332425 0.7949661016464233 1909
1767907333160 0.6868128180503845 1919
1767907333897 0.6329506635665894 1929
1767907334634 0.8268378973007202 1939
1767907335370 0.41214147210121155 1949
1767907336106 0.457219660282135 1959
1767907336841 0.4504389464855194 1969
1767907337576 1.0637503862380981 1979
1767907338312 0.5323452353477478 1989
1767907339047 0.6959553360939026 1999
1767907339784 0.5173940658569336 2009
1767907340522 1.0728161334991455 2019
1767907341258 0.28900399804115295 2029
1767907341993 0.6167963147163391 2039
1767907342728 0.49378538131713867 2049
1767907343463 0.374601274728775 2059
1767907344200 0.5909183025360107 2069
1767907344934 0.5270920991897583 2079
1767907345669 0.4620949923992157 2089
1767907346404 0.49359244108200073 2099
1767907347140 0.709912121295929 2109
1767907347876 0.7260162234306335 2119
1767907348611 0.6925338506698608 2129
1767907349347 0.790098249912262 2139
1767907350083 0.4075244665145874 2149
1767907350818 0.3557451069355011 2159
1767907351553 0.32265180349349976 2169
1767907352289 0.5003489255905151 2179
1767907353024 0.9562051892280579 2189
1767907353760 0.44990143179893494 2199
1767907354496 0.3445989489555359 2209
1767907355230 0.46659502387046814 2219
1767907355965 0.852040708065033 2229
1767907356701 0.23164646327495575 2239
1767907357436 0.46189117431640625 2249
1767907358172 0.4206765592098236 2259
1767907358908 0.4643677771091461 2269
1767907359645 0.3846694529056549 2279
1767907360381 0.5243154168128967 2289
1767907361118 0.6378234624862671 2299
1767907361853 0.3590434193611145 2309
1767907362591 0.9026378989219666 2319
1767907363325 0.4557231664657593 2329
1767907364059 0.8731148838996887 2339
1767907364796 0.5418397188186646 2349
1767907365530 0.43557992577552795 2359
1767907366266 0.6366191506385803 2369
1767907367000 0.5746837854385376 2379
1767907367736 0.4337932765483856 2389
1767907368473 0.44382673501968384 2399
1767907369208 1.1319037675857544 2409
1767907369943 0.5858842134475708 2419
1767907370679 0.3955703377723694 2429
1767907371414 0.3767160475254059 2439
1767907372149 0.9309113621711731 2449
1767907372885 0.7717103362083435 2459
1767907373620 0.4938144087791443 2469
1767907374356 1.0012108087539673 2479
1767907375092 0.3151208758354187 2489
1767907375826 0.2982538640499115 2499
1767907376564 0.3855889141559601 2509
1767907377300 0.5951619744300842 2519
1767907378034 0.23615023493766785 2529
1767907378769 0.2250782549381256 2539
1767907379504 0.5075613260269165 2549
1767907380239 0.5444942116737366 2559
1767907380976 0.31340837478637695 2569
1767907381711 0.37647518515586853 2579
1767907382446 0.39982908964157104 2589
1767907383182 0.6089485883712769 2599
1767907383917 0.4374001622200012 2609
1767907384653 0.614615797996521 2619
1767907385388 0.3685627579689026 2629
1767907386126 0.5088804960250854 2639
1767907386864 0.44702503085136414 2649
1767907387599 0.5795593857765198 2659
1767907388333 0.3118109107017517 2669
1767907389068 0.2948850691318512 2679
1767907389803 0.2944199740886688 2689
1767907390538 0.720310628414154 2699
1767907391273 0.5415230393409729 2709
1767907392007 0.9454742074012756 2719
1767907392743 0.4546654522418976 2729
1767907393477 0.9249703884124756 2739
1767907394213 0.3659675419330597 2749
1767907394951 0.4461306035518646 2759
1767907395687 0.3389320969581604 2769
1767907396423 0.48337653279304504 2779
1767907397158 0.27934345602989197 2789
1767907397893 0.5580585598945618 2799
1767907398628 0.569398045539856 2809
1767907399362 0.8856573104858398 2819
1767907400097 0.6439178586006165 2829
1767907400831 0.46289870142936707 2839
1767907401566 0.5401652455329895 2849
1767907402299 0.4488423764705658 2859
1767907403035 0.6371530890464783 2869
1767907403768 0.40707847476005554 2879
1767907570357 0.42841970920562744 2889
1767907571090 0.29544445872306824 2899
1767907571822 0.38705724477767944 2909
1767907572556 0.12163262069225311 2919
1767907573288 0.3490328788757324 2929
1767907574020 0.6420490145683289 2939
1767907574755 0.4687933921813965 2949
1767907575491 0.46904295682907104 2959
1767907576225 0.6605080962181091 2969
1767907576960 0.3015466332435608 2979
1767907577696 0.6286550760269165 2989
1767907578432 0.42649757862091064 2999
1767907579168 0.803577184677124 3009
1767907579903 0.4379170536994934 3019
1767907580639 0.373626172542572 3029
1767907581374 0.5781842470169067 3039
1767907582110 0.4724067151546478 3049
1767907582847 0.3040023446083069 3059
1767907583585 0.21299736201763153 3069
1767907584324 0.47958841919898987 3079
1767907585061 0.5067297220230103 3089
1767907585797 0.5460027456283569 3099
1767907586534 0.36827245354652405 3109
1767907587270 0.37518805265426636 3119
1767907588007 0.5246021151542664 3129
1767907588745 0.7375262975692749 3139
1767907589482 0.6470958590507507 3149
1767907590220 0.2871887981891632 3159
1767907590960 0.46586310863494873 3169
1767907591705 0.5259308815002441 3179
1767907592480 0.6081807017326355 3189
1767907593223 0.5836233496665955 3199
1767907593957 0.41905108094215393 3209
1767907594695 0.792671799659729 3219
1767907595430 0.3220217525959015 3229
1767907596166 0.7208040356636047 3239
1767907596901 0.2758846879005432 3249
1767907597635 0.5578595399856567 3259
1767907598370 0.3855110704898834 3269
1767907599105 0.5251699090003967 3279
1767907599845 0.2831142246723175 3289
1767907600577 0.317294180393219 3299
1767907601312 0.3452538549900055 3309
1767907602049 0.8004823923110962 3319
1767907602784 0.5857943892478943 3329
1767907603521 0.5773748755455017 3339
1767907604257 0.48979589343070984 3349
1767907604995 0.48097383975982666 3359
1767907605730 0.37414610385894775 3369
1767907606464 0.5748443603515625 3379
1767907607200 0.31199243664741516 3389
1767907607935 0.3887074887752533 3399
1767907608673 0.6856648325920105 3409
1767907609407 0.12044532597064972 3419
1767907610141 0.7986230850219727 3429
1767907610877 0.7726969718933105 3439
1767907611611 0.3316437602043152 3449
1767907612344 0.2890423834323883 3459
1767907613081 0.5406218767166138 3469
1767907613815 0.5263186693191528 3479
1767907614550 0.20608386397361755 3489
1767907615285 0.4922221302986145 3499
1767907616020 0.4581639766693115 3509
1767907616752 0.26519834995269775 3519
1767907617488 0.42362189292907715 3529
1767907618223 0.6819314360618591 3539
1767907618958 0.6189427971839905 3549
1767907619696 0.4886493980884552 3559
1767907620430 0.22746126353740692 3569
1767907621167 0.5519616007804871 3579
1767907621902 0.45043811202049255 3589
1767907622636 0.363574743270874 3599
1767907623373 0.4893455505371094 3609
1767907624108 0.37294718623161316 3619
1767907624844 0.2408633530139923 3629
1767907625581 0.332140177488327 3639
1767907626316 0.457213819026947 3649
1767907627049 0.8061562180519104 3659
1767907627785 0.275161474943161 3669
1767907628519 0.3618929982185364 3679
1767907629254 0.5276556015014648 3689
1767907629991 0.588285505771637 3699
1767907630727 0.38663801550865173 3709
1767907631462 0.2694026827812195 3719
1767907632196 0.6092718839645386 3729
1767907632932 0.348625123500824 3739
1767907633669 0.1966903954744339 3749
1767907634404 0.463872492313385 3759
1767907635139 0.35703223943710327 3769
1767907635873 0.3897988796234131 3779
1767907636608 0.2915310859680176 3789
1767907637341 0.3093760907649994 3799
1767907638077 0.21793468296527863 3809
1767907638812 0.5599516034126282 3819
1767907639547 0.4858221411705017 3829
1767907640282 0.3211144804954529 3839
1767907641017 0.20124398171901703 3849
1767907641752 0.7736569046974182 3859
1767907642485 0.5122237801551819 3869
1767907643221 0.7779473066329956 3879
1767907643956 0.2640942335128784 3889
1767907644692 0.4332337975502014 3899
1767907645426 0.3258377015590668 3909
1767907646162 0.38224220275878906 3919
1767907646895 0.25691744685173035 3929
1767907647628 0.43753087520599365 3939
1767907648365 1.191908597946167 3949
1767907649099 0.2298814356327057 3959
1767907649835 0.31918078660964966 3969
1767907650571 0.5806026458740234 3979
1767907651305 0.17735381424427032 3989
1767907652039 0.5633262395858765 3999
1767907652774 0.6862555742263794 4009
1767907653511 0.2913293242454529 4019
1767907654249 0.4780069887638092 4029
1767907654986 0.20825964212417603 4039
1767907655721 0.6566232442855835 4049
1767907656458 0.17510120570659637 4059
1767907657192 0.268807590007782 4069
1767907657929 0.394506573677063 4079
1767907658665 0.6680363416671753 4089
1767907659401 0.33403632044792175 4099
1767907660136 0.1976894736289978 4109
1767907660870 0.34544047713279724 4119
1767907661603 0.4660871922969818 4129
1767907662338 0.5465778708457947 4139
1767907663071 0.5995811820030212 4149
1767907663805 0.4446122646331787 4159
1767907664539 0.27118563652038574 4169
1767907665272 0.5072456002235413 4179
1767907666008 0.4431319236755371 4189
1767907666741 0.2677391767501831 4199
1767907667474 0.4746745526790619 4209
1767907668209 0.25151968002319336 4219
1767907668941 0.2080715447664261 4229
1767907669674 0.6464251279830933 4239
1767907677224 0.48689642548561096 4249
1767907677963 0.1019095778465271 4259
1767907678702 0.4481043517589569 4269
1767907679440 0.5339834690093994 4279
1767907680176 0.46948790550231934 4289
1767907680914 0.2744012773036957 4299
1767907681649 0.2869749069213867 4309
1767907682386 0.16997501254081726 4319
1767907866556 0.633448600769043 4329
1767907867294 0.5372145771980286 4339
1767907868031 0.6175819039344788 4349
1767907868769 0.3417056202888489 4359
1767907869506 0.4201698899269104 4369
1767907870243 0.2726302146911621 4379
1767907870980 0.5231286287307739 4389
1767907871717 0.37851378321647644 4399
1767907872453 0.5649667382240295 4409
1767907873195 0.4213659465312958 4419
1767907873931 0.15302079916000366 4429
1767907874668 0.327263206243515 4439
1767907875404 0.6047662496566772 4449
1767907876138 0.20987831056118011 4459
1767907876872 0.41007503867149353 4469
1767907877607 0.16657577455043793 4479
1767907878344 0.4187847077846527 4489
1767907879081 0.3024821877479553 4499
1767907879818 0.3302111327648163 4509
1767907880554 0.6047855019569397 4519
1767907881293 0.5292236804962158 4529
1767907882028 0.293584942817688 4539
1767907882767 0.26975977420806885 4549
1767907883505 0.30032455921173096 4559
1767907884243 0.2567254602909088 4569
1767907884980 0.28739508986473083 4579
1767907885719 0.6709741950035095 4589
1767907886457 0.29120445251464844 4599
1767907887197 0.31525692343711853 4609
1767907887935 0.5088078379631042 4619
1767907888673 0.5421052575111389 4629
1767907889412 0.5666816830635071 4639
1767907890150 0.38307449221611023 4649
1767907890886 0.15927225351333618 4659
1767907891622 0.48907607793807983 4669
1767907892360 0.48207926750183105 4679
1767907893097 0.21034638583660126 4689
1767907893836 0.5343754887580872 4699
1767907894573 0.5205089449882507 4709
1767907895310 0.2328917682170868 4719
1767907896048 0.3506351411342621 4729
1767907896784 0.25365716218948364 4739
1767907897522 0.14918719232082367 4749
1767907898258 0.2211696058511734 4759
1767907898994 0.2690383791923523 4769
1767907899731 0.4432995021343231 4779
1767907900469 0.528142511844635 4789
1767907901205 0.5705460906028748 4799
1767907901940 0.2954027056694031 4809
1767907902677 0.34261348843574524 4819
1767907903415 0.37191131711006165 4829
1767907904151 0.2990099787712097 4839
1767907904888 0.33243536949157715 4849
1767907905627 0.1462751030921936 4859
1767907906364 0.4749114215373993 4869
1767907907100 0.3137466609477997 4879
1767907907839 0.3222423493862152 4889
1767907908579 0.6855483651161194 4899
1767907909317 0.28168436884880066 4909
1767907910054 0.5723561644554138 4919
1767907910791 0.5154502987861633 4929
1767907911527 0.2922062277793884 4939
1767907912263 0.415375292301178 4949
1767907913004 0.26056554913520813 4959
1767907913746 0.1837647557258606 4969
1767907914484 0.24106495082378387 4979
1767907915221 0.12645359337329865 4989
1767907915961 0.2621225416660309 4999
1767907916699 0.24001796543598175 5009
1767907917440 0.4832189381122589 5019
1767907918179 0.48979684710502625 5029
1767907918917 0.5306745767593384 5039
1767907919657 0.22330144047737122 5049
1767907920396 0.3636811077594757 5059
1767907921134 0.23329545557498932 5069
1767907921871 0.16979631781578064 5079
1767907922607 0.3330938518047333 5089
1767907923345 0.501708984375 5099
1767907924084 0.31061241030693054 5109
1767907924822 0.5276034474372864 5119
1767907925561 0.25358816981315613 5129
1767907926298 0.47731128334999084 5139
1767907927035 0.5268400311470032 5149
1767907927774 0.4810599386692047 5159
1767907928511 0.3080570101737976 5169
1767907929249 0.5105308294296265 5179
1767907929987 0.3083079755306244 5189
1767907930724 0.13995274901390076 5199
1767907931462 0.43183425068855286 5209
1767907932200 0.6048651933670044 5219
1767907932941 0.3348900079727173 5229
1767907933680 0.4619041979312897 5239
1767907934420 0.5843145847320557 5249
1767907935160 0.3327949345111847 5259
1767907935900 0.7897932529449463 5269
1767907936638 0.3516294062137604 5279
1767907937376 0.4812483787536621 5289
1767907938117 0.43053361773490906 5299
1767907938856 0.32407572865486145 5309
1767907939594 0.0929863229393959 5319
1767907940333 0.5735312700271606 5329
1767907941070 0.148488387465477 5339
1767907941808 0.27881473302841187 5349
1767907942543 0.1590893566608429 5359
1767907943278 0.21454738080501556 5369
1767907944016 0.15462462604045868 5379
1767907944752 0.24541862308979034 5389
1767907945488 0.2622727155685425 5399
1767907946223 0.35016849637031555 5409
1767907946959 0.2062770575284958 5419
1767907947694 0.28256115317344666 5429
1767907948432 0.4764676094055176 5439
1767907949168 0.7288137674331665 5449
1767907949905 0.4416213035583496 5459
1767907950640 0.27807891368865967 5469
1767907951375 0.20777742564678192 5479
1767907952110 0.7340205311775208 5489
1767907952846 0.24837885797023773 5499
1767907953581 0.29142481088638306 5509
1767907954315 0.40343520045280457 5519
1767907955051 0.2383989691734314 5529
1767907955786 0.43183380365371704 5539
1767907956522 0.6579587459564209 5549
1767907957257 0.38499027490615845 5559
1767907957995 0.7453233003616333 5569
1767907958732 0.25719019770622253 5579
1767907959468 0.3918571472167969 5589
1767907960206 0.3891235291957855 5599
1767907960940 0.21959267556667328 5609
1767907961675 0.2460324466228485 5619
1767907962411 0.23758292198181152 5629
1767907963148 0.3283095955848694 5639
1767907963886 0.2662343978881836 5649
1767907964623 0.3163463771343231 5659
1767907965359 0.3794898986816406 5669
1767907966097 0.3394778072834015 5679
1767907966833 0.1991276890039444 5689
1767907967569 0.422901451587677 5699
1767907968308 0.21000222861766815 5709
1767907969045 0.5002858638763428 5719
1767907969785 0.4127923548221588 5729
1767907970522 0.5356835126876831 5739
1767907971259 0.22299936413764954 5749
1767907971993 0.329216867685318 5759
1767908139591 0.5084888935089111 5769
1767908140325 0.23851613700389862 5779
1767908141058 0.2987108528614044 5789
1767908141791 0.4494214653968811 5799
1767908142525 0.30131012201309204 5809
1767908143258 0.39502063393592834 5819
1767908143992 0.2100156545639038 5829
1767908144727 0.4023064374923706 5839
1767908145461 0.18124637007713318 5849
1767908146194 0.19130346179008484 5859
1767908146929 0.2524595260620117 5869
1767908147663 0.5111793875694275 5879
1767908148397 0.24074241518974304 5889
1767908149131 0.5397108197212219 5899
1767908149864 0.5159320831298828 5909
1767908150604 0.2946644723415375 5919
1767908151338 0.4602413475513458 5929
1767908152073 0.31463423371315 5939
1767908152809 0.32411471009254456 5949
1767908153544 0.40058889985084534 5959
1767908154280 0.1866864413022995 5969
1767908155016 0.19571232795715332 5979
1767908155750 0.7946184873580933 5989
1767908156485 0.5070138573646545 5999
1767908157220 0.3328798711299896 6009
1767908157956 0.3881346881389618 6019
1767908158692 0.37671539187431335 6029
1767908159428 0.2577461302280426 6039
1767908160164 0.13012203574180603 6049
1767908160900 0.22056987881660461 6059
1767908161635 0.7164137363433838 6069
1767908162370 0.1327025443315506 6079
1767908163106 0.4136616289615631 6089
1767908163840 0.3469148278236389 6099
1767908164576 0.20410066843032837 6109
1767908165311 0.3731023669242859 6119
1767908166050 0.2102576345205307 6129
1767908166786 0.24623756110668182 6139
1767908167523 0.2816695272922516 6149
1767908168258 0.10709670186042786 6159
1767908168995 0.35877880454063416 6169
1767908169731 0.3924579620361328 6179
1767908170468 0.37808874249458313 6189
1767908171205 0.3974360525608063 6199
1767908171944 0.4083655774593353 6209
1767908172689 0.20498986542224884 6219
1767908173427 0.30776140093803406 6229
1767908174162 0.5223457217216492 6239
1767908174898 0.3795110583305359 6249
1767908175632 0.3795071244239807 6259
1767908176368 0.4266470968723297 6269
1767908177103 0.24984386563301086 6279
1767908177837 0.29199570417404175 6289
1767908178571 0.22611886262893677 6299
1767908179309 0.32426390051841736 6309
1767908180047 0.22206620872020721 6319
1767908180784 0.6270717978477478 6329
