1767907297772 2.3456287384033203 1439
1767907569547 0.5815756320953369 2879
1767907865748 0.4568887948989868 4319
1767908138781 0.3726291358470917 5759
1767908500765 0.32471975684165955 7199
1767909280785 0.28962332010269165 8639
1767910420961 0.24516946077346802 10079
1767911500641 0.22451406717300415 11519
1767912641046 0.196475088596344 12959
1767913780955 0.18085244297981262 14399
1767915316618 0.1324911117553711 15839
1767916301113 0.1231449618935585 17279
1767917441016 0.11011393368244171 18719
1767918580803 0.10492188483476639 20159
1767919300481 0.10047292709350586 21599
1767920320915 0.09501629322767258 23039
