1767907024165 0.0 9
1767907024895 0.0 19
1767907025626 0.0 29
1767907026360 0.0 39
1767907027093 0.0 49
1767907027826 0.0 59
1767907028559 0.0 69
1767907029289 0.0 79
1767907030023 0.0 89
1767907030755 0.0 99
1767907031487 0.0 109
1767907032217 0.0 119
1767907032949 0.0 129
1767907033680 0.0 139
1767907034413 0.0 149
1767907035143 0.0 159
1767907035876 0.0 169
1767907036609 0.0 179
1767907037341 0.0 189
1767907038075 0.0 199
1767907038805 0.0 209
1767907039537 0.0 219
1767907040270 0.0 229
1767907041002 0.0 239
1767907041735 0.0 249
1767907042467 0.0 259
1767907043199 0.0 269
1767907043932 0.0 279
1767907044665 0.0 289
1767907045396 0.0 299
1767907046131 0.0 309
1767907046865 0.0 319
1767907047598 0.0 329
1767907048331 0.0 339
1767907049063 0.0 349
1767907049796 0.0 359
1767907050531 0.0 369
1767907051264 0.0 379
1767907051997 0.0 389
1767907052731 0.0 399
1767907053464 0.0 409
1767907054198 0.0 419
1767907054933 0.0 429
1767907055666 0.0 439
1767907056402 0.0 449
1767907057137 0.0 459
1767907057872 0.0 469
1767907058606 0.0 479
1767907059341 0.0 489
1767907060074 0.0 499
1767907060809 0.0 509
1767907061543 0.0 519
1767907062277 0.0 529
1767907063011 0.0 539
1767907063745 0.0 549
1767907064481 0.0 559
1767907065214 0.0 569
1767907065948 0.0 579
1767907066683 0.0 589
1767907067417 0.0 599
1767907068151 0.0 609
1767907068885 0.0 619
1767907069619 0.0 629
1767907070350 0.0 639
1767907071082 0.0 649
1767907071816 0.0 659
1767907072549 0.0 669
1767907073281 0.0 679
1767907074013 0.0 689
1767907074746 0.0 699
1767907075478 0.0 709
1767907076212 0.0 719
1767907076947 0.0 729
1767907077681 0.0 739
1767907078415 0.0 749
1767907079149 0.0 759
1767907079882 0.0 769
1767907080617 0.0 779
1767907081350 0.0 789
1767907082082 0.0 799
1767907082815 0.0 809
1767907083546 0.0 819
1767907084278 0.0 829
1767907085013 0.0 839
1767907085747 0.0 849
1767907086480 0.0 859
1767907087214 0.0 869
1767907087948 0.0 879
1767907088681 0.0 889
1767907089415 0.0 899
1767907090148 0.0 909
1767907090882 0.0 919
1767907091615 0.0 929
1767907092349 0.0 939
1767907093084 0.0 949
1767907093818 0.0 959
1767907094551 0.0 969
1767907095284 0.0 979
1767907096020 0.0 989
1767907096754 0.0 999
1767907097487 0.0 1009
1767907098221 0.0 1019
1767907098957 0.0 1029
1767907099691 0.0 1039
1767907100425 0.0 1049
1767907101160 0.0 1059
1767907101893 0.0 1069
1767907102626 0.0 1079
1767907103360 0.0 1089
1767907104093 0.0 1099
1767907104826 0.0 1109
1767907105560 0.0 1119
1767907106294 0.0 1129
1767907107027 0.0 1139
1767907107761 0.0 1149
1767907108494 0.0 1159
1767907109228 0.0 1169
1767907109961 0.0 1179
1767907110695 0.0 1189
1767907111429 0.0 1199
1767907112163 0.0 1209
1767907112898 0.0 1219
1767907113631 0.0 1229
1767907114366 0.0 1239
1767907115100 0.0 1249
1767907115833 0.0 1259
1767907116568 0.0 1269
1767907117302 0.0 1279
1767907118036 0.0 1289
1767907118770 0.0 1299
1767907119504 0.0 1309
1767907120236 0.0 1319
1767907120970 0.0 1329
1767907121704 0.0 1339
1767907122439 0.0 1349
1767907123173 0.0 1359
1767907123907 0.0 1369
1767907124640 0.0 1379
1767907125373 0.0 1389
1767907126107 0.0 1399
1767907126840 0.0 1409
1767907127575 0.0 1419
1767907128309 0.0 1429
1767907129040 0.0 1439
1767907297675 0.0 1439
1767907297772 0.0 1439
1767907298569 1.0 1449
1767907299306 1.0 1459
1767907300042 1.0 1469
1767907300777 1.0 1479
1767907301513 1.0 1489
1767907302247 1.0 1499
1767907302982 1.0 1509
1767907303717 1.0 1519
1767907304453 1.0 1529
1767907305190 1.0 1539
1767907305926 1.0 1549
1767907306661 1.0 1559
1767907307397 1.0 1569
1767907308134 1.0 1579
1767907308872 1.0 1589
1767907309609 1.0 1599
1767907310349 1.0 1609
1767907311085 1.0 1619
1767907311820 1.0 1629
1767907312556 1.0 1639
1767907313291 1.0 1649
1767907314026 1.0 1659
1767907314763 1.0 1669
1767907315499 1.0 1679
1767907316235 1.0 1689
1767907316970 1.0 1699
1767907317705 1.0 1709
1767907318440 1.0 1719
1767907319176 1.0 1729
1767907319914 1.0 1739
1767907320649 1.0 1749
1767907321386 1.0 1759
1767907322123 1.0 1769
1767907322858 1.0 1779
1767907323592 1.0 1789
1767907324327 1.0 1799
1767907325063 1.0 1809
1767907325800 1.0 1819
1767907326536 1.0 1829
1767907327272 1.0 1839
1767907328008 1.0 1849
1767907328743 1.0 1859
1767907329477 1.0 1869
1767907330215 1.0 1879
1767907330950 1.0 1889
1767907331687 1.0 1899
1767907332425 1.0 1909
1767907333160 1.0 1919
1767907333897 1.0 1929
1767907334634 1.0 1939
1767907335370 1.0 1949
1767907336106 1.0 1959
1767907336841 1.0 1969
1767907337576 1.0 1979
1767907338312 1.0 1989
1767907339047 1.0 1999
1767907339784 1.0 2009
1767907340522 1.0 2019
1767907341258 1.0 2029
1767907341993 1.0 2039
1767907342728 1.0 2049
1767907343463 1.0 2059
1767907344200 1.0 2069
1767907344934 1.0 2079
1767907345669 1.0 2089
1767907346404 1.0 2099
1767907347140 1.0 2109
1767907347876 1.0 2119
1767907348611 1.0 2129
1767907349347 1.0 2139
1767907350083 1.0 2149
1767907350818 1.0 2159
1767907351553 1.0 2169
1767907352289 1.0 2179
1767907353024 1.0 2189
1767907353760 1.0 2199
1767907354496 1.0 2209
1767907355230 1.0 2219
1767907355965 1.0 2229
1767907356701 1.0 2239
1767907357436 1.0 2249
1767907358172 1.0 2259
1767907358908 1.0 2269
1767907359645 1.0 2279
1767907360381 1.0 2289
1767907361118 1.0 2299
1767907361853 1.0 2309
1767907362591 1.0 2319
1767907363325 1.0 2329
1767907364059 1.0 2339
1767907364796 1.0 2349
1767907365530 1.0 2359
1767907366266 1.0 2369
1767907367000 1.0 2379
1767907367736 1.0 2389
1767907368473 1.0 2399
1767907369208 1.0 2409
1767907369943 1.0 2419
1767907370679 1.0 2429
1767907371414 1.0 2439
1767907372149 1.0 2449
1767907372885 1.0 2459
1767907373620 1.0 2469
1767907374356 1.0 2479
1767907375092 1.0 2489
1767907375826 1.0 2499
1767907376564 1.0 2509
1767907377300 1.0 2519
1767907378034 1.0 2529
1767907378769 1.0 2539
1767907379504 1.0 2549
1767907380239 1.0 2559
1767907380976 1.0 2569
1767907381711 1.0 2579
1767907382446 1.0 2589
1767907383182 1.0 2599
1767907383917 1.0 2609
1767907384653 1.0 2619
1767907385388 1.0 2629
1767907386126 1.0 2639
1767907386864 1.0 2649
1767907387599 1.0 2659
1767907388333 1.0 2669
1767907389068 1.0 2679
1767907389803 1.0 2689
1767907390538 1.0 2699
1767907391273 1.0 2709
1767907392007 1.0 2719
1767907392743 1.0 2729
1767907393477 1.0 2739
1767907394213 1.0 2749
1767907394951 1.0 2759
1767907395687 1.0 2769
1767907396423 1.0 2779
1767907397158 1.0 2789
1767907397893 1.0 2799
1767907398628 1.0 2809
1767907399362 1.0 2819
1767907400097 1.0 2829
1767907400831 1.0 2839
1767907401566 1.0 2849
1767907402299 1.0 2859
1767907403035 1.0 2869
1767907403768 1.0 2879
1767907569448 1.0 2879
1767907569547 1.0 2879
1767907570357 2.0 2889
1767907571090 2.0 2899
1767907571822 2.0 2909
1767907572556 2.0 2919
1767907573288 2.0 2929
1767907574020 2.0 2939
1767907574755 2.0 2949
1767907575491 2.0 2959
1767907576225 2.0 2969
1767907576960 2.0 2979
1767907577696 2.0 2989
1767907578432 2.0 2999
1767907579168 2.0 3009
1767907579903 2.0 3019
1767907580639 2.0 3029
1767907581374 2.0 3039
1767907582110 2.0 3049
1767907582847 2.0 3059
1767907583585 2.0 3069
1767907584324 2.0 3079
1767907585061 2.0 3089
1767907585797 2.0 3099
1767907586534 2.0 3109
1767907587270 2.0 3119
1767907588007 2.0 3129
1767907588745 2.0 3139
1767907589482 2.0 3149
1767907590220 2.0 3159
1767907590960 2.0 3169
1767907591705 2.0 3179
1767907592480 2.0 3189
1767907593223 2.0 3199
1767907593957 2.0 3209
1767907594695 2.0 3219
1767907595430 2.0 3229
1767907596166 2.0 3239
1767907596901 2.0 3249
1767907597635 2.0 3259
1767907598370 2.0 3269
1767907599105 2.0 3279
1767907599845 2.0 3289
1767907600577 2.0 3299
1767907601312 2.0 3309
1767907602049 2.0 3319
1767907602784 2.0 3329
1767907603521 2.0 3339
1767907604257 2.0 3349
1767907604995 2.0 3359
1767907605730 2.0 3369
1767907606464 2.0 3379
1767907607200 2.0 3389
1767907607935 2.0 3399
1767907608673 2.0 3409
1767907609407 2.0 3419
1767907610141 2.0 3429
1767907610877 2.0 3439
1767907611611 2.0 3449
1767907612344 2.0 3459
1767907613081 2.0 3469
1767907613815 2.0 3479
1767907614550 2.0 3489
1767907615285 2.0 3499
1767907616020 2.0 3509
1767907616752 2.0 3519
1767907617488 2.0 3529
1767907618223 2.0 3539
1767907618958 2.0 3549
1767907619696 2.0 3559
1767907620430 2.0 3569
1767907621167 2.0 3579
1767907621902 2.0 3589
1767907622636 2.0 3599
1767907623373 2.0 3609
1767907624108 2.0 3619
1767907624844 2.0 3629
1767907625581 2.0 3639
1767907626316 2.0 3649
1767907627049 2.0 3659
1767907627785 2.0 3669
1767907628519 2.0 3679
1767907629254 2.0 3689
1767907629991 2.0 3699
1767907630727 2.0 3709
1767907631462 2.0 3719
1767907632196 2.0 3729
1767907632932 2.0 3739
1767907633669 2.0 3749
1767907634404 2.0 3759
1767907635139 2.0 3769
1767907635873 2.0 3779
1767907636608 2.0 3789
1767907637341 2.0 3799
1767907638077 2.0 3809
1767907638812 2.0 3819
1767907639547 2.0 3829
1767907640282 2.0 3839
1767907641017 2.0 3849
1767907641752 2.0 3859
1767907642485 2.0 3869
1767907643221 2.0 3879
1767907643956 2.0 3889
1767907644692 2.0 3899
1767907645426 2.0 3909
1767907646162 2.0 3919
1767907646895 2.0 3929
1767907647628 2.0 3939
1767907648365 2.0 3949
1767907649099 2.0 3959
1767907649835 2.0 3969
1767907650571 2.0 3979
1767907651305 2.0 3989
1767907652039 2.0 3999
1767907652774 2.0 4009
1767907653511 2.0 4019
1767907654249 2.0 4029
1767907654986 2.0 4039
1767907655721 2.0 4049
1767907656458 2.0 4059
1767907657192 2.0 4069
1767907657929 2.0 4079
1767907658665 2.0 4089
1767907659401 2.0 4099
1767907660136 2.0 4109
1767907660870 2.0 4119
1767907661603 2.0 4129
1767907662338 2.0 4139
1767907663071 2.0 4149
1767907663805 2.0 4159
1767907664539 2.0 4169
1767907665272 2.0 4179
1767907666008 2.0 4189
1767907666741 2.0 4199
1767907667474 2.0 4209
1767907668209 2.0 4219
1767907668941 2.0 4229
1767907669674 2.0 4239
1767907677224 2.0 4249
1767907677963 2.0 4259
1767907678702 2.0 4269
1767907679440 2.0 4279
1767907680176 2.0 4289
1767907680914 2.0 4299
1767907681649 2.0 4309
1767907682386 2.0 4319
1767907865746 2.0 4319
1767907865748 2.0 4319
1767907866556 3.0 4329
1767907867294 3.0 4339
1767907868031 3.0 4349
1767907868769 3.0 4359
1767907869506 3.0 4369
1767907870243 3.0 4379
1767907870980 3.0 4389
1767907871717 3.0 4399
1767907872453 3.0 4409
1767907873195 3.0 4419
1767907873931 3.0 4429
1767907874668 3.0 4439
1767907875404 3.0 4449
1767907876138 3.0 4459
1767907876872 3.0 4469
1767907877607 3.0 4479
1767907878344 3.0 4489
1767907879081 3.0 4499
1767907879818 3.0 4509
1767907880554 3.0 4519
1767907881293 3.0 4529
1767907882028 3.0 4539
1767907882767 3.0 4549
1767907883505 3.0 4559
1767907884243 3.0 4569
1767907884980 3.0 4579
1767907885719 3.0 4589
1767907886457 3.0 4599
1767907887197 3.0 4609
1767907887935 3.0 4619
1767907888673 3.0 4629
1767907889412 3.0 4639
1767907890150 3.0 4649
1767907890886 3.0 4659
1767907891622 3.0 4669
1767907892360 3.0 4679
1767907893097 3.0 4689
1767907893836 3.0 4699
1767907894573 3.0 4709
1767907895310 3.0 4719
1767907896048 3.0 4729
1767907896784 3.0 4739
1767907897522 3.0 4749
1767907898258 3.0 4759
1767907898994 3.0 4769
1767907899731 3.0 4779
1767907900469 3.0 4789
1767907901205 3.0 4799
1767907901940 3.0 4809
1767907902677 3.0 4819
1767907903415 3.0 4829
1767907904151 3.0 4839
1767907904888 3.0 4849
1767907905627 3.0 4859
1767907906364 3.0 4869
1767907907100 3.0 4879
1767907907839 3.0 4889
1767907908579 3.0 4899
1767907909317 3.0 4909
1767907910054 3.0 4919
1767907910791 3.0 4929
1767907911527 3.0 4939
1767907912263 3.0 4949
1767907913004 3.0 4959
1767907913746 3.0 4969
1767907914484 3.0 4979
1767907915221 3.0 4989
1767907915961 3.0 4999
1767907916699 3.0 5009
1767907917440 3.0 5019
1767907918179 3.0 5029
1767907918917 3.0 5039
1767907919657 3.0 5049
1767907920396 3.0 5059
1767907921134 3.0 5069
1767907921871 3.0 5079
1767907922607 3.0 5089
1767907923345 3.0 5099
1767907924084 3.0 5109
1767907924822 3.0 5119
1767907925561 3.0 5129
1767907926298 3.0 5139
1767907927035 3.0 5149
1767907927774 3.0 5159
1767907928511 3.0 5169
1767907929249 3.0 5179
1767907929987 3.0 5189
1767907930724 3.0 5199
1767907931462 3.0 5209
1767907932200 3.0 5219
1767907932941 3.0 5229
1767907933680 3.0 5239
1767907934420 3.0 5249
1767907935160 3.0 5259
1767907935900 3.0 5269
1767907936638 3.0 5279
1767907937376 3.0 5289
1767907938117 3.0 5299
1767907938856 3.0 5309
1767907939594 3.0 5319
1767907940333 3.0 5329
1767907941070 3.0 5339
1767907941808 3.0 5349
1767907942543 3.0 5359
1767907943278 3.0 5369
1767907944016 3.0 5379
1767907944752 3.0 5389
1767907945488 3.0 5399
1767907946223 3.0 5409
1767907946959 3.0 5419
1767907947694 3.0 5429
1767907948432 3.0 5439
1767907949168 3.0 5449
1767907949905 3.0 5459
1767907950640 3.0 5469
1767907951375 3.0 5479
1767907952110 3.0 5489
1767907952846 3.0 5499
1767907953581 3.0 5509
1767907954315 3.0 5519
1767907955051 3.0 5529
1767907955786 3.0 5539
1767907956522 3.0 5549
1767907957257 3.0 5559
1767907957995 3.0 5569
1767907958732 3.0 5579
1767907959468 3.0 5589
1767907960206 3.0 5599
1767907960940 3.0 5609
1767907961675 3.0 5619
1767907962411 3.0 5629
1767907963148 3.0 5639
1767907963886 3.0 5649
1767907964623 3.0 5659
1767907965359 3.0 5669
1767907966097 3.0 5679
1767907966833 3.0 5689
1767907967569 3.0 5699
1767907968308 3.0 5709
1767907969045 3.0 5719
1767907969785 3.0 5729
1767907970522 3.0 5739
1767907971259 3.0 5749
1767907971993 3.0 5759
1767908138678 3.0 5759
1767908138781 3.0 5759
1767908139591 4.0 5769
1767908140325 4.0 5779
1767908141058 4.0 5789
1767908141791 4.0 5799
1767908142525 4.0 5809
1767908143258 4.0 5819
1767908143992 4.0 5829
1767908144727 4.0 5839
1767908145461 4.0 5849
1767908146194 4.0 5859
1767908146929 4.0 5869
1767908147663 4.0 5879
1767908148397 4.0 5889
1767908149131 4.0 5899
1767908149864 4.0 5909
1767908150604 4.0 5919
1767908151338 4.0 5929
1767908152073 4.0 5939
1767908152809 4.0 5949
1767908153544 4.0 5959
1767908154280 4.0 5969
1767908155016 4.0 5979
1767908155750 4.0 5989
1767908156485 4.0 5999
1767908157220 4.0 6009
1767908157956 4.0 6019
1767908158692 4.0 6029
1767908159428 4.0 6039
1767908160164 4.0 6049
1767908160900 4.0 6059
1767908161635 4.0 6069
1767908162370 4.0 6079
1767908163106 4.0 6089
1767908163840 4.0 6099
1767908164576 4.0 6109
1767908165311 4.0 6119
1767908166050 4.0 6129
1767908166786 4.0 6139
1767908167523 4.0 6149
1767908168258 4.0 6159
1767908168995 4.0 6169
1767908169731 4.0 6179
1767908170468 4.0 6189
1767908171205 4.0 6199
1767908171944 4.0 6209
1767908172689 4.0 6219
1767908173427 4.0 6229
1767908174162 4.0 6239
1767908174898 4.0 6249
1767908175632 4.0 6259
1767908176368 4.0 6269
1767908177103 4.0 6279
1767908177837 4.0 6289
1767908178571 4.0 6299
1767908179309 4.0 6309
1767908180047 4.0 6319
1767908180784 4.0 6329
