1767907021997 0.001 0
1767907297773 0.001 1440
1767907569549 0.001 2880
1767907865749 0.001 4320
1767908138783 0.001 5760
1767908500766 0.001 7200
1767909280785 0.001 8640
1767910420962 0.001 10080
1767911500642 0.001 11520
1767912641049 0.001 12960
1767913780956 0.0006500000000000001 14400
1767915316619 0.0006500000000000001 15840
1767916301114 0.0006500000000000001 17280
1767917441017 0.0006500000000000001 18720
1767918580803 0.0006500000000000001 20160
1767919300481 0.0006500000000000001 21600
1767920320916 0.0006500000000000001 23040
