1767907297772 0.0009999971371144056 1439
1767907569547 0.0009999971371144056 2879
1767907865748 0.0009999971371144056 4319
1767908138781 0.0009999971371144056 5759
1767908500765 0.0009999971371144056 7199
1767909280785 0.0009999971371144056 8639
1767910420961 0.0009999971371144056 10079
1767911500641 0.0009999971371144056 11519
1767912641046 0.0009999971371144056 12959
1767913780955 0.0009999971371144056 14399
1767915316618 0.0006500036688521504 15839
1767916301113 0.0006500036688521504 17279
1767917441016 0.0006500036688521504 18719
1767918580803 0.0006500036688521504 20159
1767919300481 0.0006500036688521504 21599
1767920320915 0.0006500036688521504 23039
