1767907024165 0.0010000000474974513 9
1767907024895 0.0010000000474974513 19
1767907025626 0.0010000000474974513 29
1767907026360 0.0010000000474974513 39
1767907027093 0.0010000000474974513 49
1767907027826 0.0010000000474974513 59
1767907028559 0.0010000000474974513 69
1767907029289 0.0010000000474974513 79
1767907030023 0.0010000000474974513 89
1767907030755 0.0010000000474974513 99
1767907031487 0.0010000000474974513 109
1767907032217 0.0010000000474974513 119
1767907032949 0.0010000000474974513 129
1767907033680 0.0010000000474974513 139
1767907034413 0.0010000000474974513 149
1767907035143 0.0010000000474974513 159
1767907035876 0.0010000000474974513 169
1767907036609 0.0010000000474974513 179
1767907037341 0.0010000000474974513 189
1767907038075 0.0010000000474974513 199
1767907038805 0.0010000000474974513 209
1767907039537 0.0010000000474974513 219
1767907040270 0.0010000000474974513 229
1767907041002 0.0010000000474974513 239
1767907041735 0.0010000000474974513 249
1767907042467 0.0010000000474974513 259
1767907043199 0.0010000000474974513 269
1767907043932 0.0010000000474974513 279
1767907044665 0.0010000000474974513 289
1767907045396 0.0010000000474974513 299
1767907046131 0.0010000000474974513 309
1767907046865 0.0010000000474974513 319
1767907047598 0.0010000000474974513 329
1767907048331 0.0010000000474974513 339
1767907049063 0.0010000000474974513 349
1767907049796 0.0010000000474974513 359
1767907050531 0.0010000000474974513 369
1767907051264 0.0010000000474974513 379
1767907051997 0.0010000000474974513 389
1767907052731 0.0010000000474974513 399
1767907053464 0.0010000000474974513 409
1767907054198 0.0010000000474974513 419
1767907054933 0.0010000000474974513 429
1767907055666 0.0010000000474974513 439
1767907056402 0.0010000000474974513 449
1767907057137 0.0010000000474974513 459
1767907057872 0.0010000000474974513 469
1767907058606 0.0010000000474974513 479
1767907059341 0.0010000000474974513 489
1767907060074 0.0010000000474974513 499
1767907060809 0.0010000000474974513 509
1767907061543 0.0010000000474974513 519
1767907062277 0.0010000000474974513 529
1767907063011 0.0010000000474974513 539
1767907063745 0.0010000000474974513 549
1767907064481 0.0010000000474974513 559
1767907065214 0.0010000000474974513 569
1767907065948 0.0010000000474974513 579
1767907066683 0.0010000000474974513 589
1767907067417 0.0010000000474974513 599
1767907068151 0.0010000000474974513 609
1767907068885 0.0010000000474974513 619
1767907069619 0.0010000000474974513 629
1767907070350 0.0010000000474974513 639
1767907071082 0.0010000000474974513 649
1767907071816 0.0010000000474974513 659
1767907072549 0.0010000000474974513 669
1767907073281 0.0010000000474974513 679
1767907074013 0.0010000000474974513 689
1767907074746 0.0010000000474974513 699
1767907075478 0.0010000000474974513 709
1767907076212 0.0010000000474974513 719
1767907076947 0.0010000000474974513 729
1767907077681 0.0010000000474974513 739
1767907078415 0.0010000000474974513 749
1767907079149 0.0010000000474974513 759
1767907079882 0.0010000000474974513 769
1767907080617 0.0010000000474974513 779
1767907081350 0.0010000000474974513 789
1767907082082 0.0010000000474974513 799
1767907082815 0.0010000000474974513 809
1767907083546 0.0010000000474974513 819
1767907084278 0.0010000000474974513 829
1767907085013 0.0010000000474974513 839
1767907085747 0.0010000000474974513 849
1767907086480 0.0010000000474974513 859
1767907087214 0.0010000000474974513 869
1767907087948 0.0010000000474974513 879
1767907088681 0.0010000000474974513 889
1767907089415 0.0010000000474974513 899
1767907090148 0.0010000000474974513 909
1767907090882 0.0010000000474974513 919
1767907091615 0.0010000000474974513 929
1767907092349 0.0010000000474974513 939
1767907093084 0.0010000000474974513 949
1767907093818 0.0010000000474974513 959
1767907094551 0.0010000000474974513 969
1767907095284 0.0010000000474974513 979
1767907096020 0.0010000000474974513 989
1767907096754 0.0010000000474974513 999
1767907097487 0.0010000000474974513 1009
1767907098221 0.0010000000474974513 1019
1767907098957 0.0010000000474974513 1029
1767907099691 0.0010000000474974513 1039
1767907100425 0.0010000000474974513 1049
1767907101160 0.0010000000474974513 1059
1767907101893 0.0010000000474974513 1069
1767907102626 0.0010000000474974513 1079
1767907103360 0.0010000000474974513 1089
1767907104093 0.0010000000474974513 1099
1767907104826 0.0010000000474974513 1109
1767907105560 0.0010000000474974513 1119
1767907106294 0.0010000000474974513 1129
1767907107027 0.0010000000474974513 1139
1767907107761 0.0010000000474974513 1149
1767907108494 0.0010000000474974513 1159
1767907109228 0.0010000000474974513 1169
1767907109961 0.0010000000474974513 1179
1767907110695 0.0010000000474974513 1189
1767907111429 0.0010000000474974513 1199
1767907112163 0.0010000000474974513 1209
1767907112898 0.0010000000474974513 1219
1767907113631 0.0010000000474974513 1229
1767907114366 0.0010000000474974513 1239
1767907115100 0.0010000000474974513 1249
1767907115833 0.0010000000474974513 1259
1767907116568 0.0010000000474974513 1269
1767907117302 0.0010000000474974513 1279
1767907118036 0.0010000000474974513 1289
1767907118770 0.0010000000474974513 1299
1767907119504 0.0010000000474974513 1309
1767907120236 0.0010000000474974513 1319
1767907120970 0.0010000000474974513 1329
1767907121704 0.0010000000474974513 1339
1767907122439 0.0010000000474974513 1349
1767907123173 0.0010000000474974513 1359
1767907123907 0.0010000000474974513 1369
1767907124640 0.0010000000474974513 1379
1767907125373 0.0010000000474974513 1389
1767907126107 0.0010000000474974513 1399
1767907126840 0.0010000000474974513 1409
1767907127575 0.0010000000474974513 1419
1767907128309 0.0010000000474974513 1429
1767907129040 0.0010000000474974513 1439
1767907298569 0.0010000000474974513 1449
1767907299306 0.0010000000474974513 1459
1767907300042 0.0010000000474974513 1469
1767907300777 0.0010000000474974513 1479
1767907301513 0.0010000000474974513 1489
1767907302247 0.0010000000474974513 1499
1767907302982 0.0010000000474974513 1509
1767907303717 0.0010000000474974513 1519
1767907304453 0.0010000000474974513 1529
1767907305190 0.0010000000474974513 1539
1767907305926 0.0010000000474974513 1549
1767907306661 0.0010000000474974513 1559
1767907307397 0.0010000000474974513 1569
1767907308134 0.0010000000474974513 1579
1767907308872 0.0010000000474974513 1589
1767907309609 0.0010000000474974513 1599
1767907310349 0.0010000000474974513 1609
1767907311085 0.0010000000474974513 1619
1767907311820 0.0010000000474974513 1629
1767907312556 0.0010000000474974513 1639
1767907313291 0.0010000000474974513 1649
1767907314026 0.0010000000474974513 1659
1767907314763 0.0010000000474974513 1669
1767907315499 0.0010000000474974513 1679
1767907316235 0.0010000000474974513 1689
1767907316970 0.0010000000474974513 1699
1767907317705 0.0010000000474974513 1709
1767907318440 0.0010000000474974513 1719
1767907319176 0.0010000000474974513 1729
1767907319914 0.0010000000474974513 1739
1767907320649 0.0010000000474974513 1749
1767907321386 0.0010000000474974513 1759
1767907322123 0.0010000000474974513 1769
1767907322858 0.0010000000474974513 1779
1767907323592 0.0010000000474974513 1789
1767907324327 0.0010000000474974513 1799
1767907325063 0.0010000000474974513 1809
1767907325800 0.0010000000474974513 1819
1767907326536 0.0010000000474974513 1829
1767907327272 0.0010000000474974513 1839
1767907328008 0.0010000000474974513 1849
1767907328743 0.0010000000474974513 1859
1767907329477 0.0010000000474974513 1869
1767907330215 0.0010000000474974513 1879
1767907330950 0.0010000000474974513 1889
1767907331687 0.0010000000474974513 1899
1767907332425 0.0010000000474974513 1909
1767907333160 0.0010000000474974513 1919
1767907333897 0.0010000000474974513 1929
1767907334634 0.0010000000474974513 1939
1767907335370 0.0010000000474974513 1949
1767907336106 0.0010000000474974513 1959
1767907336841 0.0010000000474974513 1969
1767907337576 0.0010000000474974513 1979
1767907338312 0.0010000000474974513 1989
1767907339047 0.0010000000474974513 1999
1767907339784 0.0010000000474974513 2009
1767907340522 0.0010000000474974513 2019
1767907341258 0.0010000000474974513 2029
1767907341993 0.0010000000474974513 2039
1767907342728 0.0010000000474974513 2049
1767907343463 0.0010000000474974513 2059
1767907344200 0.0010000000474974513 2069
1767907344934 0.0010000000474974513 2079
1767907345669 0.0010000000474974513 2089
1767907346404 0.0010000000474974513 2099
1767907347140 0.0010000000474974513 2109
1767907347876 0.0010000000474974513 2119
1767907348611 0.0010000000474974513 2129
1767907349347 0.0010000000474974513 2139
1767907350083 0.0010000000474974513 2149
1767907350818 0.0010000000474974513 2159
1767907351553 0.0010000000474974513 2169
1767907352289 0.0010000000474974513 2179
1767907353024 0.0010000000474974513 2189
1767907353760 0.0010000000474974513 2199
1767907354496 0.0010000000474974513 2209
1767907355230 0.0010000000474974513 2219
1767907355965 0.0010000000474974513 2229
1767907356701 0.0010000000474974513 2239
1767907357436 0.0010000000474974513 2249
1767907358172 0.0010000000474974513 2259
1767907358908 0.0010000000474974513 2269
1767907359645 0.0010000000474974513 2279
1767907360381 0.0010000000474974513 2289
1767907361118 0.0010000000474974513 2299
1767907361853 0.0010000000474974513 2309
1767907362591 0.0010000000474974513 2319
1767907363325 0.0010000000474974513 2329
1767907364059 0.0010000000474974513 2339
1767907364796 0.0010000000474974513 2349
1767907365530 0.0010000000474974513 2359
1767907366266 0.0010000000474974513 2369
1767907367000 0.0010000000474974513 2379
1767907367736 0.0010000000474974513 2389
1767907368473 0.0010000000474974513 2399
1767907369208 0.0010000000474974513 2409
1767907369943 0.0010000000474974513 2419
1767907370679 0.0010000000474974513 2429
1767907371414 0.0010000000474974513 2439
1767907372149 0.0010000000474974513 2449
1767907372885 0.0010000000474974513 2459
1767907373620 0.0010000000474974513 2469
1767907374356 0.0010000000474974513 2479
1767907375092 0.0010000000474974513 2489
1767907375826 0.0010000000474974513 2499
1767907376564 0.0010000000474974513 2509
1767907377300 0.0010000000474974513 2519
1767907378034 0.0010000000474974513 2529
1767907378769 0.0010000000474974513 2539
1767907379504 0.0010000000474974513 2549
1767907380239 0.0010000000474974513 2559
1767907380976 0.0010000000474974513 2569
1767907381711 0.0010000000474974513 2579
1767907382446 0.0010000000474974513 2589
1767907383182 0.0010000000474974513 2599
1767907383917 0.0010000000474974513 2609
1767907384653 0.0010000000474974513 2619
1767907385388 0.0010000000474974513 2629
1767907386126 0.0010000000474974513 2639
1767907386864 0.0010000000474974513 2649
1767907387599 0.0010000000474974513 2659
1767907388333 0.0010000000474974513 2669
1767907389068 0.0010000000474974513 2679
1767907389803 0.0010000000474974513 2689
1767907390538 0.0010000000474974513 2699
1767907391273 0.0010000000474974513 2709
1767907392007 0.0010000000474974513 2719
1767907392743 0.0010000000474974513 2729
1767907393477 0.0010000000474974513 2739
1767907394213 0.0010000000474974513 2749
1767907394951 0.0010000000474974513 2759
1767907395687 0.0010000000474974513 2769
1767907396423 0.0010000000474974513 2779
1767907397158 0.0010000000474974513 2789
1767907397893 0.0010000000474974513 2799
1767907398628 0.0010000000474974513 2809
1767907399362 0.0010000000474974513 2819
1767907400097 0.0010000000474974513 2829
1767907400831 0.0010000000474974513 2839
1767907401566 0.0010000000474974513 2849
1767907402299 0.0010000000474974513 2859
1767907403035 0.0010000000474974513 2869
1767907403768 0.0010000000474974513 2879
1767907570357 0.0010000000474974513 2889
1767907571090 0.0010000000474974513 2899
1767907571822 0.0010000000474974513 2909
1767907572556 0.0010000000474974513 2919
1767907573288 0.0010000000474974513 2929
1767907574020 0.0010000000474974513 2939
1767907574755 0.0010000000474974513 2949
1767907575491 0.0010000000474974513 2959
1767907576225 0.0010000000474974513 2969
1767907576960 0.0010000000474974513 2979
1767907577696 0.0010000000474974513 2989
1767907578432 0.0010000000474974513 2999
1767907579168 0.0010000000474974513 3009
1767907579903 0.0010000000474974513 3019
1767907580639 0.0010000000474974513 3029
1767907581374 0.0010000000474974513 3039
1767907582110 0.0010000000474974513 3049
1767907582847 0.0010000000474974513 3059
1767907583585 0.0010000000474974513 3069
1767907584324 0.0010000000474974513 3079
1767907585061 0.0010000000474974513 3089
1767907585797 0.0010000000474974513 3099
1767907586534 0.0010000000474974513 3109
1767907587270 0.0010000000474974513 3119
1767907588007 0.0010000000474974513 3129
1767907588745 0.0010000000474974513 3139
1767907589482 0.0010000000474974513 3149
1767907590220 0.0010000000474974513 3159
1767907590960 0.0010000000474974513 3169
1767907591705 0.0010000000474974513 3179
1767907592480 0.0010000000474974513 3189
1767907593223 0.0010000000474974513 3199
1767907593957 0.0010000000474974513 3209
1767907594695 0.0010000000474974513 3219
1767907595430 0.0010000000474974513 3229
1767907596166 0.0010000000474974513 3239
1767907596901 0.0010000000474974513 3249
1767907597635 0.0010000000474974513 3259
1767907598370 0.0010000000474974513 3269
1767907599105 0.0010000000474974513 3279
1767907599845 0.0010000000474974513 3289
1767907600577 0.0010000000474974513 3299
1767907601312 0.0010000000474974513 3309
1767907602049 0.0010000000474974513 3319
1767907602784 0.0010000000474974513 3329
1767907603521 0.0010000000474974513 3339
1767907604257 0.0010000000474974513 3349
1767907604995 0.0010000000474974513 3359
1767907605730 0.0010000000474974513 3369
1767907606464 0.0010000000474974513 3379
1767907607200 0.0010000000474974513 3389
1767907607935 0.0010000000474974513 3399
1767907608673 0.0010000000474974513 3409
1767907609407 0.0010000000474974513 3419
1767907610141 0.0010000000474974513 3429
1767907610877 0.0010000000474974513 3439
1767907611611 0.0010000000474974513 3449
1767907612344 0.0010000000474974513 3459
1767907613081 0.0010000000474974513 3469
1767907613815 0.0010000000474974513 3479
1767907614550 0.0010000000474974513 3489
1767907615285 0.0010000000474974513 3499
1767907616020 0.0010000000474974513 3509
1767907616752 0.0010000000474974513 3519
1767907617488 0.0010000000474974513 3529
1767907618223 0.0010000000474974513 3539
1767907618958 0.0010000000474974513 3549
1767907619696 0.0010000000474974513 3559
1767907620430 0.0010000000474974513 3569
1767907621167 0.0010000000474974513 3579
1767907621902 0.0010000000474974513 3589
1767907622636 0.0010000000474974513 3599
1767907623373 0.0010000000474974513 3609
1767907624108 0.0010000000474974513 3619
1767907624844 0.0010000000474974513 3629
1767907625581 0.0010000000474974513 3639
1767907626316 0.0010000000474974513 3649
1767907627049 0.0010000000474974513 3659
1767907627785 0.0010000000474974513 3669
1767907628519 0.0010000000474974513 3679
1767907629254 0.0010000000474974513 3689
1767907629991 0.0010000000474974513 3699
1767907630727 0.0010000000474974513 3709
1767907631462 0.0010000000474974513 3719
1767907632196 0.0010000000474974513 3729
1767907632932 0.0010000000474974513 3739
1767907633669 0.0010000000474974513 3749
1767907634404 0.0010000000474974513 3759
1767907635139 0.0010000000474974513 3769
1767907635873 0.0010000000474974513 3779
1767907636608 0.0010000000474974513 3789
1767907637341 0.0010000000474974513 3799
1767907638077 0.0010000000474974513 3809
1767907638812 0.0010000000474974513 3819
1767907639547 0.0010000000474974513 3829
1767907640282 0.0010000000474974513 3839
1767907641017 0.0010000000474974513 3849
1767907641752 0.0010000000474974513 3859
1767907642485 0.0010000000474974513 3869
1767907643221 0.0010000000474974513 3879
1767907643956 0.0010000000474974513 3889
1767907644692 0.0010000000474974513 3899
1767907645426 0.0010000000474974513 3909
1767907646162 0.0010000000474974513 3919
1767907646895 0.0010000000474974513 3929
1767907647628 0.0010000000474974513 3939
1767907648365 0.0010000000474974513 3949
1767907649099 0.0010000000474974513 3959
1767907649835 0.0010000000474974513 3969
1767907650571 0.0010000000474974513 3979
1767907651305 0.0010000000474974513 3989
1767907652039 0.0010000000474974513 3999
1767907652774 0.0010000000474974513 4009
1767907653511 0.0010000000474974513 4019
1767907654249 0.0010000000474974513 4029
1767907654986 0.0010000000474974513 4039
1767907655721 0.0010000000474974513 4049
1767907656458 0.0010000000474974513 4059
1767907657192 0.0010000000474974513 4069
1767907657929 0.0010000000474974513 4079
1767907658665 0.0010000000474974513 4089
1767907659401 0.0010000000474974513 4099
1767907660136 0.0010000000474974513 4109
1767907660870 0.0010000000474974513 4119
1767907661603 0.0010000000474974513 4129
1767907662338 0.0010000000474974513 4139
1767907663071 0.0010000000474974513 4149
1767907663805 0.0010000000474974513 4159
1767907664539 0.0010000000474974513 4169
1767907665272 0.0010000000474974513 4179
1767907666008 0.0010000000474974513 4189
1767907666741 0.0010000000474974513 4199
1767907667474 0.0010000000474974513 4209
1767907668209 0.0010000000474974513 4219
1767907668941 0.0010000000474974513 4229
1767907669674 0.0010000000474974513 4239
1767907677224 0.0010000000474974513 4249
1767907677963 0.0010000000474974513 4259
1767907678702 0.0010000000474974513 4269
1767907679440 0.0010000000474974513 4279
1767907680176 0.0010000000474974513 4289
1767907680914 0.0010000000474974513 4299
1767907681649 0.0010000000474974513 4309
1767907682386 0.0010000000474974513 4319
1767907866556 0.0010000000474974513 4329
1767907867294 0.0010000000474974513 4339
1767907868031 0.0010000000474974513 4349
1767907868769 0.0010000000474974513 4359
1767907869506 0.0010000000474974513 4369
1767907870243 0.0010000000474974513 4379
1767907870980 0.0010000000474974513 4389
1767907871717 0.0010000000474974513 4399
1767907872453 0.0010000000474974513 4409
1767907873195 0.0010000000474974513 4419
1767907873931 0.0010000000474974513 4429
1767907874668 0.0010000000474974513 4439
1767907875404 0.0010000000474974513 4449
1767907876138 0.0010000000474974513 4459
1767907876872 0.0010000000474974513 4469
1767907877607 0.0010000000474974513 4479
1767907878344 0.0010000000474974513 4489
1767907879081 0.0010000000474974513 4499
1767907879818 0.0010000000474974513 4509
1767907880554 0.0010000000474974513 4519
1767907881293 0.0010000000474974513 4529
1767907882028 0.0010000000474974513 4539
1767907882767 0.0010000000474974513 4549
1767907883505 0.0010000000474974513 4559
1767907884243 0.0010000000474974513 4569
1767907884980 0.0010000000474974513 4579
1767907885719 0.0010000000474974513 4589
1767907886457 0.0010000000474974513 4599
1767907887197 0.0010000000474974513 4609
1767907887935 0.0010000000474974513 4619
1767907888673 0.0010000000474974513 4629
1767907889412 0.0010000000474974513 4639
1767907890150 0.0010000000474974513 4649
1767907890886 0.0010000000474974513 4659
1767907891622 0.0010000000474974513 4669
1767907892360 0.0010000000474974513 4679
1767907893097 0.0010000000474974513 4689
1767907893836 0.0010000000474974513 4699
1767907894573 0.0010000000474974513 4709
1767907895310 0.0010000000474974513 4719
1767907896048 0.0010000000474974513 4729
1767907896784 0.0010000000474974513 4739
1767907897522 0.0010000000474974513 4749
1767907898258 0.0010000000474974513 4759
1767907898994 0.0010000000474974513 4769
1767907899731 0.0010000000474974513 4779
1767907900469 0.0010000000474974513 4789
1767907901205 0.0010000000474974513 4799
1767907901940 0.0010000000474974513 4809
1767907902677 0.0010000000474974513 4819
1767907903415 0.0010000000474974513 4829
1767907904151 0.0010000000474974513 4839
1767907904888 0.0010000000474974513 4849
1767907905627 0.0010000000474974513 4859
1767907906364 0.0010000000474974513 4869
1767907907100 0.0010000000474974513 4879
1767907907839 0.0010000000474974513 4889
1767907908579 0.0010000000474974513 4899
1767907909317 0.0010000000474974513 4909
1767907910054 0.0010000000474974513 4919
1767907910791 0.0010000000474974513 4929
1767907911527 0.0010000000474974513 4939
1767907912263 0.0010000000474974513 4949
1767907913004 0.0010000000474974513 4959
1767907913746 0.0010000000474974513 4969
1767907914484 0.0010000000474974513 4979
1767907915221 0.0010000000474974513 4989
1767907915961 0.0010000000474974513 4999
1767907916699 0.0010000000474974513 5009
1767907917440 0.0010000000474974513 5019
1767907918179 0.0010000000474974513 5029
1767907918917 0.0010000000474974513 5039
1767907919657 0.0010000000474974513 5049
1767907920396 0.0010000000474974513 5059
1767907921134 0.0010000000474974513 5069
1767907921871 0.0010000000474974513 5079
1767907922607 0.0010000000474974513 5089
1767907923345 0.0010000000474974513 5099
1767907924084 0.0010000000474974513 5109
1767907924822 0.0010000000474974513 5119
1767907925561 0.0010000000474974513 5129
1767907926298 0.0010000000474974513 5139
1767907927035 0.0010000000474974513 5149
1767907927774 0.0010000000474974513 5159
1767907928511 0.0010000000474974513 5169
1767907929249 0.0010000000474974513 5179
1767907929987 0.0010000000474974513 5189
1767907930724 0.0010000000474974513 5199
1767907931462 0.0010000000474974513 5209
1767907932200 0.0010000000474974513 5219
1767907932941 0.0010000000474974513 5229
1767907933680 0.0010000000474974513 5239
1767907934420 0.0010000000474974513 5249
1767907935160 0.0010000000474974513 5259
1767907935900 0.0010000000474974513 5269
1767907936638 0.0010000000474974513 5279
1767907937376 0.0010000000474974513 5289
1767907938117 0.0010000000474974513 5299
1767907938856 0.0010000000474974513 5309
1767907939594 0.0010000000474974513 5319
1767907940333 0.0010000000474974513 5329
1767907941070 0.0010000000474974513 5339
1767907941808 0.0010000000474974513 5349
1767907942543 0.0010000000474974513 5359
1767907943278 0.0010000000474974513 5369
1767907944016 0.0010000000474974513 5379
1767907944752 0.0010000000474974513 5389
1767907945488 0.0010000000474974513 5399
1767907946223 0.0010000000474974513 5409
1767907946959 0.0010000000474974513 5419
1767907947694 0.0010000000474974513 5429
1767907948432 0.0010000000474974513 5439
1767907949168 0.0010000000474974513 5449
1767907949905 0.0010000000474974513 5459
1767907950640 0.0010000000474974513 5469
1767907951375 0.0010000000474974513 5479
1767907952110 0.0010000000474974513 5489
1767907952846 0.0010000000474974513 5499
1767907953581 0.0010000000474974513 5509
1767907954315 0.0010000000474974513 5519
1767907955051 0.0010000000474974513 5529
1767907955786 0.0010000000474974513 5539
1767907956522 0.0010000000474974513 5549
1767907957257 0.0010000000474974513 5559
1767907957995 0.0010000000474974513 5569
1767907958732 0.0010000000474974513 5579
1767907959468 0.0010000000474974513 5589
1767907960206 0.0010000000474974513 5599
1767907960940 0.0010000000474974513 5609
1767907961675 0.0010000000474974513 5619
1767907962411 0.0010000000474974513 5629
1767907963148 0.0010000000474974513 5639
1767907963886 0.0010000000474974513 5649
1767907964623 0.0010000000474974513 5659
1767907965359 0.0010000000474974513 5669
1767907966097 0.0010000000474974513 5679
1767907966833 0.0010000000474974513 5689
1767907967569 0.0010000000474974513 5699
1767907968308 0.0010000000474974513 5709
1767907969045 0.0010000000474974513 5719
1767907969785 0.0010000000474974513 5729
1767907970522 0.0010000000474974513 5739
1767907971259 0.0010000000474974513 5749
1767907971993 0.0010000000474974513 5759
1767908139591 0.0010000000474974513 5769
1767908140325 0.0010000000474974513 5779
1767908141058 0.0010000000474974513 5789
1767908141791 0.0010000000474974513 5799
1767908142525 0.0010000000474974513 5809
1767908143258 0.0010000000474974513 5819
1767908143992 0.0010000000474974513 5829
1767908144727 0.0010000000474974513 5839
1767908145461 0.0010000000474974513 5849
1767908146194 0.0010000000474974513 5859
1767908146929 0.0010000000474974513 5869
1767908147663 0.0010000000474974513 5879
1767908148397 0.0010000000474974513 5889
1767908149131 0.0010000000474974513 5899
1767908149864 0.0010000000474974513 5909
1767908150604 0.0010000000474974513 5919
1767908151338 0.0010000000474974513 5929
1767908152073 0.0010000000474974513 5939
1767908152809 0.0010000000474974513 5949
1767908153544 0.0010000000474974513 5959
1767908154280 0.0010000000474974513 5969
1767908155016 0.0010000000474974513 5979
1767908155750 0.0010000000474974513 5989
1767908156485 0.0010000000474974513 5999
1767908157220 0.0010000000474974513 6009
1767908157956 0.0010000000474974513 6019
1767908158692 0.0010000000474974513 6029
1767908159428 0.0010000000474974513 6039
1767908160164 0.0010000000474974513 6049
1767908160900 0.0010000000474974513 6059
1767908161635 0.0010000000474974513 6069
1767908162370 0.0010000000474974513 6079
1767908163106 0.0010000000474974513 6089
1767908163840 0.0010000000474974513 6099
1767908164576 0.0010000000474974513 6109
1767908165311 0.0010000000474974513 6119
1767908166050 0.0010000000474974513 6129
1767908166786 0.0010000000474974513 6139
1767908167523 0.0010000000474974513 6149
1767908168258 0.0010000000474974513 6159
1767908168995 0.0010000000474974513 6169
1767908169731 0.0010000000474974513 6179
1767908170468 0.0010000000474974513 6189
1767908171205 0.0010000000474974513 6199
1767908171944 0.0010000000474974513 6209
1767908172689 0.0010000000474974513 6219
1767908173427 0.0010000000474974513 6229
1767908174162 0.0010000000474974513 6239
1767908174898 0.0010000000474974513 6249
1767908175632 0.0010000000474974513 6259
1767908176368 0.0010000000474974513 6269
1767908177103 0.0010000000474974513 6279
1767908177837 0.0010000000474974513 6289
1767908178571 0.0010000000474974513 6299
1767908179309 0.0010000000474974513 6309
1767908180047 0.0010000000474974513 6319
1767908180784 0.0010000000474974513 6329
