1768130216024 0.0 9
1768130216611 0.0 19
1768130217200 0.0 29
1768130217791 0.0 39
1768130218378 0.0 49
1768130218962 0.0 59
1768130219548 0.0 69
1768130220136 0.0 79
1768130220722 0.0 89
1768130221309 0.0 99
1768130221896 0.0 109
1768130222482 0.0 119
1768130223070 0.0 129
1768130223658 0.0 139
1768130224245 0.0 149
1768130224832 0.0 159
1768130225420 0.0 169
1768130226008 0.0 179
1768130226595 0.0 189
1768130227182 0.0 199
1768130227771 0.0 209
1768130228356 0.0 219
1768130228943 0.0 229
1768130229530 0.0 239
1768130230116 0.0 249
1768130230705 0.0 259
1768130231292 0.0 269
1768130231886 0.0 279
1768130232474 0.0 289
1768130233062 0.0 299
1768130233650 0.0 309
1768130234237 0.0 319
1768130234823 0.0 329
1768130235410 0.0 339
1768130236000 0.0 349
1768130236588 0.0 359
1768130237175 0.0 369
1768130237767 0.0 379
1768130238354 0.0 389
1768130238943 0.0 399
1768130239531 0.0 409
1768130240119 0.0 419
1768130240708 0.0 429
1768130241296 0.0 439
1768130241884 0.0 449
1768130242472 0.0 459
1768130243058 0.0 469
1768130243646 0.0 479
1768130244234 0.0 489
1768130244821 0.0 499
1768130245408 0.0 509
1768130246001 0.0 519
1768130246592 0.0 529
1768130247182 0.0 539
1768130247771 0.0 549
1768130248371 0.0 559
1768130248961 0.0 569
1768130249552 0.0 579
1768130250142 0.0 589
1768130250731 0.0 599
1768130251321 0.0 609
1768130251913 0.0 619
1768130252502 0.0 629
1768130253093 0.0 639
1768130253684 0.0 649
1768130254277 0.0 659
1768130254866 0.0 669
1768130255456 0.0 679
1768130256046 0.0 689
1768130256636 0.0 699
1768130257227 0.0 709
1768130257817 0.0 719
1768130258407 0.0 729
1768130258994 0.0 739
1768130259581 0.0 749
1768130260171 0.0 759
1768130260759 0.0 769
1768130261349 0.0 779
1768130261938 0.0 789
1768130262528 0.0 799
1768130263119 0.0 809
1768130263707 0.0 819
1768130264295 0.0 829
1768130264883 0.0 839
1768130265473 0.0 849
1768130266061 0.0 859
1768130266652 0.0 869
1768130267240 0.0 879
1768130267830 0.0 889
1768130268425 0.0 899
1768130269015 0.0 909
1768130269605 0.0 919
1768130270194 0.0 929
1768130270785 0.0 939
1768130271374 0.0 949
1768130271962 0.0 959
1768130272554 0.0 969
1768130273145 0.0 979
1768130273736 0.0 989
1768130274326 0.0 999
1768130274916 0.0 1009
1768130275505 0.0 1019
1768130276097 0.0 1029
1768130276688 0.0 1039
1768130277278 0.0 1049
1768130277868 0.0 1059
1768130278460 0.0 1069
1768130279051 0.0 1079
1768130279643 0.0 1089
1768130280233 0.0 1099
1768130280825 0.0 1109
1768130281414 0.0 1119
1768130282005 0.0 1129
1768130282596 0.0 1139
1768130283186 0.0 1149
1768130283776 0.0 1159
1768130284365 0.0 1169
1768130284955 0.0 1179
1768130285545 0.0 1189
1768130286134 0.0 1199
1768130286725 0.0 1209
1768130287311 0.0 1219
1768130287899 0.0 1229
1768130288486 0.0 1239
1768130289076 0.0 1249
1768130289665 0.0 1259
1768130290251 0.0 1269
1768130290841 0.0 1279
1768130291430 0.0 1289
1768130292020 0.0 1299
1768130292610 0.0 1309
1768130293200 0.0 1319
1768130293789 0.0 1329
1768130294379 0.0 1339
1768130294970 0.0 1349
1768130295561 0.0 1359
1768130296150 0.0 1369
1768130296741 0.0 1379
1768130297331 0.0 1389
1768130297921 0.0 1399
1768130298510 0.0 1409
1768130299098 0.0 1419
1768130299685 0.0 1429
1768130300270 0.0 1439
1768130313020 0.0 1439
1768130313296 0.0 1439
1768130313941 1.0 1449
1768130314530 1.0 1459
1768130315120 1.0 1469
1768130315709 1.0 1479
1768130316297 1.0 1489
1768130316886 1.0 1499
1768130317475 1.0 1509
1768130318063 1.0 1519
1768130318651 1.0 1529
1768130319241 1.0 1539
1768130319830 1.0 1549
1768130320418 1.0 1559
1768130321007 1.0 1569
1768130321598 1.0 1579
1768130322185 1.0 1589
1768130322774 1.0 1599
1768130323362 1.0 1609
1768130323950 1.0 1619
1768130324538 1.0 1629
1768130325126 1.0 1639
1768130325716 1.0 1649
1768130326305 1.0 1659
1768130326893 1.0 1669
1768130327481 1.0 1679
1768130328076 1.0 1689
1768130328665 1.0 1699
1768130329252 1.0 1709
1768130329840 1.0 1719
1768130330427 1.0 1729
1768130331017 1.0 1739
1768130331606 1.0 1749
1768130332194 1.0 1759
1768130332781 1.0 1769
1768130333371 1.0 1779
1768130333960 1.0 1789
1768130334548 1.0 1799
1768130335137 1.0 1809
1768130335726 1.0 1819
1768130336314 1.0 1829
1768130336905 1.0 1839
1768130337496 1.0 1849
1768130338086 1.0 1859
1768130338673 1.0 1869
1768130339262 1.0 1879
1768130339851 1.0 1889
1768130340441 1.0 1899
1768130341030 1.0 1909
1768130341620 1.0 1919
1768130342211 1.0 1929
1768130342801 1.0 1939
1768130343390 1.0 1949
1768130343980 1.0 1959
1768130344569 1.0 1969
1768130345160 1.0 1979
1768130345749 1.0 1989
1768130346337 1.0 1999
1768130346927 1.0 2009
1768130347515 1.0 2019
1768130348109 1.0 2029
1768130348698 1.0 2039
1768130349286 1.0 2049
1768130349874 1.0 2059
1768130350464 1.0 2069
1768130351053 1.0 2079
1768130351645 1.0 2089
1768130352236 1.0 2099
1768130352826 1.0 2109
1768130353415 1.0 2119
1768130354005 1.0 2129
1768130354594 1.0 2139
1768130355183 1.0 2149
1768130355772 1.0 2159
1768130356362 1.0 2169
1768130356954 1.0 2179
1768130357543 1.0 2189
1768130358134 1.0 2199
1768130358723 1.0 2209
1768130359312 1.0 2219
1768130359902 1.0 2229
1768130360493 1.0 2239
1768130361084 1.0 2249
1768130361674 1.0 2259
1768130362263 1.0 2269
1768130362852 1.0 2279
1768130363441 1.0 2289
1768130364031 1.0 2299
1768130364622 1.0 2309
1768130365211 1.0 2319
1768130365802 1.0 2329
1768130366393 1.0 2339
1768130366982 1.0 2349
1768130367571 1.0 2359
1768130368166 1.0 2369
1768130368756 1.0 2379
1768130369345 1.0 2389
1768130369934 1.0 2399
1768130370524 1.0 2409
1768130371113 1.0 2419
1768130371703 1.0 2429
1768130372293 1.0 2439
1768130372883 1.0 2449
1768130373472 1.0 2459
1768130374063 1.0 2469
1768130374652 1.0 2479
1768130375241 1.0 2489
1768130375828 1.0 2499
1768130376417 1.0 2509
1768130377008 1.0 2519
1768130377597 1.0 2529
1768130378186 1.0 2539
1768130378775 1.0 2549
1768130379364 1.0 2559
1768130379953 1.0 2569
1768130380543 1.0 2579
1768130381132 1.0 2589
1768130381723 1.0 2599
1768130382312 1.0 2609
1768130382903 1.0 2619
1768130383491 1.0 2629
1768130384080 1.0 2639
1768130384670 1.0 2649
1768130385258 1.0 2659
1768130385847 1.0 2669
1768130386437 1.0 2679
1768130387027 1.0 2689
1768130387616 1.0 2699
1768130388213 1.0 2709
1768130388805 1.0 2719
1768130389395 1.0 2729
1768130389984 1.0 2739
1768130390572 1.0 2749
1768130391161 1.0 2759
1768130391751 1.0 2769
1768130392341 1.0 2779
1768130392931 1.0 2789
1768130393520 1.0 2799
1768130394110 1.0 2809
1768130394699 1.0 2819
1768130395288 1.0 2829
1768130395876 1.0 2839
1768130396466 1.0 2849
1768130397057 1.0 2859
1768130397647 1.0 2869
1768130398235 1.0 2879
1768130411041 1.0 2879
1768130411043 1.0 2879
1768130411692 2.0 2889
1768130412281 2.0 2899
1768130412872 2.0 2909
1768130413461 2.0 2919
1768130414050 2.0 2929
1768130414639 2.0 2939
1768130415228 2.0 2949
1768130415816 2.0 2959
1768130416404 2.0 2969
1768130416994 2.0 2979
1768130417583 2.0 2989
1768130418173 2.0 2999
1768130418761 2.0 3009
1768130419350 2.0 3019
1768130419939 2.0 3029
1768130420528 2.0 3039
1768130421118 2.0 3049
1768130421708 2.0 3059
1768130422298 2.0 3069
1768130422888 2.0 3079
1768130423476 2.0 3089
1768130424066 2.0 3099
1768130424656 2.0 3109
1768130425246 2.0 3119
1768130425835 2.0 3129
1768130426425 2.0 3139
1768130427015 2.0 3149
1768130427604 2.0 3159
1768130428206 2.0 3169
1768130428796 2.0 3179
1768130429386 2.0 3189
1768130429977 2.0 3199
1768130430566 2.0 3209
1768130431155 2.0 3219
1768130431745 2.0 3229
1768130432334 2.0 3239
1768130432922 2.0 3249
1768130433511 2.0 3259
1768130434101 2.0 3269
1768130434690 2.0 3279
1768130435281 2.0 3289
1768130435869 2.0 3299
1768130436460 2.0 3309
1768130437051 2.0 3319
1768130437642 2.0 3329
1768130438232 2.0 3339
1768130438820 2.0 3349
1768130439409 2.0 3359
1768130439997 2.0 3369
1768130440586 2.0 3379
1768130441175 2.0 3389
1768130441766 2.0 3399
1768130442354 2.0 3409
1768130442943 2.0 3419
1768130443533 2.0 3429
1768130444121 2.0 3439
1768130444711 2.0 3449
1768130445300 2.0 3459
1768130445890 2.0 3469
1768130446479 2.0 3479
1768130447069 2.0 3489
1768130447660 2.0 3499
1768130448249 2.0 3509
1768130448839 2.0 3519
1768130449430 2.0 3529
1768130450020 2.0 3539
1768130450609 2.0 3549
1768130451198 2.0 3559
1768130451788 2.0 3569
1768130452375 2.0 3579
1768130452962 2.0 3589
1768130453553 2.0 3599
1768130454142 2.0 3609
1768130454732 2.0 3619
1768130455322 2.0 3629
1768130455912 2.0 3639
1768130456501 2.0 3649
1768130457091 2.0 3659
1768130457681 2.0 3669
1768130458272 2.0 3679
1768130458861 2.0 3689
1768130459451 2.0 3699
1768130460043 2.0 3709
1768130460634 2.0 3719
1768130461226 2.0 3729
1768130461819 2.0 3739
1768130462409 2.0 3749
1768130462999 2.0 3759
1768130463589 2.0 3769
1768130464180 2.0 3779
1768130464771 2.0 3789
1768130465360 2.0 3799
1768130465951 2.0 3809
1768130466542 2.0 3819
1768130467133 2.0 3829
1768130467723 2.0 3839
1768130468312 2.0 3849
1768130468900 2.0 3859
1768130469491 2.0 3869
1768130470083 2.0 3879
1768130470672 2.0 3889
1768130471260 2.0 3899
1768130471850 2.0 3909
1768130472442 2.0 3919
1768130473033 2.0 3929
1768130473622 2.0 3939
1768130474213 2.0 3949
1768130474802 2.0 3959
1768130475389 2.0 3969
1768130475980 2.0 3979
1768130476570 2.0 3989
1768130477159 2.0 3999
1768130477748 2.0 4009
1768130478338 2.0 4019
1768130478926 2.0 4029
1768130479515 2.0 4039
1768130480106 2.0 4049
1768130480694 2.0 4059
1768130481284 2.0 4069
1768130481873 2.0 4079
1768130482464 2.0 4089
1768130483053 2.0 4099
1768130483642 2.0 4109
1768130484233 2.0 4119
1768130484821 2.0 4129
1768130485411 2.0 4139
1768130486002 2.0 4149
1768130486591 2.0 4159
1768130487180 2.0 4169
1768130487770 2.0 4179
1768130488369 2.0 4189
1768130488959 2.0 4199
1768130489547 2.0 4209
1768130490136 2.0 4219
1768130490726 2.0 4229
1768130491315 2.0 4239
1768130491905 2.0 4249
1768130492495 2.0 4259
1768130493084 2.0 4269
1768130493673 2.0 4279
1768130494264 2.0 4289
1768130494854 2.0 4299
1768130495444 2.0 4309
1768130496031 2.0 4319
1768130508861 2.0 4319
1768130508863 2.0 4319
1768130509511 3.0 4329
1768130510101 3.0 4339
1768130510694 3.0 4349
1768130511283 3.0 4359
1768130511871 3.0 4369
1768130512460 3.0 4379
1768130513049 3.0 4389
1768130513639 3.0 4399
1768130514228 3.0 4409
1768130514818 3.0 4419
1768130515407 3.0 4429
1768130515996 3.0 4439
1768130516584 3.0 4449
1768130517174 3.0 4459
1768130517764 3.0 4469
1768130518352 3.0 4479
1768130518943 3.0 4489
1768130519534 3.0 4499
1768130520124 3.0 4509
1768130520714 3.0 4519
1768130521303 3.0 4529
1768130521892 3.0 4539
1768130522481 3.0 4549
1768130523070 3.0 4559
1768130523659 3.0 4569
1768130524248 3.0 4579
1768130524837 3.0 4589
1768130525428 3.0 4599
1768130526017 3.0 4609
1768130526607 3.0 4619
1768130527196 3.0 4629
1768130527786 3.0 4639
1768130528375 3.0 4649
1768130528966 3.0 4659
1768130529557 3.0 4669
1768130530147 3.0 4679
1768130530737 3.0 4689
1768130531329 3.0 4699
1768130531918 3.0 4709
1768130532510 3.0 4719
1768130533102 3.0 4729
1768130533693 3.0 4739
1768130534283 3.0 4749
1768130534873 3.0 4759
1768130535465 3.0 4769
1768130536056 3.0 4779
1768130536647 3.0 4789
1768130537240 3.0 4799
1768130537831 3.0 4809
1768130538420 3.0 4819
1768130539008 3.0 4829
1768130539598 3.0 4839
1768130540186 3.0 4849
1768130540776 3.0 4859
1768130541366 3.0 4869
1768130541954 3.0 4879
1768130542542 3.0 4889
1768130543132 3.0 4899
1768130543721 3.0 4909
1768130544310 3.0 4919
1768130544900 3.0 4929
1768130545489 3.0 4939
1768130546075 3.0 4949
1768130546664 3.0 4959
1768130547254 3.0 4969
1768130547842 3.0 4979
1768130548432 3.0 4989
1768130549021 3.0 4999
1768130549611 3.0 5009
1768130550202 3.0 5019
1768130550791 3.0 5029
1768130551381 3.0 5039
1768130551969 3.0 5049
1768130552559 3.0 5059
1768130553148 3.0 5069
1768130553738 3.0 5079
1768130554327 3.0 5089
1768130554916 3.0 5099
1768130555506 3.0 5109
1768130556095 3.0 5119
1768130556684 3.0 5129
1768130557272 3.0 5139
1768130557865 3.0 5149
1768130558453 3.0 5159
1768130559042 3.0 5169
1768130559631 3.0 5179
1768130560219 3.0 5189
1768130560808 3.0 5199
1768130561396 3.0 5209
1768130561985 3.0 5219
1768130562575 3.0 5229
1768130563163 3.0 5239
1768130563754 3.0 5249
1768130564343 3.0 5259
1768130564934 3.0 5269
1768130565523 3.0 5279
1768130566113 3.0 5289
1768130566701 3.0 5299
1768130567290 3.0 5309
1768130567881 3.0 5319
1768130568470 3.0 5329
1768130569059 3.0 5339
1768130569647 3.0 5349
1768130570234 3.0 5359
1768130570821 3.0 5369
1768130571408 3.0 5379
1768130571997 3.0 5389
1768130572586 3.0 5399
1768130573174 3.0 5409
1768130573766 3.0 5419
1768130574355 3.0 5429
1768130574943 3.0 5439
1768130575531 3.0 5449
1768130576122 3.0 5459
1768130576712 3.0 5469
1768130577301 3.0 5479
1768130577890 3.0 5489
1768130578478 3.0 5499
1768130579066 3.0 5509
1768130579655 3.0 5519
1768130580244 3.0 5529
1768130580833 3.0 5539
1768130581422 3.0 5549
1768130582012 3.0 5559
1768130582602 3.0 5569
1768130583190 3.0 5579
1768130583779 3.0 5589
1768130584369 3.0 5599
1768130584958 3.0 5609
1768130585546 3.0 5619
1768130586135 3.0 5629
1768130586723 3.0 5639
1768130587311 3.0 5649
1768130587899 3.0 5659
1768130588487 3.0 5669
1768130589073 3.0 5679
1768130589661 3.0 5689
1768130590250 3.0 5699
1768130590838 3.0 5709
1768130591426 3.0 5719
1768130592014 3.0 5729
1768130592604 3.0 5739
1768130593191 3.0 5749
1768130593778 3.0 5759
1768130606423 3.0 5759
1768130606424 3.0 5759
1768130607076 4.0 5769
1768130607664 4.0 5779
1768130608250 4.0 5789
1768130608839 4.0 5799
1768130609425 4.0 5809
1768130610012 4.0 5819
1768130610600 4.0 5829
1768130611187 4.0 5839
1768130611776 4.0 5849
1768130612365 4.0 5859
1768130612954 4.0 5869
1768130613543 4.0 5879
1768130614133 4.0 5889
1768130614721 4.0 5899
1768130615308 4.0 5909
1768130615897 4.0 5919
1768130616487 4.0 5929
1768130617077 4.0 5939
1768130617666 4.0 5949
1768130618255 4.0 5959
1768130618843 4.0 5969
1768130619430 4.0 5979
1768130620015 4.0 5989
1768130620602 4.0 5999
1768130621190 4.0 6009
1768130621777 4.0 6019
1768130622364 4.0 6029
1768130622952 4.0 6039
1768130623539 4.0 6049
1768130624127 4.0 6059
1768130624716 4.0 6069
1768130625304 4.0 6079
1768130625892 4.0 6089
1768130626481 4.0 6099
1768130627069 4.0 6109
1768130627655 4.0 6119
1768130628240 4.0 6129
1768130628829 4.0 6139
1768130629416 4.0 6149
1768130630004 4.0 6159
1768130630592 4.0 6169
1768130631181 4.0 6179
1768130631768 4.0 6189
1768130632355 4.0 6199
1768130632944 4.0 6209
1768130633532 4.0 6219
1768130634118 4.0 6229
1768130634707 4.0 6239
1768130635295 4.0 6249
1768130635882 4.0 6259
1768130636472 4.0 6269
1768130637061 4.0 6279
1768130637649 4.0 6289
1768130638237 4.0 6299
1768130638825 4.0 6309
1768130639414 4.0 6319
1768130640003 4.0 6329
1768130640591 4.0 6339
1768130641180 4.0 6349
1768130641768 4.0 6359
1768130642355 4.0 6369
1768130642945 4.0 6379
1768130643533 4.0 6389
1768130644120 4.0 6399
1768130644705 4.0 6409
1768130645292 4.0 6419
1768130645876 4.0 6429
1768130646462 4.0 6439
1768130647050 4.0 6449
1768130647636 4.0 6459
1768130648224 4.0 6469
1768130648812 4.0 6479
1768130649401 4.0 6489
1768130649988 4.0 6499
1768130650573 4.0 6509
1768130651160 4.0 6519
1768130651745 4.0 6529
1768130652329 4.0 6539
1768130652915 4.0 6549
1768130653503 4.0 6559
1768130654091 4.0 6569
1768130654679 4.0 6579
1768130655269 4.0 6589
1768130655856 4.0 6599
1768130656443 4.0 6609
1768130657031 4.0 6619
1768130657618 4.0 6629
1768130658203 4.0 6639
1768130658789 4.0 6649
1768130659373 4.0 6659
1768130659961 4.0 6669
1768130660549 4.0 6679
1768130661138 4.0 6689
1768130661729 4.0 6699
1768130662318 4.0 6709
1768130662907 4.0 6719
1768130663499 4.0 6729
1768130664088 4.0 6739
1768130664677 4.0 6749
1768130665265 4.0 6759
1768130665853 4.0 6769
1768130666440 4.0 6779
1768130667028 4.0 6789
1768130667616 4.0 6799
1768130668204 4.0 6809
1768130668792 4.0 6819
1768130669380 4.0 6829
1768130669969 4.0 6839
1768130670557 4.0 6849
1768130671145 4.0 6859
1768130671734 4.0 6869
1768130672322 4.0 6879
1768130672909 4.0 6889
1768130673497 4.0 6899
1768130674083 4.0 6909
1768130674668 4.0 6919
1768130675252 4.0 6929
1768130675838 4.0 6939
1768130676422 4.0 6949
1768130677007 4.0 6959
1768130677594 4.0 6969
1768130678179 4.0 6979
1768130678763 4.0 6989
1768130679348 4.0 6999
1768130679935 4.0 7009
1768130680519 4.0 7019
1768130681105 4.0 7029
1768130681690 4.0 7039
1768130682275 4.0 7049
1768130682860 4.0 7059
1768130683445 4.0 7069
1768130684035 4.0 7079
1768130684621 4.0 7089
1768130685208 4.0 7099
1768130685795 4.0 7109
1768130686383 4.0 7119
1768130686969 4.0 7129
1768130687556 4.0 7139
1768130688146 4.0 7149
1768130688734 4.0 7159
1768130689322 4.0 7169
1768130689910 4.0 7179
1768130690496 4.0 7189
1768130691081 4.0 7199
1768130703800 4.0 7199
1768130703802 4.0 7199
1768130704445 5.0 7209
1768130705030 5.0 7219
1768130705617 5.0 7229
1768130706205 5.0 7239
1768130706793 5.0 7249
1768130707380 5.0 7259
1768130707968 5.0 7269
1768130708556 5.0 7279
1768130709141 5.0 7289
1768130709728 5.0 7299
1768130710315 5.0 7309
1768130710902 5.0 7319
1768130711489 5.0 7329
1768130712076 5.0 7339
1768130712664 5.0 7349
1768130713251 5.0 7359
1768130713837 5.0 7369
1768130714426 5.0 7379
1768130715013 5.0 7389
1768130715599 5.0 7399
1768130716186 5.0 7409
1768130716773 5.0 7419
1768130717359 5.0 7429
1768130717945 5.0 7439
1768130718533 5.0 7449
1768130719119 5.0 7459
1768130719705 5.0 7469
1768130720292 5.0 7479
1768130720880 5.0 7489
1768130721469 5.0 7499
1768130722056 5.0 7509
1768130722645 5.0 7519
1768130723233 5.0 7529
1768130723820 5.0 7539
1768130724409 5.0 7549
1768130724997 5.0 7559
1768130725586 5.0 7569
1768130726175 5.0 7579
1768130726764 5.0 7589
1768130727352 5.0 7599
1768130727940 5.0 7609
1768130728529 5.0 7619
1768130729117 5.0 7629
1768130729706 5.0 7639
1768130730294 5.0 7649
1768130730883 5.0 7659
1768130731471 5.0 7669
1768130732058 5.0 7679
1768130732648 5.0 7689
1768130733236 5.0 7699
1768130733825 5.0 7709
1768130734413 5.0 7719
1768130735002 5.0 7729
1768130735590 5.0 7739
1768130736177 5.0 7749
1768130736767 5.0 7759
1768130737356 5.0 7769
1768130737943 5.0 7779
1768130738532 5.0 7789
1768130739120 5.0 7799
1768130739708 5.0 7809
1768130740297 5.0 7819
1768130740886 5.0 7829
1768130741475 5.0 7839
1768130742062 5.0 7849
1768130742650 5.0 7859
1768130743236 5.0 7869
1768130743825 5.0 7879
1768130744410 5.0 7889
1768130744999 5.0 7899
1768130745588 5.0 7909
1768130746175 5.0 7919
1768130746766 5.0 7929
1768130747355 5.0 7939
1768130747943 5.0 7949
1768130748530 5.0 7959
1768130749120 5.0 7969
1768130749708 5.0 7979
1768130750295 5.0 7989
1768130750884 5.0 7999
1768130751472 5.0 8009
1768130752061 5.0 8019
1768130752649 5.0 8029
1768130753240 5.0 8039
1768130753828 5.0 8049
1768130754416 5.0 8059
1768130755006 5.0 8069
1768130755595 5.0 8079
1768130756184 5.0 8089
1768130756772 5.0 8099
1768130757361 5.0 8109
1768130757950 5.0 8119
1768130758538 5.0 8129
1768130759128 5.0 8139
1768130759716 5.0 8149
1768130760305 5.0 8159
1768130760894 5.0 8169
1768130761484 5.0 8179
1768130762072 5.0 8189
1768130762661 5.0 8199
1768130763250 5.0 8209
1768130763836 5.0 8219
1768130764424 5.0 8229
1768130765012 5.0 8239
1768130765601 5.0 8249
1768130766189 5.0 8259
1768130766778 5.0 8269
1768130767368 5.0 8279
1768130767957 5.0 8289
1768130768545 5.0 8299
1768130769134 5.0 8309
1768130769721 5.0 8319
1768130770307 5.0 8329
1768130770894 5.0 8339
1768130771482 5.0 8349
1768130772067 5.0 8359
1768130772654 5.0 8369
1768130773246 5.0 8379
1768130773834 5.0 8389
1768130774421 5.0 8399
1768130775010 5.0 8409
1768130775598 5.0 8419
1768130776185 5.0 8429
1768130776773 5.0 8439
1768130777363 5.0 8449
1768130777951 5.0 8459
1768130778540 5.0 8469
1768130779127 5.0 8479
1768130779715 5.0 8489
1768130780304 5.0 8499
1768130780892 5.0 8509
1768130781480 5.0 8519
1768130782066 5.0 8529
1768130782651 5.0 8539
1768130783236 5.0 8549
1768130783824 5.0 8559
1768130784412 5.0 8569
1768130785000 5.0 8579
1768130785589 5.0 8589
1768130786176 5.0 8599
1768130786765 5.0 8609
1768130787353 5.0 8619
1768130787942 5.0 8629
1768130788529 5.0 8639
1768130801239 5.0 8639
1768130801241 5.0 8639
1768130801904 6.0 8649
1768130802487 6.0 8659
1768130803069 6.0 8669
1768130803653 6.0 8679
1768130804238 6.0 8689
1768130804823 6.0 8699
1768130805407 6.0 8709
1768130805993 6.0 8719
1768130806578 6.0 8729
1768130807162 6.0 8739
1768130807748 6.0 8749
1768130808336 6.0 8759
1768130808923 6.0 8769
1768130809510 6.0 8779
1768130810099 6.0 8789
1768130810684 6.0 8799
1768130811270 6.0 8809
1768130811857 6.0 8819
1768130812445 6.0 8829
1768130813033 6.0 8839
1768130813620 6.0 8849
1768130814209 6.0 8859
1768130814797 6.0 8869
1768130815382 6.0 8879
1768130815968 6.0 8889
1768130816553 6.0 8899
1768130817136 6.0 8909
1768130817719 6.0 8919
1768130818304 6.0 8929
1768130818887 6.0 8939
1768130819470 6.0 8949
1768130820053 6.0 8959
1768130820637 6.0 8969
1768130821221 6.0 8979
1768130821804 6.0 8989
1768130822392 6.0 8999
1768130822980 6.0 9009
1768130823568 6.0 9019
1768130824157 6.0 9029
1768130824743 6.0 9039
1768130825328 6.0 9049
1768130825914 6.0 9059
1768130826500 6.0 9069
1768130827086 6.0 9079
1768130827672 6.0 9089
1768130828259 6.0 9099
1768130828844 6.0 9109
1768130829430 6.0 9119
1768130830015 6.0 9129
1768130830603 6.0 9139
1768130831188 6.0 9149
1768130831773 6.0 9159
1768130832358 6.0 9169
1768130832944 6.0 9179
1768130833528 6.0 9189
1768130834112 6.0 9199
1768130834697 6.0 9209
1768130835281 6.0 9219
1768130835864 6.0 9229
1768130836452 6.0 9239
1768130837039 6.0 9249
1768130837625 6.0 9259
1768130838210 6.0 9269
1768130838799 6.0 9279
1768130839385 6.0 9289
1768130839972 6.0 9299
1768130840559 6.0 9309
1768130841147 6.0 9319
1768130841735 6.0 9329
1768130842322 6.0 9339
1768130842912 6.0 9349
1768130843501 6.0 9359
1768130844088 6.0 9369
1768130844677 6.0 9379
1768130845265 6.0 9389
1768130845852 6.0 9399
1768130846440 6.0 9409
1768130847029 6.0 9419
1768130847617 6.0 9429
1768130848204 6.0 9439
1768130848792 6.0 9449
1768130849376 6.0 9459
1768130849962 6.0 9469
1768130850550 6.0 9479
1768130851139 6.0 9489
1768130851726 6.0 9499
1768130852314 6.0 9509
1768130852902 6.0 9519
1768130853490 6.0 9529
1768130854080 6.0 9539
1768130854669 6.0 9549
1768130855257 6.0 9559
1768130855845 6.0 9569
1768130856430 6.0 9579
1768130857017 6.0 9589
1768130857602 6.0 9599
1768130858187 6.0 9609
1768130858774 6.0 9619
1768130859358 6.0 9629
1768130859943 6.0 9639
1768130860528 6.0 9649
1768130861114 6.0 9659
1768130861699 6.0 9669
1768130862284 6.0 9679
1768130862871 6.0 9689
1768130863456 6.0 9699
1768130864040 6.0 9709
1768130864624 6.0 9719
1768130865211 6.0 9729
1768130865796 6.0 9739
1768130866381 6.0 9749
1768130866967 6.0 9759
1768130867552 6.0 9769
1768130868137 6.0 9779
1768130868722 6.0 9789
1768130869308 6.0 9799
1768130869893 6.0 9809
1768130870477 6.0 9819
1768130871062 6.0 9829
1768130871644 6.0 9839
1768130872228 6.0 9849
1768130872810 6.0 9859
1768130873394 6.0 9869
1768130873977 6.0 9879
1768130874559 6.0 9889
1768130875142 6.0 9899
1768130875724 6.0 9909
1768130876307 6.0 9919
1768130876889 6.0 9929
1768130877473 6.0 9939
1768130878058 6.0 9949
1768130878643 6.0 9959
1768130879229 6.0 9969
1768130879814 6.0 9979
1768130880400 6.0 9989
1768130880985 6.0 9999
1768130881571 6.0 10009
1768130882155 6.0 10019
1768130882739 6.0 10029
1768130883325 6.0 10039
1768130883907 6.0 10049
1768130884490 6.0 10059
1768130885072 6.0 10069
1768130885655 6.0 10079
1768130898411 6.0 10079
1768130898413 6.0 10079
1768130899068 7.0 10089
1768130899657 7.0 10099
1768130900240 7.0 10109
1768130900827 7.0 10119
1768130901417 7.0 10129
1768130902005 7.0 10139
1768130902594 7.0 10149
1768130903182 7.0 10159
1768130903772 7.0 10169
1768130904361 7.0 10179
1768130904951 7.0 10189
1768130905542 7.0 10199
1768130906131 7.0 10209
1768130906721 7.0 10219
1768130907307 7.0 10229
1768130907896 7.0 10239
1768130908483 7.0 10249
1768130909070 7.0 10259
1768130909658 7.0 10269
1768130910245 7.0 10279
1768130910832 7.0 10289
1768130911419 7.0 10299
1768130912008 7.0 10309
1768130912595 7.0 10319
1768130913181 7.0 10329
1768130913769 7.0 10339
1768130914354 7.0 10349
1768130914938 7.0 10359
1768130915524 7.0 10369
1768130916111 7.0 10379
1768130916697 7.0 10389
1768130917282 7.0 10399
1768130917869 7.0 10409
1768130918453 7.0 10419
1768130919038 7.0 10429
1768130919623 7.0 10439
1768130920209 7.0 10449
1768130920793 7.0 10459
1768130921380 7.0 10469
1768130921967 7.0 10479
1768130922556 7.0 10489
1768130923145 7.0 10499
1768130923732 7.0 10509
1768130924321 7.0 10519
1768130924909 7.0 10529
1768130925496 7.0 10539
1768130926085 7.0 10549
1768130926673 7.0 10559
1768130927261 7.0 10569
1768130927846 7.0 10579
1768130928434 7.0 10589
1768130929020 7.0 10599
1768130929606 7.0 10609
1768130930195 7.0 10619
1768130930783 7.0 10629
1768130931370 7.0 10639
1768130931957 7.0 10649
1768130932546 7.0 10659
1768130933133 7.0 10669
1768130933719 7.0 10679
1768130934306 7.0 10689
1768130934892 7.0 10699
1768130935477 7.0 10709
1768130936062 7.0 10719
1768130936649 7.0 10729
1768130937237 7.0 10739
1768130937825 7.0 10749
1768130938416 7.0 10759
1768130939004 7.0 10769
1768130939592 7.0 10779
1768130940182 7.0 10789
1768130940772 7.0 10799
1768130941360 7.0 10809
1768130941949 7.0 10819
1768130942539 7.0 10829
1768130943128 7.0 10839
1768130943716 7.0 10849
1768130944306 7.0 10859
1768130944894 7.0 10869
1768130945482 7.0 10879
1768130946070 7.0 10889
1768130946660 7.0 10899
1768130947250 7.0 10909
1768130947837 7.0 10919
1768130948427 7.0 10929
1768130949015 7.0 10939
1768130949604 7.0 10949
1768130950192 7.0 10959
1768130950782 7.0 10969
1768130951369 7.0 10979
1768130951956 7.0 10989
1768130952544 7.0 10999
1768130953131 7.0 11009
1768130953717 7.0 11019
1768130954304 7.0 11029
1768130954891 7.0 11039
1768130955477 7.0 11049
1768130956063 7.0 11059
1768130956652 7.0 11069
1768130957241 7.0 11079
1768130957828 7.0 11089
1768130958417 7.0 11099
1768130959006 7.0 11109
1768130959594 7.0 11119
1768130960181 7.0 11129
1768130960773 7.0 11139
1768130961363 7.0 11149
1768130961953 7.0 11159
1768130962542 7.0 11169
1768130963133 7.0 11179
1768130963722 7.0 11189
1768130964312 7.0 11199
1768130964904 7.0 11209
1768130965493 7.0 11219
1768130966083 7.0 11229
1768130966674 7.0 11239
1768130967265 7.0 11249
1768130967855 7.0 11259
1768130968444 7.0 11269
1768130969036 7.0 11279
1768130969625 7.0 11289
1768130970215 7.0 11299
1768130970805 7.0 11309
1768130971396 7.0 11319
1768130971985 7.0 11329
1768130972576 7.0 11339
1768130973166 7.0 11349
1768130973755 7.0 11359
1768130974344 7.0 11369
1768130974934 7.0 11379
1768130975522 7.0 11389
1768130976112 7.0 11399
1768130976701 7.0 11409
1768130977287 7.0 11419
1768130977872 7.0 11429
1768130978458 7.0 11439
1768130979046 7.0 11449
1768130979633 7.0 11459
1768130980220 7.0 11469
1768130980808 7.0 11479
1768130981397 7.0 11489
1768130981985 7.0 11499
1768130982572 7.0 11509
1768130983160 7.0 11519
1768130995906 7.0 11519
1768130995908 7.0 11519
1768130996561 8.0 11529
1768130997145 8.0 11539
1768130997732 8.0 11549
1768130998318 8.0 11559
1768130998904 8.0 11569
1768130999491 8.0 11579
1768131000078 8.0 11589
1768131000665 8.0 11599
1768131001256 8.0 11609
1768131001842 8.0 11619
1768131002430 8.0 11629
1768131003017 8.0 11639
1768131003604 8.0 11649
1768131004190 8.0 11659
1768131004776 8.0 11669
1768131005362 8.0 11679
1768131005948 8.0 11689
1768131006533 8.0 11699
1768131007120 8.0 11709
1768131007708 8.0 11719
1768131008297 8.0 11729
1768131008886 8.0 11739
1768131009475 8.0 11749
1768131010062 8.0 11759
1768131010650 8.0 11769
1768131011235 8.0 11779
1768131011820 8.0 11789
1768131012406 8.0 11799
1768131012993 8.0 11809
1768131013583 8.0 11819
1768131014170 8.0 11829
1768131014756 8.0 11839
1768131015342 8.0 11849
1768131015930 8.0 11859
1768131016516 8.0 11869
1768131017104 8.0 11879
1768131017690 8.0 11889
1768131018276 8.0 11899
1768131018861 8.0 11909
1768131019446 8.0 11919
1768131020037 8.0 11929
1768131020625 8.0 11939
1768131021213 8.0 11949
1768131021802 8.0 11959
1768131022390 8.0 11969
1768131022978 8.0 11979
1768131023566 8.0 11989
1768131024155 8.0 11999
1768131024744 8.0 12009
1768131025332 8.0 12019
1768131025921 8.0 12029
1768131026506 8.0 12039
1768131027093 8.0 12049
1768131027681 8.0 12059
1768131028270 8.0 12069
1768131028858 8.0 12079
1768131029446 8.0 12089
1768131030034 8.0 12099
1768131030621 8.0 12109
1768131031209 8.0 12119
1768131031798 8.0 12129
1768131032387 8.0 12139
1768131032975 8.0 12149
1768131033563 8.0 12159
1768131034151 8.0 12169
1768131034737 8.0 12179
1768131035326 8.0 12189
1768131035916 8.0 12199
1768131036504 8.0 12209
1768131037092 8.0 12219
1768131037678 8.0 12229
1768131038267 8.0 12239
1768131038856 8.0 12249
1768131039444 8.0 12259
1768131040032 8.0 12269
1768131040620 8.0 12279
1768131041208 8.0 12289
1768131041797 8.0 12299
1768131042388 8.0 12309
1768131042975 8.0 12319
1768131043562 8.0 12329
1768131044151 8.0 12339
1768131044737 8.0 12349
1768131045322 8.0 12359
1768131045908 8.0 12369
1768131046493 8.0 12379
1768131047078 8.0 12389
1768131047663 8.0 12399
1768131048250 8.0 12409
1768131048835 8.0 12419
1768131049420 8.0 12429
1768131050005 8.0 12439
1768131050590 8.0 12449
1768131051175 8.0 12459
1768131051761 8.0 12469
1768131052346 8.0 12479
1768131052931 8.0 12489
1768131053516 8.0 12499
1768131054102 8.0 12509
1768131054688 8.0 12519
1768131055274 8.0 12529
1768131055859 8.0 12539
1768131056446 8.0 12549
1768131057031 8.0 12559
1768131057616 8.0 12569
1768131058202 8.0 12579
1768131058789 8.0 12589
1768131059374 8.0 12599
1768131059959 8.0 12609
1768131060550 8.0 12619
1768131061137 8.0 12629
1768131061725 8.0 12639
1768131062312 8.0 12649
1768131062900 8.0 12659
1768131063486 8.0 12669
1768131064074 8.0 12679
1768131064664 8.0 12689
1768131065254 8.0 12699
1768131065840 8.0 12709
1768131066427 8.0 12719
1768131067015 8.0 12729
1768131067603 8.0 12739
1768131068193 8.0 12749
1768131068782 8.0 12759
1768131069370 8.0 12769
1768131069958 8.0 12779
1768131070546 8.0 12789
1768131071134 8.0 12799
1768131071721 8.0 12809
1768131072307 8.0 12819
1768131072895 8.0 12829
1768131073482 8.0 12839
1768131074068 8.0 12849
1768131074656 8.0 12859
1768131075241 8.0 12869
1768131075827 8.0 12879
1768131076414 8.0 12889
1768131077001 8.0 12899
1768131077588 8.0 12909
1768131078174 8.0 12919
1768131078762 8.0 12929
1768131079348 8.0 12939
1768131079934 8.0 12949
1768131080519 8.0 12959
1768131093211 8.0 12959
1768131093213 8.0 12959
1768131093867 9.0 12969
1768131094455 9.0 12979
1768131095041 9.0 12989
1768131095629 9.0 12999
1768131096218 9.0 13009
1768131096804 9.0 13019
1768131097395 9.0 13029
1768131097983 9.0 13039
1768131098570 9.0 13049
1768131099161 9.0 13059
1768131099750 9.0 13069
1768131100339 9.0 13079
1768131100926 9.0 13089
1768131101516 9.0 13099
1768131102104 9.0 13109
1768131102692 9.0 13119
1768131103282 9.0 13129
1768131103869 9.0 13139
1768131104457 9.0 13149
1768131105046 9.0 13159
1768131105633 9.0 13169
1768131106219 9.0 13179
1768131106805 9.0 13189
1768131107392 9.0 13199
1768131107978 9.0 13209
1768131108566 9.0 13219
1768131109156 9.0 13229
1768131109745 9.0 13239
1768131110331 9.0 13249
1768131110918 9.0 13259
1768131111505 9.0 13269
1768131112094 9.0 13279
1768131112682 9.0 13289
1768131113269 9.0 13299
1768131113856 9.0 13309
1768131114441 9.0 13319
1768131115026 9.0 13329
1768131115614 9.0 13339
1768131116201 9.0 13349
1768131116787 9.0 13359
1768131117374 9.0 13369
1768131117962 9.0 13379
1768131118548 9.0 13389
1768131119136 9.0 13399
1768131119725 9.0 13409
1768131120312 9.0 13419
1768131120900 9.0 13429
1768131121489 9.0 13439
1768131122074 9.0 13449
1768131122661 9.0 13459
1768131123246 9.0 13469
1768131123836 9.0 13479
1768131124424 9.0 13489
1768131125012 9.0 13499
1768131125602 9.0 13509
1768131126190 9.0 13519
1768131126776 9.0 13529
1768131127365 9.0 13539
1768131127955 9.0 13549
1768131128544 9.0 13559
1768131129133 9.0 13569
1768131129722 9.0 13579
1768131130309 9.0 13589
1768131130896 9.0 13599
1768131131484 9.0 13609
1768131132072 9.0 13619
1768131132660 9.0 13629
1768131133248 9.0 13639
1768131133838 9.0 13649
1768131134426 9.0 13659
1768131135015 9.0 13669
1768131135605 9.0 13679
1768131136194 9.0 13689
1768131136782 9.0 13699
1768131137371 9.0 13709
1768131137961 9.0 13719
1768131138548 9.0 13729
1768131139137 9.0 13739
1768131139728 9.0 13749
1768131140318 9.0 13759
1768131140907 9.0 13769
1768131141497 9.0 13779
1768131142085 9.0 13789
1768131142673 9.0 13799
1768131143261 9.0 13809
1768131143851 9.0 13819
1768131144440 9.0 13829
1768131145028 9.0 13839
1768131145616 9.0 13849
1768131146206 9.0 13859
1768131146795 9.0 13869
1768131147382 9.0 13879
1768131147970 9.0 13889
1768131148558 9.0 13899
1768131149147 9.0 13909
1768131149734 9.0 13919
1768131150323 9.0 13929
1768131150911 9.0 13939
1768131151500 9.0 13949
1768131152090 9.0 13959
1768131152679 9.0 13969
1768131153267 9.0 13979
1768131153855 9.0 13989
1768131154445 9.0 13999
1768131155034 9.0 14009
1768131155622 9.0 14019
1768131156212 9.0 14029
1768131156799 9.0 14039
1768131157387 9.0 14049
1768131157976 9.0 14059
1768131158565 9.0 14069
1768131159153 9.0 14079
1768131159742 9.0 14089
1768131160331 9.0 14099
1768131160919 9.0 14109
1768131161508 9.0 14119
1768131162096 9.0 14129
1768131162684 9.0 14139
1768131163272 9.0 14149
1768131163861 9.0 14159
1768131164450 9.0 14169
1768131165039 9.0 14179
1768131165627 9.0 14189
1768131166217 9.0 14199
1768131166806 9.0 14209
1768131167393 9.0 14219
1768131167982 9.0 14229
1768131168572 9.0 14239
1768131169160 9.0 14249
1768131169749 9.0 14259
1768131170339 9.0 14269
1768131170927 9.0 14279
1768131171515 9.0 14289
1768131172103 9.0 14299
1768131172692 9.0 14309
1768131173281 9.0 14319
1768131173870 9.0 14329
1768131174459 9.0 14339
1768131175048 9.0 14349
1768131175636 9.0 14359
1768131176225 9.0 14369
1768131176814 9.0 14379
1768131177402 9.0 14389
1768131177989 9.0 14399
1768131190671 9.0 14399
1768131190672 9.0 14399
1768131191324 10.0 14409
1768131191910 10.0 14419
1768131192496 10.0 14429
1768131193085 10.0 14439
1768131193672 10.0 14449
1768131194258 10.0 14459
1768131194845 10.0 14469
1768131195431 10.0 14479
1768131196015 10.0 14489
1768131196600 10.0 14499
1768131197186 10.0 14509
1768131197772 10.0 14519
1768131198357 10.0 14529
1768131198944 10.0 14539
1768131199529 10.0 14549
1768131200115 10.0 14559
1768131200699 10.0 14569
1768131201282 10.0 14579
1768131201864 10.0 14589
1768131202446 10.0 14599
1768131203034 10.0 14609
1768131203620 10.0 14619
1768131204206 10.0 14629
1768131204789 10.0 14639
1768131205373 10.0 14649
1768131205956 10.0 14659
1768131206540 10.0 14669
1768131207129 10.0 14679
1768131207717 10.0 14689
1768131208304 10.0 14699
1768131208893 10.0 14709
1768131209482 10.0 14719
1768131210069 10.0 14729
1768131210657 10.0 14739
1768131211244 10.0 14749
1768131211833 10.0 14759
1768131212420 10.0 14769
1768131213007 10.0 14779
1768131213595 10.0 14789
1768131214183 10.0 14799
1768131214770 10.0 14809
1768131215357 10.0 14819
1768131215945 10.0 14829
1768131216533 10.0 14839
1768131217121 10.0 14849
1768131217704 10.0 14859
1768131218289 10.0 14869
1768131218874 10.0 14879
1768131219462 10.0 14889
1768131220049 10.0 14899
1768131220637 10.0 14909
1768131221226 10.0 14919
1768131221814 10.0 14929
1768131222402 10.0 14939
1768131222990 10.0 14949
1768131223577 10.0 14959
1768131224162 10.0 14969
1768131224748 10.0 14979
1768131225333 10.0 14989
1768131225920 10.0 14999
1768131226505 10.0 15009
1768131227090 10.0 15019
1768131227676 10.0 15029
1768131228262 10.0 15039
1768131228847 10.0 15049
1768131229435 10.0 15059
1768131230022 10.0 15069
1768131230610 10.0 15079
1768131231198 10.0 15089
1768131231790 10.0 15099
1768131232377 10.0 15109
1768131232964 10.0 15119
1768131233553 10.0 15129
1768131234141 10.0 15139
1768131234729 10.0 15149
1768131235317 10.0 15159
1768131235906 10.0 15169
1768131236493 10.0 15179
1768131237080 10.0 15189
1768131237669 10.0 15199
1768131238258 10.0 15209
1768131238844 10.0 15219
1768131239432 10.0 15229
1768131240021 10.0 15239
1768131240608 10.0 15249
1768131241196 10.0 15259
1768131241786 10.0 15269
1768131242373 10.0 15279
1768131242960 10.0 15289
1768131243550 10.0 15299
1768131244140 10.0 15309
1768131244727 10.0 15319
1768131245313 10.0 15329
1768131245901 10.0 15339
1768131246488 10.0 15349
1768131247076 10.0 15359
1768131247665 10.0 15369
1768131248253 10.0 15379
1768131248841 10.0 15389
1768131249428 10.0 15399
1768131250015 10.0 15409
1768131250602 10.0 15419
1768131251189 10.0 15429
1768131251776 10.0 15439
1768131252361 10.0 15449
1768131252949 10.0 15459
1768131253537 10.0 15469
1768131254125 10.0 15479
1768131254712 10.0 15489
1768131255300 10.0 15499
1768131255888 10.0 15509
1768131256476 10.0 15519
1768131257064 10.0 15529
1768131257651 10.0 15539
1768131258240 10.0 15549
1768131258828 10.0 15559
1768131259415 10.0 15569
1768131260004 10.0 15579
1768131260590 10.0 15589
1768131261178 10.0 15599
1768131261766 10.0 15609
1768131262354 10.0 15619
1768131262942 10.0 15629
1768131263529 10.0 15639
1768131264118 10.0 15649
1768131264705 10.0 15659
1768131265292 10.0 15669
1768131265880 10.0 15679
1768131266468 10.0 15689
1768131267055 10.0 15699
1768131267642 10.0 15709
1768131268230 10.0 15719
1768131268818 10.0 15729
1768131269406 10.0 15739
1768131269995 10.0 15749
1768131270583 10.0 15759
1768131271170 10.0 15769
1768131271758 10.0 15779
1768131272345 10.0 15789
1768131272933 10.0 15799
1768131273520 10.0 15809
1768131274108 10.0 15819
1768131274695 10.0 15829
1768131275280 10.0 15839
1768131287950 10.0 15839
1768131287952 10.0 15839
