1767206517073 1.2117432355880737 1999
1767207305917 0.500432014465332 3999
1767208094484 0.2688874900341034 5999
1767208882130 0.2048928588628769 7999
1767209669814 0.1645037680864334 9999
1767210457423 0.1489913910627365 11999
1767211245527 0.1268564760684967 13999
1767212033263 0.10852725058794022 15999
1767212820900 0.09172143787145615 17999
1767213608504 0.09269877523183823 19999
1767214396157 0.07813351601362228 21999
1767215183743 0.06985119730234146 23999
1767215971388 0.07477500289678574 25999
1767216758974 0.06457961350679398 27999
1767217546575 0.06250791996717453 29999
1767218334163 0.04937314614653587 31999
1767219121786 0.055096015334129333 33999
