1767894747178 0.0 9
1767894747912 0.0 19
1767894748648 0.0 29
1767894749382 0.0 39
1767894750116 0.0 49
1767894750851 0.0 59
1767894751584 0.0 69
1767894752316 0.0 79
1767894753050 0.0 89
1767894753785 0.0 99
1767894754520 0.0 109
1767894755254 0.0 119
1767894755987 0.0 129
1767894756721 0.0 139
1767894757455 0.0 149
1767894758189 0.0 159
1767894758923 0.0 169
1767894759656 0.0 179
1767894760389 0.0 189
1767894761123 0.0 199
1767894761855 0.0 209
1767894762589 0.0 219
1767894763324 0.0 229
1767894764058 0.0 239
1767894764792 0.0 249
1767894765525 0.0 259
1767894766257 0.0 269
1767894766991 0.0 279
1767894767726 0.0 289
1767894768461 0.0 299
1767894769198 0.0 309
1767894769932 0.0 319
1767894770666 0.0 329
1767894771399 0.0 339
1767894772131 0.0 349
1767894772867 0.0 359
1767894773601 0.0 369
1767894774334 0.0 379
1767894775068 0.0 389
1767894775802 0.0 399
1767894776536 0.0 409
1767894777269 0.0 419
1767894778004 0.0 429
1767894778738 0.0 439
1767894779473 0.0 449
1767894780207 0.0 459
1767894780941 0.0 469
1767894781674 0.0 479
1767894782408 0.0 489
1767894783142 0.0 499
1767894783877 0.0 509
1767894784611 0.0 519
1767894785345 0.0 529
1767894786079 0.0 539
1767894786815 0.0 549
1767894787550 0.0 559
1767894788284 0.0 569
1767894789018 0.0 579
1767894789751 0.0 589
1767894790486 0.0 599
1767894791220 0.0 609
1767894791954 0.0 619
1767894792688 0.0 629
1767894793423 0.0 639
1767894794157 0.0 649
1767894794892 0.0 659
1767894795626 0.0 669
1767894796361 0.0 679
1767894797097 0.0 689
1767894797831 0.0 699
1767894798566 0.0 709
1767894799302 0.0 719
1767894800035 0.0 729
1767894800769 0.0 739
1767894801503 0.0 749
1767894802238 0.0 759
1767894802973 0.0 769
1767894803709 0.0 779
1767894804444 0.0 789
1767894805178 0.0 799
1767894805915 0.0 809
1767894806649 0.0 819
1767894807385 0.0 829
1767894808121 0.0 839
1767894808856 0.0 849
1767894809592 0.0 859
1767894810327 0.0 869
1767894811062 0.0 879
1767894811798 0.0 889
1767894812533 0.0 899
1767894813268 0.0 909
1767894814004 0.0 919
1767894814737 0.0 929
1767894815471 0.0 939
1767894816205 0.0 949
1767894816939 0.0 959
1767894817675 0.0 969
1767894818409 0.0 979
1767894819144 0.0 989
1767894819879 0.0 999
1767894820611 0.0 1009
1767894821344 0.0 1019
1767894822078 0.0 1029
1767894822811 0.0 1039
1767894823545 0.0 1049
1767894824278 0.0 1059
1767894825011 0.0 1069
1767894825745 0.0 1079
1767894826478 0.0 1089
1767894827212 0.0 1099
1767894827946 0.0 1109
1767894828679 0.0 1119
1767894829412 0.0 1129
1767894830147 0.0 1139
1767894830880 0.0 1149
1767894831614 0.0 1159
1767894832347 0.0 1169
1767894833080 0.0 1179
1767894833814 0.0 1189
1767894834547 0.0 1199
1767894835279 0.0 1209
1767894836014 0.0 1219
1767894836747 0.0 1229
1767894837480 0.0 1239
1767894838216 0.0 1249
1767894838949 0.0 1259
1767894839682 0.0 1269
1767894840417 0.0 1279
1767894841149 0.0 1289
1767894841881 0.0 1299
1767894842613 0.0 1309
1767894843346 0.0 1319
1767894844079 0.0 1329
1767894844811 0.0 1339
1767894845542 0.0 1349
1767894879769 0.0 1359
1767894880500 0.0 1369
1767894881233 0.0 1379
1767894881964 0.0 1389
1767894882694 0.0 1399
1767894883427 0.0 1409
1767894884160 0.0 1419
1767894884893 0.0 1429
1767894885625 0.0 1439
1767894911959 0.0 1439
1767894912196 0.0 1439
1767894913000 1.0 1449
1767894913738 1.0 1459
1767894914475 1.0 1469
1767894915210 1.0 1479
1767894915946 1.0 1489
1767894916680 1.0 1499
1767894917415 1.0 1509
1767894918151 1.0 1519
1767894918887 1.0 1529
1767894919623 1.0 1539
1767894920359 1.0 1549
1767894921096 1.0 1559
1767894921832 1.0 1569
1767894922566 1.0 1579
1767894923300 1.0 1589
1767894924036 1.0 1599
1767894924773 1.0 1609
1767894925509 1.0 1619
1767894926245 1.0 1629
1767894926982 1.0 1639
1767894927718 1.0 1649
1767894928455 1.0 1659
1767894929190 1.0 1669
1767894929927 1.0 1679
1767894930665 1.0 1689
1767894931400 1.0 1699
1767894932137 1.0 1709
1767894932873 1.0 1719
1767894933612 1.0 1729
1767894934350 1.0 1739
1767894935087 1.0 1749
1767894935824 1.0 1759
1767894936562 1.0 1769
1767894937296 1.0 1779
1767894938035 1.0 1789
1767894938775 1.0 1799
1767894939509 1.0 1809
1767894940247 1.0 1819
1767894940982 1.0 1829
1767894941717 1.0 1839
1767894942453 1.0 1849
1767894943190 1.0 1859
1767894943926 1.0 1869
1767894944661 1.0 1879
1767894945394 1.0 1889
1767894946127 1.0 1899
1767894946863 1.0 1909
1767894947597 1.0 1919
1767894948332 1.0 1929
1767894949069 1.0 1939
1767894949803 1.0 1949
1767894950537 1.0 1959
1767894951270 1.0 1969
1767894952004 1.0 1979
1767894952739 1.0 1989
1767894953473 1.0 1999
1767894954209 1.0 2009
1767894954943 1.0 2019
1767894955677 1.0 2029
1767894956414 1.0 2039
1767894957146 1.0 2049
1767894957881 1.0 2059
1767894958616 1.0 2069
1767894959352 1.0 2079
1767894960087 1.0 2089
1767894960822 1.0 2099
1767894961556 1.0 2109
1767894962292 1.0 2119
1767894963028 1.0 2129
1767894963765 1.0 2139
1767894964499 1.0 2149
1767894965236 1.0 2159
1767894965971 1.0 2169
1767894966705 1.0 2179
1767894967440 1.0 2189
1767894968178 1.0 2199
1767894968914 1.0 2209
1767894969649 1.0 2219
1767894970384 1.0 2229
1767894971121 1.0 2239
1767894971855 1.0 2249
1767894972591 1.0 2259
1767894973326 1.0 2269
1767894974061 1.0 2279
1767894974796 1.0 2289
1767894975529 1.0 2299
1767894976263 1.0 2309
1767894976998 1.0 2319
1767894977732 1.0 2329
1767894978467 1.0 2339
1767894979205 1.0 2349
1767894979939 1.0 2359
1767894980675 1.0 2369
1767894981412 1.0 2379
1767894982147 1.0 2389
1767894982881 1.0 2399
1767894983617 1.0 2409
1767894984351 1.0 2419
1767894985086 1.0 2429
1767894985821 1.0 2439
1767894986555 1.0 2449
1767894987290 1.0 2459
1767894988025 1.0 2469
1767894988760 1.0 2479
1767894989496 1.0 2489
1767894990232 1.0 2499
1767894990968 1.0 2509
1767894991705 1.0 2519
1767894992440 1.0 2529
1767894993176 1.0 2539
1767894993910 1.0 2549
1767894994645 1.0 2559
1767894995381 1.0 2569
1767894996115 1.0 2579
1767894996849 1.0 2589
1767894997584 1.0 2599
1767894998320 1.0 2609
1767894999059 1.0 2619
1767894999794 1.0 2629
1767895000529 1.0 2639
1767895001266 1.0 2649
1767895002000 1.0 2659
1767895002735 1.0 2669
1767895003473 1.0 2679
1767895004208 1.0 2689
1767895004943 1.0 2699
1767895005680 1.0 2709
1767895006414 1.0 2719
1767895007149 1.0 2729
1767895007885 1.0 2739
1767895008621 1.0 2749
1767895009354 1.0 2759
1767895010089 1.0 2769
1767895010823 1.0 2779
1767895011563 1.0 2789
1767895012300 1.0 2799
1767895013037 1.0 2809
1767895013772 1.0 2819
1767895014506 1.0 2829
1767895015244 1.0 2839
1767895015981 1.0 2849
1767895016717 1.0 2859
1767895017451 1.0 2869
1767895018188 1.0 2879
1767895024019 1.0 2879
1767895024173 1.0 2879
1767895024985 2.0 2889
1767895025719 2.0 2899
1767895026452 2.0 2909
1767895027184 2.0 2919
1767895027919 2.0 2929
1767895028654 2.0 2939
1767895029391 2.0 2949
1767895030126 2.0 2959
1767895030862 2.0 2969
1767895031596 2.0 2979
1767895032330 2.0 2989
1767895033068 2.0 2999
1767895033803 2.0 3009
1767895034538 2.0 3019
1767895035273 2.0 3029
1767895036009 2.0 3039
1767895036745 2.0 3049
1767895037479 2.0 3059
1767895038214 2.0 3069
1767895038949 2.0 3079
1767895039683 2.0 3089
1767895040420 2.0 3099
1767895041155 2.0 3109
1767895041890 2.0 3119
1767895042625 2.0 3129
1767895043359 2.0 3139
1767895044096 2.0 3149
1767895044830 2.0 3159
1767895045563 2.0 3169
1767895046297 2.0 3179
1767895047030 2.0 3189
1767895047764 2.0 3199
1767895048498 2.0 3209
1767895049232 2.0 3219
1767895049966 2.0 3229
1767895050702 2.0 3239
1767895051436 2.0 3249
1767895052171 2.0 3259
1767895052906 2.0 3269
1767895053643 2.0 3279
1767895054378 2.0 3289
1767895055113 2.0 3299
1767895055849 2.0 3309
1767895056586 2.0 3319
1767895057319 2.0 3329
1767895058053 2.0 3339
1767895058791 2.0 3349
1767895059527 2.0 3359
1767895060265 2.0 3369
1767895060999 2.0 3379
1767895061732 2.0 3389
1767895062468 2.0 3399
1767895063200 2.0 3409
1767895063934 2.0 3419
1767895064669 2.0 3429
1767895065404 2.0 3439
1767895066138 2.0 3449
1767895066874 2.0 3459
1767895067609 2.0 3469
1767895068346 2.0 3479
1767895069082 2.0 3489
1767895069820 2.0 3499
1767895070557 2.0 3509
1767895071291 2.0 3519
1767895072027 2.0 3529
1767895072763 2.0 3539
1767895073499 2.0 3549
1767895074235 2.0 3559
1767895074972 2.0 3569
1767895075706 2.0 3579
1767895076441 2.0 3589
1767895077177 2.0 3599
1767895077911 2.0 3609
1767895078650 2.0 3619
1767895079386 2.0 3629
1767895080121 2.0 3639
1767895080856 2.0 3649
1767895081591 2.0 3659
1767895082325 2.0 3669
1767895083062 2.0 3679
1767895083799 2.0 3689
1767895084534 2.0 3699
1767895085269 2.0 3709
1767895086004 2.0 3719
1767895086740 2.0 3729
1767895087473 2.0 3739
1767895088207 2.0 3749
1767895088944 2.0 3759
1767895089679 2.0 3769
1767895090414 2.0 3779
1767895091152 2.0 3789
1767895091887 2.0 3799
1767895092621 2.0 3809
1767895093359 2.0 3819
1767895094095 2.0 3829
1767895094831 2.0 3839
1767895095565 2.0 3849
1767895096301 2.0 3859
1767895097036 2.0 3869
1767895097769 2.0 3879
1767895098504 2.0 3889
1767895099239 2.0 3899
1767895099975 2.0 3909
1767895100709 2.0 3919
1767895101446 2.0 3929
1767895102180 2.0 3939
1767895102916 2.0 3949
1767895103653 2.0 3959
1767895104390 2.0 3969
1767895105125 2.0 3979
1767895105861 2.0 3989
1767895106595 2.0 3999
1767895107333 2.0 4009
1767895108070 2.0 4019
1767895108807 2.0 4029
1767895109544 2.0 4039
1767895110280 2.0 4049
1767895111014 2.0 4059
1767895111750 2.0 4069
1767895112485 2.0 4079
1767895113220 2.0 4089
1767895113955 2.0 4099
1767895114691 2.0 4109
1767895115427 2.0 4119
1767895116159 2.0 4129
1767895116893 2.0 4139
1767895117628 2.0 4149
1767895118363 2.0 4159
1767895119099 2.0 4169
1767895119837 2.0 4179
1767895120571 2.0 4189
1767895121306 2.0 4199
1767895122041 2.0 4209
1767895122775 2.0 4219
1767895123510 2.0 4229
1767895124245 2.0 4239
1767895124981 2.0 4249
1767895125716 2.0 4259
1767895126451 2.0 4269
1767895127188 2.0 4279
1767895127923 2.0 4289
1767895128661 2.0 4299
1767895129397 2.0 4309
1767895130132 2.0 4319
1767895135973 2.0 4319
1767895135975 2.0 4319
1767895136772 3.0 4329
1767895137505 3.0 4339
1767895138241 3.0 4349
1767895138975 3.0 4359
1767895139710 3.0 4369
1767895140444 3.0 4379
1767895141178 3.0 4389
1767895141913 3.0 4399
1767895142648 3.0 4409
1767895143381 3.0 4419
1767895144116 3.0 4429
1767895144853 3.0 4439
1767895145590 3.0 4449
1767895146325 3.0 4459
1767895147060 3.0 4469
1767895147794 3.0 4479
1767895148528 3.0 4489
1767895149265 3.0 4499
1767895150001 3.0 4509
1767895150734 3.0 4519
1767895151467 3.0 4529
1767895152201 3.0 4539
1767895152934 3.0 4549
1767895153669 3.0 4559
1767895154403 3.0 4569
1767895155139 3.0 4579
1767895155874 3.0 4589
1767895156607 3.0 4599
1767895157342 3.0 4609
1767895158077 3.0 4619
1767895158811 3.0 4629
1767895159547 3.0 4639
1767895160282 3.0 4649
1767895161017 3.0 4659
1767895161751 3.0 4669
1767895162487 3.0 4679
1767895163222 3.0 4689
1767895163957 3.0 4699
1767895164691 3.0 4709
1767895165424 3.0 4719
1767895166159 3.0 4729
1767895166891 3.0 4739
1767895167624 3.0 4749
1767895168360 3.0 4759
1767895169094 3.0 4769
1767895169828 3.0 4779
1767895170563 3.0 4789
1767895171297 3.0 4799
1767895172031 3.0 4809
1767895172766 3.0 4819
1767895173501 3.0 4829
1767895174237 3.0 4839
1767895174972 3.0 4849
1767895175704 3.0 4859
1767895176440 3.0 4869
1767895177174 3.0 4879
1767895177908 3.0 4889
1767895178644 3.0 4899
1767895179378 3.0 4909
1767895180115 3.0 4919
1767895180853 3.0 4929
1767895181589 3.0 4939
1767895182323 3.0 4949
1767895183057 3.0 4959
1767895183791 3.0 4969
1767895184526 3.0 4979
1767895185260 3.0 4989
1767895185995 3.0 4999
1767895186730 3.0 5009
1767895187466 3.0 5019
1767895188201 3.0 5029
1767895188936 3.0 5039
1767895189670 3.0 5049
1767895190405 3.0 5059
1767895191142 3.0 5069
1767895191877 3.0 5079
1767895192618 3.0 5089
1767895193353 3.0 5099
1767895194088 3.0 5109
1767895194824 3.0 5119
1767895195559 3.0 5129
1767895196293 3.0 5139
1767895197027 3.0 5149
1767895197761 3.0 5159
1767895198496 3.0 5169
1767895199232 3.0 5179
1767895199967 3.0 5189
1767895200702 3.0 5199
1767895201439 3.0 5209
1767895202172 3.0 5219
1767895202910 3.0 5229
1767895203644 3.0 5239
1767895204379 3.0 5249
1767895205113 3.0 5259
1767895205848 3.0 5269
1767895206582 3.0 5279
1767895207316 3.0 5289
1767895208051 3.0 5299
1767895208789 3.0 5309
1767895209526 3.0 5319
1767895210260 3.0 5329
1767895210996 3.0 5339
1767895211730 3.0 5349
1767895212464 3.0 5359
1767895213204 3.0 5369
1767895213940 3.0 5379
1767895214676 3.0 5389
1767895215414 3.0 5399
1767895216150 3.0 5409
1767895216886 3.0 5419
1767895217619 3.0 5429
1767895218354 3.0 5439
1767895219089 3.0 5449
1767895219824 3.0 5459
1767895220559 3.0 5469
1767895221296 3.0 5479
1767895222030 3.0 5489
1767895222765 3.0 5499
1767895223502 3.0 5509
1767895224237 3.0 5519
1767895224972 3.0 5529
1767895225708 3.0 5539
1767895226443 3.0 5549
1767895227177 3.0 5559
1767895227912 3.0 5569
1767895228648 3.0 5579
1767895229383 3.0 5589
1767895230119 3.0 5599
1767895230854 3.0 5609
1767895231590 3.0 5619
1767895232323 3.0 5629
1767895233059 3.0 5639
1767895233795 3.0 5649
1767895234529 3.0 5659
1767895235265 3.0 5669
1767895236000 3.0 5679
1767895236735 3.0 5689
1767895237468 3.0 5699
1767895238205 3.0 5709
1767895238940 3.0 5719
1767895239675 3.0 5729
1767895240409 3.0 5739
1767895241149 3.0 5749
1767895241887 3.0 5759
1767895247711 3.0 5759
1767895247712 3.0 5759
1767895248514 4.0 5769
1767895249251 4.0 5779
1767895249987 4.0 5789
1767895250720 4.0 5799
1767895251455 4.0 5809
1767895252190 4.0 5819
1767895252923 4.0 5829
1767895253659 4.0 5839
1767895254394 4.0 5849
1767895255128 4.0 5859
1767895255864 4.0 5869
1767895256600 4.0 5879
1767895257333 4.0 5889
1767895258069 4.0 5899
1767895258804 4.0 5909
1767895259537 4.0 5919
1767895260274 4.0 5929
1767895261008 4.0 5939
1767895261744 4.0 5949
1767895262480 4.0 5959
1767895263216 4.0 5969
1767895263956 4.0 5979
1767895264693 4.0 5989
1767895265431 4.0 5999
1767895266169 4.0 6009
1767895266908 4.0 6019
1767895267645 4.0 6029
1767895268383 4.0 6039
1767895269122 4.0 6049
1767895269860 4.0 6059
1767895270596 4.0 6069
1767895271330 4.0 6079
1767895272065 4.0 6089
1767895272801 4.0 6099
1767895273534 4.0 6109
1767895274268 4.0 6119
1767895275004 4.0 6129
1767895275737 4.0 6139
1767895276472 4.0 6149
1767895277206 4.0 6159
1767895277940 4.0 6169
1767895278673 4.0 6179
1767895279408 4.0 6189
1767895280143 4.0 6199
1767895280877 4.0 6209
1767895281612 4.0 6219
1767895282346 4.0 6229
1767895283080 4.0 6239
1767895283815 4.0 6249
1767895284551 4.0 6259
1767895285286 4.0 6269
1767895286020 4.0 6279
1767895286756 4.0 6289
1767895287491 4.0 6299
1767895288226 4.0 6309
1767895288962 4.0 6319
1767895289699 4.0 6329
1767895290435 4.0 6339
1767895291169 4.0 6349
1767895291904 4.0 6359
1767895292643 4.0 6369
1767895293377 4.0 6379
1767895294111 4.0 6389
1767895294847 4.0 6399
1767895295582 4.0 6409
1767895296318 4.0 6419
1767895297052 4.0 6429
1767895297786 4.0 6439
1767895298522 4.0 6449
1767895299257 4.0 6459
1767895299991 4.0 6469
1767895300725 4.0 6479
1767895301462 4.0 6489
1767895302197 4.0 6499
1767895302932 4.0 6509
1767895303668 4.0 6519
1767895304403 4.0 6529
1767895305139 4.0 6539
1767895305875 4.0 6549
1767895306611 4.0 6559
1767895307346 4.0 6569
1767895308080 4.0 6579
1767895308817 4.0 6589
1767895309552 4.0 6599
1767895310288 4.0 6609
1767895311023 4.0 6619
1767895311759 4.0 6629
1767895312495 4.0 6639
1767895313230 4.0 6649
1767895313966 4.0 6659
1767895314703 4.0 6669
1767895315436 4.0 6679
1767895316171 4.0 6689
1767895316905 4.0 6699
1767895317639 4.0 6709
1767895318374 4.0 6719
1767895319109 4.0 6729
1767895319844 4.0 6739
1767895320579 4.0 6749
1767895321315 4.0 6759
1767895322050 4.0 6769
1767895322786 4.0 6779
1767895323520 4.0 6789
1767895324255 4.0 6799
1767895324992 4.0 6809
1767895325726 4.0 6819
1767895326461 4.0 6829
1767895327200 4.0 6839
1767895327935 4.0 6849
1767895328671 4.0 6859
1767895329408 4.0 6869
1767895330141 4.0 6879
1767895330875 4.0 6889
1767895331610 4.0 6899
1767895332344 4.0 6909
1767895333080 4.0 6919
1767895333816 4.0 6929
1767895334552 4.0 6939
1767895335286 4.0 6949
1767895336020 4.0 6959
1767895336752 4.0 6969
1767895337488 4.0 6979
1767895338222 4.0 6989
1767895338957 4.0 6999
1767895339693 4.0 7009
1767895340428 4.0 7019
1767895341163 4.0 7029
1767895341897 4.0 7039
1767895342632 4.0 7049
1767895343368 4.0 7059
1767895344102 4.0 7069
1767895344836 4.0 7079
1767895345572 4.0 7089
1767895346305 4.0 7099
1767895347039 4.0 7109
1767895347774 4.0 7119
1767895348508 4.0 7129
1767895349245 4.0 7139
1767895349980 4.0 7149
1767895350713 4.0 7159
1767895351447 4.0 7169
1767895352181 4.0 7179
1767895352915 4.0 7189
1767895353650 4.0 7199
1767895359470 4.0 7199
1767895359471 4.0 7199
1767895360279 5.0 7209
1767895361012 5.0 7219
1767895361747 5.0 7229
1767895362481 5.0 7239
1767895363214 5.0 7249
1767895363949 5.0 7259
1767895364682 5.0 7269
1767895365415 5.0 7279
1767895366149 5.0 7289
1767895366886 5.0 7299
1767895367621 5.0 7309
1767895368357 5.0 7319
1767895369092 5.0 7329
1767895369827 5.0 7339
1767895370563 5.0 7349
1767895371297 5.0 7359
1767895372034 5.0 7369
1767895372768 5.0 7379
1767895373502 5.0 7389
1767895374238 5.0 7399
1767895374972 5.0 7409
1767895375706 5.0 7419
1767895376443 5.0 7429
1767895377177 5.0 7439
1767895377911 5.0 7449
1767895378649 5.0 7459
1767895379385 5.0 7469
1767895380122 5.0 7479
1767895380857 5.0 7489
1767895381592 5.0 7499
1767895382329 5.0 7509
1767895383066 5.0 7519
1767895383804 5.0 7529
1767895384540 5.0 7539
1767895385277 5.0 7549
1767895386012 5.0 7559
1767895386747 5.0 7569
1767895387481 5.0 7579
1767895388219 5.0 7589
1767895388953 5.0 7599
1767895389688 5.0 7609
1767895390423 5.0 7619
1767895391158 5.0 7629
1767895391893 5.0 7639
1767895392629 5.0 7649
1767895393365 5.0 7659
1767895394100 5.0 7669
1767895394834 5.0 7679
1767895395568 5.0 7689
1767895396304 5.0 7699
1767895397036 5.0 7709
1767895397770 5.0 7719
1767895398505 5.0 7729
1767895399241 5.0 7739
1767895399976 5.0 7749
1767895400710 5.0 7759
1767895401443 5.0 7769
1767895402177 5.0 7779
1767895402911 5.0 7789
1767895403644 5.0 7799
1767895404380 5.0 7809
1767895405115 5.0 7819
1767895405850 5.0 7829
1767895406585 5.0 7839
1767895407319 5.0 7849
1767895408053 5.0 7859
1767895408789 5.0 7869
1767895409523 5.0 7879
1767895410258 5.0 7889
1767895410993 5.0 7899
1767895411728 5.0 7909
1767895412464 5.0 7919
1767895413199 5.0 7929
1767895413933 5.0 7939
1767895414669 5.0 7949
1767895415403 5.0 7959
1767895416137 5.0 7969
1767895416872 5.0 7979
1767895417608 5.0 7989
1767895418345 5.0 7999
1767895419085 5.0 8009
1767895419822 5.0 8019
1767895420559 5.0 8029
1767895421292 5.0 8039
1767895422028 5.0 8049
1767895422763 5.0 8059
1767895423497 5.0 8069
1767895424234 5.0 8079
1767895424969 5.0 8089
1767895425704 5.0 8099
1767895426439 5.0 8109
1767895427173 5.0 8119
1767895427908 5.0 8129
1767895428644 5.0 8139
1767895429379 5.0 8149
1767895430113 5.0 8159
1767895430848 5.0 8169
1767895431582 5.0 8179
1767895432316 5.0 8189
1767895433051 5.0 8199
1767895433787 5.0 8209
1767895434520 5.0 8219
1767895435256 5.0 8229
1767895435990 5.0 8239
1767895436727 5.0 8249
1767895437461 5.0 8259
1767895438196 5.0 8269
1767895438933 5.0 8279
1767895439668 5.0 8289
1767895440404 5.0 8299
1767895441141 5.0 8309
1767895441875 5.0 8319
1767895442611 5.0 8329
1767895443347 5.0 8339
1767895444084 5.0 8349
1767895444821 5.0 8359
1767895445557 5.0 8369
1767895446292 5.0 8379
1767895447028 5.0 8389
1767895447765 5.0 8399
1767895448500 5.0 8409
1767895449238 5.0 8419
1767895449973 5.0 8429
1767895450708 5.0 8439
1767895451444 5.0 8449
1767895452178 5.0 8459
1767895452913 5.0 8469
1767895453650 5.0 8479
1767895454387 5.0 8489
1767895455124 5.0 8499
1767895455860 5.0 8509
1767895456596 5.0 8519
1767895457333 5.0 8529
1767895458068 5.0 8539
1767895458804 5.0 8549
1767895459540 5.0 8559
1767895460278 5.0 8569
1767895461015 5.0 8579
1767895461750 5.0 8589
1767895462483 5.0 8599
1767895463220 5.0 8609
1767895463955 5.0 8619
1767895464688 5.0 8629
1767895465422 5.0 8639
1767895471285 5.0 8639
1767895471439 5.0 8639
1767895472239 6.0 8649
1767895472973 6.0 8659
1767895473709 6.0 8669
1767895474443 6.0 8679
1767895475177 6.0 8689
1767895475915 6.0 8699
1767895476647 6.0 8709
1767895477380 6.0 8719
1767895478115 6.0 8729
1767895478848 6.0 8739
1767895479582 6.0 8749
1767895480315 6.0 8759
1767895481046 6.0 8769
1767895481779 6.0 8779
1767895482510 6.0 8789
1767895483244 6.0 8799
1767895483977 6.0 8809
1767895484709 6.0 8819
1767895485442 6.0 8829
1767895486177 6.0 8839
1767895486912 6.0 8849
1767895487645 6.0 8859
1767895488381 6.0 8869
1767895489115 6.0 8879
1767895489850 6.0 8889
1767895490583 6.0 8899
1767895491317 6.0 8909
1767895492051 6.0 8919
1767895492785 6.0 8929
1767895493519 6.0 8939
1767895494253 6.0 8949
1767895494987 6.0 8959
1767895495722 6.0 8969
1767895496456 6.0 8979
1767895497188 6.0 8989
1767895497923 6.0 8999
1767895498658 6.0 9009
1767895499393 6.0 9019
1767895500129 6.0 9029
1767895500865 6.0 9039
1767895501600 6.0 9049
1767895502335 6.0 9059
1767895503068 6.0 9069
1767895503802 6.0 9079
1767895504538 6.0 9089
1767895505275 6.0 9099
1767895506009 6.0 9109
1767895506744 6.0 9119
1767895507479 6.0 9129
1767895508216 6.0 9139
1767895508952 6.0 9149
1767895509687 6.0 9159
1767895510423 6.0 9169
1767895511158 6.0 9179
1767895511894 6.0 9189
1767895512630 6.0 9199
1767895513365 6.0 9209
1767895514103 6.0 9219
1767895514840 6.0 9229
1767895515579 6.0 9239
1767895516314 6.0 9249
1767895517050 6.0 9259
1767895517787 6.0 9269
1767895518521 6.0 9279
1767895519258 6.0 9289
1767895519993 6.0 9299
1767895520728 6.0 9309
1767895521463 6.0 9319
1767895522200 6.0 9329
1767895522935 6.0 9339
1767895523671 6.0 9349
1767895524406 6.0 9359
1767895525142 6.0 9369
1767895525877 6.0 9379
1767895526612 6.0 9389
1767895527348 6.0 9399
1767895528085 6.0 9409
1767895528822 6.0 9419
1767895529558 6.0 9429
1767895530293 6.0 9439
1767895531030 6.0 9449
1767895531768 6.0 9459
1767895532505 6.0 9469
1767895533240 6.0 9479
1767895533976 6.0 9489
1767895534714 6.0 9499
1767895535450 6.0 9509
1767895536185 6.0 9519
1767895536923 6.0 9529
1767895537658 6.0 9539
1767895538392 6.0 9549
1767895539130 6.0 9559
1767895539865 6.0 9569
1767895540599 6.0 9579
1767895541336 6.0 9589
1767895542071 6.0 9599
1767895542807 6.0 9609
1767895543543 6.0 9619
1767895544279 6.0 9629
1767895545019 6.0 9639
1767895545755 6.0 9649
1767895546491 6.0 9659
1767895547228 6.0 9669
1767895547965 6.0 9679
1767895548705 6.0 9689
1767895549443 6.0 9699
1767895550178 6.0 9709
1767895550914 6.0 9719
1767895551649 6.0 9729
1767895552383 6.0 9739
1767895553119 6.0 9749
1767895553854 6.0 9759
1767895554588 6.0 9769
1767895555324 6.0 9779
1767895556059 6.0 9789
1767895556794 6.0 9799
1767895557530 6.0 9809
1767895558265 6.0 9819
1767895559001 6.0 9829
1767895559736 6.0 9839
1767895560472 6.0 9849
1767895561207 6.0 9859
1767895561942 6.0 9869
1767895562677 6.0 9879
1767895563412 6.0 9889
1767895564146 6.0 9899
1767895564882 6.0 9909
1767895565618 6.0 9919
1767895566351 6.0 9929
1767895567087 6.0 9939
1767895567822 6.0 9949
1767895568557 6.0 9959
1767895569294 6.0 9969
1767895570028 6.0 9979
1767895570763 6.0 9989
1767895571497 6.0 9999
1767895572232 6.0 10009
1767895572967 6.0 10019
1767895573702 6.0 10029
1767895574437 6.0 10039
1767895575172 6.0 10049
1767895575907 6.0 10059
1767895576644 6.0 10069
1767895577378 6.0 10079
1767895583180 6.0 10079
1767895583182 6.0 10079
1767895583984 7.0 10089
1767895584720 7.0 10099
1767895585455 7.0 10109
1767895586189 7.0 10119
1767895586923 7.0 10129
1767895587657 7.0 10139
1767895588391 7.0 10149
1767895589125 7.0 10159
1767895589859 7.0 10169
1767895590592 7.0 10179
1767895591327 7.0 10189
1767895592061 7.0 10199
1767895592796 7.0 10209
1767895593532 7.0 10219
1767895594267 7.0 10229
1767895595002 7.0 10239
1767895595737 7.0 10249
1767895596471 7.0 10259
1767895597204 7.0 10269
1767895597938 7.0 10279
1767895598673 7.0 10289
1767895599406 7.0 10299
1767895600141 7.0 10309
1767895600875 7.0 10319
1767895601609 7.0 10329
1767895602343 7.0 10339
1767895603077 7.0 10349
1767895603812 7.0 10359
1767895604545 7.0 10369
1767895605281 7.0 10379
1767895606016 7.0 10389
1767895606750 7.0 10399
1767895607486 7.0 10409
1767895608221 7.0 10419
1767895608957 7.0 10429
1767895609693 7.0 10439
1767895610428 7.0 10449
1767895611163 7.0 10459
1767895611899 7.0 10469
1767895612633 7.0 10479
1767895613373 7.0 10489
1767895614109 7.0 10499
1767895614844 7.0 10509
1767895615577 7.0 10519
1767895616312 7.0 10529
1767895617048 7.0 10539
1767895617785 7.0 10549
1767895618523 7.0 10559
1767895619258 7.0 10569
1767895619995 7.0 10579
1767895620730 7.0 10589
1767895621464 7.0 10599
1767895622201 7.0 10609
1767895622937 7.0 10619
1767895623674 7.0 10629
1767895624411 7.0 10639
1767895625147 7.0 10649
1767895625883 7.0 10659
1767895626619 7.0 10669
1767895627354 7.0 10679
1767895628090 7.0 10689
1767895628825 7.0 10699
1767895629560 7.0 10709
1767895630295 7.0 10719
1767895631028 7.0 10729
1767895631762 7.0 10739
1767895632497 7.0 10749
1767895633232 7.0 10759
1767895633967 7.0 10769
1767895634701 7.0 10779
1767895635436 7.0 10789
1767895636171 7.0 10799
1767895636905 7.0 10809
1767895637638 7.0 10819
1767895638374 7.0 10829
1767895639109 7.0 10839
1767895639846 7.0 10849
1767895640585 7.0 10859
1767895641320 7.0 10869
1767895642057 7.0 10879
1767895642797 7.0 10889
1767895643534 7.0 10899
1767895644269 7.0 10909
1767895645007 7.0 10919
1767895645741 7.0 10929
1767895646475 7.0 10939
1767895647208 7.0 10949
1767895647944 7.0 10959
1767895648679 7.0 10969
1767895649413 7.0 10979
1767895650149 7.0 10989
1767895650885 7.0 10999
1767895651619 7.0 11009
1767895652353 7.0 11019
1767895653089 7.0 11029
1767895653824 7.0 11039
1767895654561 7.0 11049
1767895655296 7.0 11059
1767895656030 7.0 11069
1767895656766 7.0 11079
1767895657503 7.0 11089
1767895658240 7.0 11099
1767895658978 7.0 11109
1767895659712 7.0 11119
1767895660447 7.0 11129
1767895661183 7.0 11139
1767895661916 7.0 11149
1767895662651 7.0 11159
1767895663387 7.0 11169
1767895664122 7.0 11179
1767895664858 7.0 11189
1767895665592 7.0 11199
1767895666328 7.0 11209
1767895667062 7.0 11219
1767895667796 7.0 11229
1767895668531 7.0 11239
1767895669269 7.0 11249
1767895670005 7.0 11259
1767895670740 7.0 11269
1767895671474 7.0 11279
1767895672206 7.0 11289
1767895672941 7.0 11299
1767895673677 7.0 11309
1767895674412 7.0 11319
1767895675148 7.0 11329
1767895675883 7.0 11339
1767895676616 7.0 11349
1767895677350 7.0 11359
1767895678085 7.0 11369
1767895678821 7.0 11379
1767895679558 7.0 11389
1767895680293 7.0 11399
1767895681029 7.0 11409
1767895681761 7.0 11419
1767895682494 7.0 11429
1767895683232 7.0 11439
1767895683968 7.0 11449
1767895684703 7.0 11459
1767895685437 7.0 11469
1767895686171 7.0 11479
1767895686905 7.0 11489
1767895687640 7.0 11499
1767895688375 7.0 11509
1767895689112 7.0 11519
1767895694921 7.0 11519
1767895694923 7.0 11519
1767895695727 8.0 11529
1767895696461 8.0 11539
1767895697194 8.0 11549
1767895697929 8.0 11559
1767895698665 8.0 11569
1767895699403 8.0 11579
1767895700139 8.0 11589
1767895700873 8.0 11599
1767895701608 8.0 11609
1767895702341 8.0 11619
1767895703074 8.0 11629
1767895703810 8.0 11639
1767895704546 8.0 11649
1767895705281 8.0 11659
1767895706016 8.0 11669
1767895706749 8.0 11679
1767895707482 8.0 11689
1767895708216 8.0 11699
1767895708952 8.0 11709
1767895709687 8.0 11719
1767895710420 8.0 11729
1767895711156 8.0 11739
1767895711889 8.0 11749
1767895712623 8.0 11759
1767895713358 8.0 11769
1767895714093 8.0 11779
1767895714827 8.0 11789
1767895715564 8.0 11799
1767895716298 8.0 11809
1767895717030 8.0 11819
1767895717765 8.0 11829
1767895718501 8.0 11839
1767895719237 8.0 11849
1767895719972 8.0 11859
1767895720708 8.0 11869
1767895721443 8.0 11879
1767895722178 8.0 11889
1767895722912 8.0 11899
1767895723649 8.0 11909
1767895724382 8.0 11919
1767895725118 8.0 11929
1767895725854 8.0 11939
1767895726591 8.0 11949
1767895727325 8.0 11959
1767895728061 8.0 11969
1767895728796 8.0 11979
1767895729530 8.0 11989
1767895730265 8.0 11999
1767895731003 8.0 12009
1767895731737 8.0 12019
1767895732473 8.0 12029
1767895733208 8.0 12039
1767895733946 8.0 12049
1767895734683 8.0 12059
1767895735417 8.0 12069
1767895736160 8.0 12079
1767895736897 8.0 12089
1767895737633 8.0 12099
1767895738367 8.0 12109
1767895739103 8.0 12119
1767895739836 8.0 12129
1767895740572 8.0 12139
1767895741306 8.0 12149
1767895742043 8.0 12159
1767895742776 8.0 12169
1767895743510 8.0 12179
1767895744246 8.0 12189
1767895744981 8.0 12199
1767895745713 8.0 12209
1767895746448 8.0 12219
1767895747181 8.0 12229
1767895747916 8.0 12239
1767895748652 8.0 12249
1767895749387 8.0 12259
1767895750121 8.0 12269
1767895750857 8.0 12279
1767895751593 8.0 12289
1767895752332 8.0 12299
1767895753066 8.0 12309
1767895753800 8.0 12319
1767895754535 8.0 12329
1767895755269 8.0 12339
1767895756002 8.0 12349
1767895756735 8.0 12359
1767895757468 8.0 12369
1767895758203 8.0 12379
1767895758939 8.0 12389
1767895759671 8.0 12399
1767895760405 8.0 12409
1767895761140 8.0 12419
1767895761872 8.0 12429
1767895762607 8.0 12439
1767895763342 8.0 12449
1767895764076 8.0 12459
1767895764811 8.0 12469
1767895765544 8.0 12479
1767895766277 8.0 12489
1767895767009 8.0 12499
1767895767742 8.0 12509
1767895768477 8.0 12519
1767895769212 8.0 12529
1767895769948 8.0 12539
1767895770682 8.0 12549
1767895771415 8.0 12559
1767895772147 8.0 12569
1767895772882 8.0 12579
1767895773615 8.0 12589
1767895774351 8.0 12599
1767895775085 8.0 12609
1767895775819 8.0 12619
1767895776553 8.0 12629
1767895777286 8.0 12639
1767895778020 8.0 12649
1767895778755 8.0 12659
1767895779489 8.0 12669
1767895780222 8.0 12679
1767895780958 8.0 12689
1767895781692 8.0 12699
1767895782426 8.0 12709
1767895783159 8.0 12719
1767895783894 8.0 12729
1767895784627 8.0 12739
1767895785362 8.0 12749
1767895786095 8.0 12759
1767895786828 8.0 12769
1767895787561 8.0 12779
1767895788295 8.0 12789
1767895789032 8.0 12799
1767895789767 8.0 12809
1767895790500 8.0 12819
1767895791236 8.0 12829
1767895791969 8.0 12839
1767895792705 8.0 12849
1767895793441 8.0 12859
1767895794177 8.0 12869
1767895794914 8.0 12879
1767895795653 8.0 12889
1767895796393 8.0 12899
1767895797127 8.0 12909
1767895797860 8.0 12919
1767895798596 8.0 12929
1767895799332 8.0 12939
1767895800069 8.0 12949
1767895800801 8.0 12959
1767895806636 8.0 12959
1767895806638 8.0 12959
1767895807445 9.0 12969
1767895808181 9.0 12979
1767895808916 9.0 12989
1767895809651 9.0 12999
1767895810385 9.0 13009
1767895811117 9.0 13019
1767895811852 9.0 13029
1767895812585 9.0 13039
1767895813320 9.0 13049
1767895814053 9.0 13059
1767895814788 9.0 13069
1767895815525 9.0 13079
1767895816260 9.0 13089
1767895816996 9.0 13099
1767895817732 9.0 13109
1767895818465 9.0 13119
1767895819200 9.0 13129
1767895819935 9.0 13139
1767895820668 9.0 13149
1767895821402 9.0 13159
1767895822136 9.0 13169
1767895822869 9.0 13179
1767895823602 9.0 13189
1767895824337 9.0 13199
1767895825073 9.0 13209
1767895825808 9.0 13219
1767895826543 9.0 13229
1767895827278 9.0 13239
1767895828013 9.0 13249
1767895828747 9.0 13259
1767895829482 9.0 13269
1767895830217 9.0 13279
1767895830952 9.0 13289
1767895831688 9.0 13299
1767895832422 9.0 13309
1767895833155 9.0 13319
1767895833891 9.0 13329
1767895834624 9.0 13339
1767895835358 9.0 13349
1767895836092 9.0 13359
1767895836826 9.0 13369
1767895837560 9.0 13379
1767895838296 9.0 13389
1767895839032 9.0 13399
1767895839767 9.0 13409
1767895840500 9.0 13419
1767895841236 9.0 13429
1767895841969 9.0 13439
1767895842706 9.0 13449
1767895843440 9.0 13459
1767895844177 9.0 13469
1767895844911 9.0 13479
1767895845645 9.0 13489
1767895846382 9.0 13499
1767895847117 9.0 13509
1767895847853 9.0 13519
1767895848588 9.0 13529
1767895849322 9.0 13539
1767895850057 9.0 13549
1767895850792 9.0 13559
1767895851527 9.0 13569
1767895852262 9.0 13579
1767895852997 9.0 13589
1767895853733 9.0 13599
1767895854467 9.0 13609
1767895855202 9.0 13619
1767895855937 9.0 13629
1767895856673 9.0 13639
1767895857405 9.0 13649
1767895858138 9.0 13659
1767895858874 9.0 13669
1767895859609 9.0 13679
1767895860345 9.0 13689
1767895861079 9.0 13699
1767895861813 9.0 13709
1767895862548 9.0 13719
1767895863283 9.0 13729
1767895864019 9.0 13739
1767895864756 9.0 13749
1767895865492 9.0 13759
1767895866228 9.0 13769
1767895866963 9.0 13779
1767895867696 9.0 13789
1767895868430 9.0 13799
1767895869165 9.0 13809
1767895869900 9.0 13819
1767895870635 9.0 13829
1767895871370 9.0 13839
1767895872105 9.0 13849
1767895872842 9.0 13859
1767895873578 9.0 13869
1767895874315 9.0 13879
1767895875051 9.0 13889
1767895875787 9.0 13899
1767895876525 9.0 13909
1767895877259 9.0 13919
1767895877994 9.0 13929
1767895878732 9.0 13939
1767895879467 9.0 13949
1767895880202 9.0 13959
1767895880941 9.0 13969
1767895881677 9.0 13979
1767895882414 9.0 13989
1767895883149 9.0 13999
1767895883884 9.0 14009
1767895884619 9.0 14019
1767895885353 9.0 14029
1767895886087 9.0 14039
1767895886822 9.0 14049
1767895887557 9.0 14059
1767895888292 9.0 14069
1767895889028 9.0 14079
1767895889762 9.0 14089
1767895890497 9.0 14099
1767895891233 9.0 14109
1767895891967 9.0 14119
1767895892703 9.0 14129
1767895893438 9.0 14139
1767895894173 9.0 14149
1767895894908 9.0 14159
1767895895642 9.0 14169
1767895896376 9.0 14179
1767895897112 9.0 14189
1767895897847 9.0 14199
1767895898581 9.0 14209
1767895899317 9.0 14219
1767895900051 9.0 14229
1767895900788 9.0 14239
1767895901523 9.0 14249
1767895902258 9.0 14259
1767895902995 9.0 14269
1767895903730 9.0 14279
1767895904464 9.0 14289
1767895905201 9.0 14299
1767895905937 9.0 14309
1767895906671 9.0 14319
1767895907409 9.0 14329
1767895908144 9.0 14339
1767895908883 9.0 14349
1767895909618 9.0 14359
1767895910353 9.0 14369
1767895911089 9.0 14379
1767895911823 9.0 14389
1767895912556 9.0 14399
1767895918387 9.0 14399
1767895918389 9.0 14399
1767895919197 10.0 14409
1767895919934 10.0 14419
1767895920671 10.0 14429
1767895921407 10.0 14439
1767895922141 10.0 14449
1767895922876 10.0 14459
1767895923615 10.0 14469
1767895924349 10.0 14479
1767895925083 10.0 14489
1767895925820 10.0 14499
1767895926556 10.0 14509
1767895927291 10.0 14519
1767895928024 10.0 14529
1767895928759 10.0 14539
1767895929497 10.0 14549
1767895930232 10.0 14559
1767895930967 10.0 14569
1767895931703 10.0 14579
1767895932438 10.0 14589
1767895933174 10.0 14599
1767895933910 10.0 14609
1767895934645 10.0 14619
1767895935380 10.0 14629
1767895936115 10.0 14639
1767895936850 10.0 14649
1767895937585 10.0 14659
1767895938323 10.0 14669
1767895939057 10.0 14679
1767895939793 10.0 14689
1767895940528 10.0 14699
1767895941264 10.0 14709
1767895942000 10.0 14719
1767895942736 10.0 14729
1767895943471 10.0 14739
1767895944207 10.0 14749
1767895944943 10.0 14759
1767895945678 10.0 14769
1767895946414 10.0 14779
1767895947149 10.0 14789
1767895947885 10.0 14799
1767895948621 10.0 14809
1767895949358 10.0 14819
1767895950094 10.0 14829
1767895950831 10.0 14839
1767895951568 10.0 14849
1767895952307 10.0 14859
1767895953043 10.0 14869
1767895953780 10.0 14879
1767895954515 10.0 14889
1767895955250 10.0 14899
1767895955987 10.0 14909
1767895956722 10.0 14919
1767895957460 10.0 14929
1767895958197 10.0 14939
1767895958933 10.0 14949
1767895959669 10.0 14959
1767895960406 10.0 14969
1767895961143 10.0 14979
1767895961880 10.0 14989
1767895962616 10.0 14999
1767895963352 10.0 15009
1767895964090 10.0 15019
1767895964826 10.0 15029
1767895965562 10.0 15039
1767895966298 10.0 15049
1767895967032 10.0 15059
1767895967768 10.0 15069
1767895968505 10.0 15079
1767895969240 10.0 15089
1767895969976 10.0 15099
1767895970711 10.0 15109
1767895971445 10.0 15119
1767895972178 10.0 15129
1767895972913 10.0 15139
1767895973647 10.0 15149
1767895974384 10.0 15159
1767895975119 10.0 15169
1767895975853 10.0 15179
1767895976589 10.0 15189
1767895977322 10.0 15199
1767895978057 10.0 15209
1767895978794 10.0 15219
1767895979528 10.0 15229
1767895980264 10.0 15239
1767895980999 10.0 15249
1767895981733 10.0 15259
1767895982467 10.0 15269
1767895983203 10.0 15279
1767895983938 10.0 15289
1767895984675 10.0 15299
1767895985411 10.0 15309
1767895986147 10.0 15319
1767895986881 10.0 15329
1767895987615 10.0 15339
1767895988350 10.0 15349
1767895989084 10.0 15359
1767895989819 10.0 15369
1767895990554 10.0 15379
1767895991289 10.0 15389
1767895992022 10.0 15399
1767895992757 10.0 15409
1767895993494 10.0 15419
1767895994230 10.0 15429
1767895994967 10.0 15439
1767895995701 10.0 15449
1767895996436 10.0 15459
1767895997168 10.0 15469
1767895997902 10.0 15479
1767895998636 10.0 15489
1767895999369 10.0 15499
1767896000102 10.0 15509
1767896000837 10.0 15519
1767896001572 10.0 15529
1767896002307 10.0 15539
1767896003042 10.0 15549
1767896003776 10.0 15559
1767896004511 10.0 15569
1767896005247 10.0 15579
1767896005981 10.0 15589
1767896006717 10.0 15599
1767896007450 10.0 15609
1767896008185 10.0 15619
1767896008921 10.0 15629
1767896009655 10.0 15639
1767896010389 10.0 15649
1767896011123 10.0 15659
1767896011856 10.0 15669
1767896012590 10.0 15679
1767896013326 10.0 15689
1767896014061 10.0 15699
1767896014796 10.0 15709
1767896015531 10.0 15719
1767896016265 10.0 15729
1767896016998 10.0 15739
1767896017732 10.0 15749
1767896018468 10.0 15759
1767896019204 10.0 15769
1767896019939 10.0 15779
1767896020673 10.0 15789
1767896021408 10.0 15799
1767896022140 10.0 15809
1767896022875 10.0 15819
1767896023611 10.0 15829
1767896024345 10.0 15839
1767896030206 10.0 15839
1767896030313 10.0 15839
1767896031119 11.0 15849
1767896031854 11.0 15859
1767896032589 11.0 15869
1767896033323 11.0 15879
1767896034057 11.0 15889
1767896034792 11.0 15899
1767896035526 11.0 15909
1767896036261 11.0 15919
1767896036994 11.0 15929
1767896037729 11.0 15939
1767896038467 11.0 15949
1767896039203 11.0 15959
1767896039939 11.0 15969
1767896040677 11.0 15979
1767896041414 11.0 15989
1767896042148 11.0 15999
1767896042881 11.0 16009
1767896043618 11.0 16019
1767896044352 11.0 16029
1767896045086 11.0 16039
1767896045819 11.0 16049
1767896046555 11.0 16059
1767896047291 11.0 16069
1767896048027 11.0 16079
1767896048764 11.0 16089
1767896049504 11.0 16099
1767896050242 11.0 16109
1767896050979 11.0 16119
1767896051717 11.0 16129
1767896052454 11.0 16139
1767896053191 11.0 16149
1767896053929 11.0 16159
1767896054665 11.0 16169
1767896055403 11.0 16179
1767896056138 11.0 16189
1767896056875 11.0 16199
1767896057611 11.0 16209
1767896058345 11.0 16219
1767896059081 11.0 16229
1767896059817 11.0 16239
1767896060553 11.0 16249
1767896061287 11.0 16259
1767896062022 11.0 16269
1767896062757 11.0 16279
1767896063493 11.0 16289
1767896064229 11.0 16299
1767896064964 11.0 16309
1767896065699 11.0 16319
1767896066433 11.0 16329
1767896067167 11.0 16339
1767896067903 11.0 16349
1767896068638 11.0 16359
1767896069374 11.0 16369
1767896070113 11.0 16379
1767896070848 11.0 16389
1767896071584 11.0 16399
1767896072320 11.0 16409
1767896073055 11.0 16419
1767896073792 11.0 16429
1767896074527 11.0 16439
1767896075263 11.0 16449
1767896075998 11.0 16459
1767896076731 11.0 16469
1767896077464 11.0 16479
1767896078201 11.0 16489
1767896078937 11.0 16499
1767896079673 11.0 16509
1767896080408 11.0 16519
1767896081142 11.0 16529
1767896081879 11.0 16539
1767896082616 11.0 16549
1767896083351 11.0 16559
1767896084088 11.0 16569
1767896084821 11.0 16579
1767896085554 11.0 16589
1767896086293 11.0 16599
1767896087030 11.0 16609
1767896087764 11.0 16619
1767896088499 11.0 16629
1767896089233 11.0 16639
1767896089969 11.0 16649
1767896090703 11.0 16659
1767896091436 11.0 16669
1767896092171 11.0 16679
1767896092906 11.0 16689
1767896093640 11.0 16699
1767896094376 11.0 16709
1767896095110 11.0 16719
1767896095844 11.0 16729
1767896096580 11.0 16739
1767896097314 11.0 16749
1767896098048 11.0 16759
1767896098783 11.0 16769
1767896099517 11.0 16779
1767896100257 11.0 16789
1767896100991 11.0 16799
1767896101728 11.0 16809
1767896102464 11.0 16819
1767896103200 11.0 16829
1767896103936 11.0 16839
1767896104672 11.0 16849
1767896105409 11.0 16859
1767896106144 11.0 16869
1767896106882 11.0 16879
1767896107617 11.0 16889
1767896108354 11.0 16899
1767896109091 11.0 16909
1767896109826 11.0 16919
1767896110562 11.0 16929
1767896111297 11.0 16939
1767896112032 11.0 16949
1767896112768 11.0 16959
1767896113503 11.0 16969
1767896114239 11.0 16979
1767896114975 11.0 16989
1767896115711 11.0 16999
1767896116446 11.0 17009
1767896117181 11.0 17019
1767896117919 11.0 17029
1767896118656 11.0 17039
1767896119392 11.0 17049
1767896120127 11.0 17059
1767896120863 11.0 17069
1767896121600 11.0 17079
1767896122335 11.0 17089
1767896123073 11.0 17099
1767896123809 11.0 17109
1767896124546 11.0 17119
1767896125284 11.0 17129
1767896126017 11.0 17139
1767896126753 11.0 17149
1767896127488 11.0 17159
1767896128223 11.0 17169
1767896128959 11.0 17179
1767896129693 11.0 17189
1767896130430 11.0 17199
1767896131169 11.0 17209
1767896131904 11.0 17219
1767896132641 11.0 17229
1767896133378 11.0 17239
1767896134111 11.0 17249
1767896134847 11.0 17259
1767896135581 11.0 17269
1767896136314 11.0 17279
1767896142134 11.0 17279
1767896142136 11.0 17279
1767896142941 12.0 17289
1767896143677 12.0 17299
1767896144411 12.0 17309
1767896145147 12.0 17319
1767896145881 12.0 17329
1767896146614 12.0 17339
1767896147348 12.0 17349
1767896148082 12.0 17359
1767896148817 12.0 17369
1767896149556 12.0 17379
1767896150289 12.0 17389
1767896151025 12.0 17399
1767896151763 12.0 17409
1767896152497 12.0 17419
1767896153232 12.0 17429
1767896153967 12.0 17439
1767896154701 12.0 17449
1767896155437 12.0 17459
1767896156172 12.0 17469
1767896156906 12.0 17479
1767896157643 12.0 17489
1767896158378 12.0 17499
1767896159113 12.0 17509
1767896159850 12.0 17519
1767896160585 12.0 17529
1767896161321 12.0 17539
1767896162056 12.0 17549
1767896162791 12.0 17559
1767896163527 12.0 17569
1767896164264 12.0 17579
1767896165000 12.0 17589
1767896165736 12.0 17599
1767896166471 12.0 17609
1767896167206 12.0 17619
1767896167940 12.0 17629
1767896168673 12.0 17639
1767896169407 12.0 17649
1767896170143 12.0 17659
1767896170878 12.0 17669
1767896171614 12.0 17679
1767896172348 12.0 17689
1767896173083 12.0 17699
1767896173820 12.0 17709
1767896174555 12.0 17719
1767896175290 12.0 17729
1767896176025 12.0 17739
1767896176760 12.0 17749
1767896177494 12.0 17759
1767896178230 12.0 17769
1767896178965 12.0 17779
1767896179701 12.0 17789
1767896180435 12.0 17799
1767896181171 12.0 17809
1767896181906 12.0 17819
1767896182641 12.0 17829
1767896183376 12.0 17839
1767896184112 12.0 17849
1767896184848 12.0 17859
1767896185584 12.0 17869
1767896186319 12.0 17879
1767896187054 12.0 17889
1767896187789 12.0 17899
1767896188523 12.0 17909
1767896189259 12.0 17919
1767896189995 12.0 17929
1767896190729 12.0 17939
1767896191463 12.0 17949
1767896192198 12.0 17959
1767896192931 12.0 17969
1767896193665 12.0 17979
1767896194400 12.0 17989
1767896195136 12.0 17999
1767896195869 12.0 18009
1767896196602 12.0 18019
1767896197334 12.0 18029
1767896198072 12.0 18039
1767896198806 12.0 18049
1767896199540 12.0 18059
1767896200275 12.0 18069
1767896201011 12.0 18079
1767896201748 12.0 18089
1767896202485 12.0 18099
1767896203221 12.0 18109
1767896203955 12.0 18119
1767896204692 12.0 18129
1767896205426 12.0 18139
1767896206166 12.0 18149
1767896206898 12.0 18159
1767896207629 12.0 18169
1767896208365 12.0 18179
1767896209100 12.0 18189
1767896209836 12.0 18199
1767896210571 12.0 18209
1767896211305 12.0 18219
1767896212039 12.0 18229
1767896212775 12.0 18239
1767896213512 12.0 18249
1767896214249 12.0 18259
1767896214984 12.0 18269
1767896215717 12.0 18279
1767896216451 12.0 18289
1767896217188 12.0 18299
1767896217924 12.0 18309
1767896218662 12.0 18319
1767896219395 12.0 18329
1767896220130 12.0 18339
1767896220865 12.0 18349
1767896221599 12.0 18359
1767896222335 12.0 18369
1767896223070 12.0 18379
1767896223805 12.0 18389
1767896224542 12.0 18399
1767896225277 12.0 18409
1767896226012 12.0 18419
1767896226749 12.0 18429
1767896227484 12.0 18439
1767896228218 12.0 18449
1767896228954 12.0 18459
1767896229689 12.0 18469
1767896230425 12.0 18479
1767896231163 12.0 18489
1767896231899 12.0 18499
1767896232635 12.0 18509
1767896233369 12.0 18519
1767896234104 12.0 18529
