1767894747178 0.0010000000474974513 9
1767894747912 0.0010000000474974513 19
1767894748648 0.0010000000474974513 29
1767894749382 0.0010000000474974513 39
1767894750116 0.0010000000474974513 49
1767894750851 0.0010000000474974513 59
1767894751584 0.0010000000474974513 69
1767894752316 0.0010000000474974513 79
1767894753050 0.0010000000474974513 89
1767894753785 0.0010000000474974513 99
1767894754520 0.0010000000474974513 109
1767894755254 0.0010000000474974513 119
1767894755987 0.0010000000474974513 129
1767894756721 0.0010000000474974513 139
1767894757455 0.0010000000474974513 149
1767894758189 0.0010000000474974513 159
1767894758923 0.0010000000474974513 169
1767894759656 0.0010000000474974513 179
1767894760389 0.0010000000474974513 189
1767894761123 0.0010000000474974513 199
1767894761855 0.0010000000474974513 209
1767894762589 0.0010000000474974513 219
1767894763324 0.0010000000474974513 229
1767894764058 0.0010000000474974513 239
1767894764792 0.0010000000474974513 249
1767894765525 0.0010000000474974513 259
1767894766257 0.0010000000474974513 269
1767894766991 0.0010000000474974513 279
1767894767726 0.0010000000474974513 289
1767894768461 0.0010000000474974513 299
1767894769198 0.0010000000474974513 309
1767894769932 0.0010000000474974513 319
1767894770666 0.0010000000474974513 329
1767894771399 0.0010000000474974513 339
1767894772131 0.0010000000474974513 349
1767894772867 0.0010000000474974513 359
1767894773601 0.0010000000474974513 369
1767894774334 0.0010000000474974513 379
1767894775068 0.0010000000474974513 389
1767894775802 0.0010000000474974513 399
1767894776536 0.0010000000474974513 409
1767894777269 0.0010000000474974513 419
1767894778004 0.0010000000474974513 429
1767894778738 0.0010000000474974513 439
1767894779473 0.0010000000474974513 449
1767894780207 0.0010000000474974513 459
1767894780941 0.0010000000474974513 469
1767894781674 0.0010000000474974513 479
1767894782408 0.0010000000474974513 489
1767894783142 0.0010000000474974513 499
1767894783877 0.0010000000474974513 509
1767894784611 0.0010000000474974513 519
1767894785345 0.0010000000474974513 529
1767894786079 0.0010000000474974513 539
1767894786815 0.0010000000474974513 549
1767894787550 0.0010000000474974513 559
1767894788284 0.0010000000474974513 569
1767894789018 0.0010000000474974513 579
1767894789751 0.0010000000474974513 589
1767894790486 0.0010000000474974513 599
1767894791220 0.0010000000474974513 609
1767894791954 0.0010000000474974513 619
1767894792688 0.0010000000474974513 629
1767894793423 0.0010000000474974513 639
1767894794157 0.0010000000474974513 649
1767894794892 0.0010000000474974513 659
1767894795626 0.0010000000474974513 669
1767894796361 0.0010000000474974513 679
1767894797097 0.0010000000474974513 689
1767894797831 0.0010000000474974513 699
1767894798566 0.0010000000474974513 709
1767894799302 0.0010000000474974513 719
1767894800035 0.0010000000474974513 729
1767894800769 0.0010000000474974513 739
1767894801503 0.0010000000474974513 749
1767894802238 0.0010000000474974513 759
1767894802973 0.0010000000474974513 769
1767894803709 0.0010000000474974513 779
1767894804444 0.0010000000474974513 789
1767894805178 0.0010000000474974513 799
1767894805915 0.0010000000474974513 809
1767894806649 0.0010000000474974513 819
1767894807385 0.0010000000474974513 829
1767894808121 0.0010000000474974513 839
1767894808856 0.0010000000474974513 849
1767894809592 0.0010000000474974513 859
1767894810327 0.0010000000474974513 869
1767894811062 0.0010000000474974513 879
1767894811798 0.0010000000474974513 889
1767894812533 0.0010000000474974513 899
1767894813268 0.0010000000474974513 909
1767894814004 0.0010000000474974513 919
1767894814737 0.0010000000474974513 929
1767894815471 0.0010000000474974513 939
1767894816205 0.0010000000474974513 949
1767894816939 0.0010000000474974513 959
1767894817675 0.0010000000474974513 969
1767894818409 0.0010000000474974513 979
1767894819144 0.0010000000474974513 989
1767894819879 0.0010000000474974513 999
1767894820611 0.0010000000474974513 1009
1767894821344 0.0010000000474974513 1019
1767894822078 0.0010000000474974513 1029
1767894822811 0.0010000000474974513 1039
1767894823545 0.0010000000474974513 1049
1767894824278 0.0010000000474974513 1059
1767894825011 0.0010000000474974513 1069
1767894825745 0.0010000000474974513 1079
1767894826478 0.0010000000474974513 1089
1767894827212 0.0010000000474974513 1099
1767894827946 0.0010000000474974513 1109
1767894828679 0.0010000000474974513 1119
1767894829412 0.0010000000474974513 1129
1767894830147 0.0010000000474974513 1139
1767894830880 0.0010000000474974513 1149
1767894831614 0.0010000000474974513 1159
1767894832347 0.0010000000474974513 1169
1767894833080 0.0010000000474974513 1179
1767894833814 0.0010000000474974513 1189
1767894834547 0.0010000000474974513 1199
1767894835279 0.0010000000474974513 1209
1767894836014 0.0010000000474974513 1219
1767894836747 0.0010000000474974513 1229
1767894837480 0.0010000000474974513 1239
1767894838216 0.0010000000474974513 1249
1767894838949 0.0010000000474974513 1259
1767894839682 0.0010000000474974513 1269
1767894840417 0.0010000000474974513 1279
1767894841149 0.0010000000474974513 1289
1767894841881 0.0010000000474974513 1299
1767894842613 0.0010000000474974513 1309
1767894843346 0.0010000000474974513 1319
1767894844079 0.0010000000474974513 1329
1767894844811 0.0010000000474974513 1339
1767894845542 0.0010000000474974513 1349
1767894879769 0.0010000000474974513 1359
1767894880500 0.0010000000474974513 1369
1767894881233 0.0010000000474974513 1379
1767894881964 0.0010000000474974513 1389
1767894882694 0.0010000000474974513 1399
1767894883427 0.0010000000474974513 1409
1767894884160 0.0010000000474974513 1419
1767894884893 0.0010000000474974513 1429
1767894885625 0.0010000000474974513 1439
1767894913000 0.0010000000474974513 1449
1767894913738 0.0010000000474974513 1459
1767894914475 0.0010000000474974513 1469
1767894915210 0.0010000000474974513 1479
1767894915946 0.0010000000474974513 1489
1767894916680 0.0010000000474974513 1499
1767894917415 0.0010000000474974513 1509
1767894918151 0.0010000000474974513 1519
1767894918887 0.0010000000474974513 1529
1767894919623 0.0010000000474974513 1539
1767894920359 0.0010000000474974513 1549
1767894921096 0.0010000000474974513 1559
1767894921832 0.0010000000474974513 1569
1767894922566 0.0010000000474974513 1579
1767894923300 0.0010000000474974513 1589
1767894924036 0.0010000000474974513 1599
1767894924773 0.0010000000474974513 1609
1767894925509 0.0010000000474974513 1619
1767894926245 0.0010000000474974513 1629
1767894926982 0.0010000000474974513 1639
1767894927718 0.0010000000474974513 1649
1767894928455 0.0010000000474974513 1659
1767894929190 0.0010000000474974513 1669
1767894929927 0.0010000000474974513 1679
1767894930665 0.0010000000474974513 1689
1767894931400 0.0010000000474974513 1699
1767894932137 0.0010000000474974513 1709
1767894932873 0.0010000000474974513 1719
1767894933612 0.0010000000474974513 1729
1767894934350 0.0010000000474974513 1739
1767894935087 0.0010000000474974513 1749
1767894935824 0.0010000000474974513 1759
1767894936562 0.0010000000474974513 1769
1767894937296 0.0010000000474974513 1779
1767894938035 0.0010000000474974513 1789
1767894938775 0.0010000000474974513 1799
1767894939509 0.0010000000474974513 1809
1767894940247 0.0010000000474974513 1819
1767894940982 0.0010000000474974513 1829
1767894941717 0.0010000000474974513 1839
1767894942453 0.0010000000474974513 1849
1767894943190 0.0010000000474974513 1859
1767894943926 0.0010000000474974513 1869
1767894944661 0.0010000000474974513 1879
1767894945394 0.0010000000474974513 1889
1767894946127 0.0010000000474974513 1899
1767894946863 0.0010000000474974513 1909
1767894947597 0.0010000000474974513 1919
1767894948332 0.0010000000474974513 1929
1767894949069 0.0010000000474974513 1939
1767894949803 0.0010000000474974513 1949
1767894950537 0.0010000000474974513 1959
1767894951270 0.0010000000474974513 1969
1767894952004 0.0010000000474974513 1979
1767894952739 0.0010000000474974513 1989
1767894953473 0.0010000000474974513 1999
1767894954209 0.0010000000474974513 2009
1767894954943 0.0010000000474974513 2019
1767894955677 0.0010000000474974513 2029
1767894956414 0.0010000000474974513 2039
1767894957146 0.0010000000474974513 2049
1767894957881 0.0010000000474974513 2059
1767894958616 0.0010000000474974513 2069
1767894959352 0.0010000000474974513 2079
1767894960087 0.0010000000474974513 2089
1767894960822 0.0010000000474974513 2099
1767894961556 0.0010000000474974513 2109
1767894962292 0.0010000000474974513 2119
1767894963028 0.0010000000474974513 2129
1767894963765 0.0010000000474974513 2139
1767894964499 0.0010000000474974513 2149
1767894965236 0.0010000000474974513 2159
1767894965971 0.0010000000474974513 2169
1767894966705 0.0010000000474974513 2179
1767894967440 0.0010000000474974513 2189
1767894968178 0.0010000000474974513 2199
1767894968914 0.0010000000474974513 2209
1767894969649 0.0010000000474974513 2219
1767894970384 0.0010000000474974513 2229
1767894971121 0.0010000000474974513 2239
1767894971855 0.0010000000474974513 2249
1767894972591 0.0010000000474974513 2259
1767894973326 0.0010000000474974513 2269
1767894974061 0.0010000000474974513 2279
1767894974796 0.0010000000474974513 2289
1767894975529 0.0010000000474974513 2299
1767894976263 0.0010000000474974513 2309
1767894976998 0.0010000000474974513 2319
1767894977732 0.0010000000474974513 2329
1767894978467 0.0010000000474974513 2339
1767894979205 0.0010000000474974513 2349
1767894979939 0.0010000000474974513 2359
1767894980675 0.0010000000474974513 2369
1767894981412 0.0010000000474974513 2379
1767894982147 0.0010000000474974513 2389
1767894982881 0.0010000000474974513 2399
1767894983617 0.0010000000474974513 2409
1767894984351 0.0010000000474974513 2419
1767894985086 0.0010000000474974513 2429
1767894985821 0.0010000000474974513 2439
1767894986555 0.0010000000474974513 2449
1767894987290 0.0010000000474974513 2459
1767894988025 0.0010000000474974513 2469
1767894988760 0.0010000000474974513 2479
1767894989496 0.0010000000474974513 2489
1767894990232 0.0010000000474974513 2499
1767894990968 0.0010000000474974513 2509
1767894991705 0.0010000000474974513 2519
1767894992440 0.0010000000474974513 2529
1767894993176 0.0010000000474974513 2539
1767894993910 0.0010000000474974513 2549
1767894994645 0.0010000000474974513 2559
1767894995381 0.0010000000474974513 2569
1767894996115 0.0010000000474974513 2579
1767894996849 0.0010000000474974513 2589
1767894997584 0.0010000000474974513 2599
1767894998320 0.0010000000474974513 2609
1767894999059 0.0010000000474974513 2619
1767894999794 0.0010000000474974513 2629
1767895000529 0.0010000000474974513 2639
1767895001266 0.0010000000474974513 2649
1767895002000 0.0010000000474974513 2659
1767895002735 0.0010000000474974513 2669
1767895003473 0.0010000000474974513 2679
1767895004208 0.0010000000474974513 2689
1767895004943 0.0010000000474974513 2699
1767895005680 0.0010000000474974513 2709
1767895006414 0.0010000000474974513 2719
1767895007149 0.0010000000474974513 2729
1767895007885 0.0010000000474974513 2739
1767895008621 0.0010000000474974513 2749
1767895009354 0.0010000000474974513 2759
1767895010089 0.0010000000474974513 2769
1767895010823 0.0010000000474974513 2779
1767895011563 0.0010000000474974513 2789
1767895012300 0.0010000000474974513 2799
1767895013037 0.0010000000474974513 2809
1767895013772 0.0010000000474974513 2819
1767895014506 0.0010000000474974513 2829
1767895015244 0.0010000000474974513 2839
1767895015981 0.0010000000474974513 2849
1767895016717 0.0010000000474974513 2859
1767895017451 0.0010000000474974513 2869
1767895018188 0.0010000000474974513 2879
1767895024985 0.0010000000474974513 2889
1767895025719 0.0010000000474974513 2899
1767895026452 0.0010000000474974513 2909
1767895027184 0.0010000000474974513 2919
1767895027919 0.0010000000474974513 2929
1767895028654 0.0010000000474974513 2939
1767895029391 0.0010000000474974513 2949
1767895030126 0.0010000000474974513 2959
1767895030862 0.0010000000474974513 2969
1767895031596 0.0010000000474974513 2979
1767895032330 0.0010000000474974513 2989
1767895033068 0.0010000000474974513 2999
1767895033803 0.0010000000474974513 3009
1767895034538 0.0010000000474974513 3019
1767895035273 0.0010000000474974513 3029
1767895036009 0.0010000000474974513 3039
1767895036745 0.0010000000474974513 3049
1767895037479 0.0010000000474974513 3059
1767895038214 0.0010000000474974513 3069
1767895038949 0.0010000000474974513 3079
1767895039683 0.0010000000474974513 3089
1767895040420 0.0010000000474974513 3099
1767895041155 0.0010000000474974513 3109
1767895041890 0.0010000000474974513 3119
1767895042625 0.0010000000474974513 3129
1767895043359 0.0010000000474974513 3139
1767895044096 0.0010000000474974513 3149
1767895044830 0.0010000000474974513 3159
1767895045563 0.0010000000474974513 3169
1767895046297 0.0010000000474974513 3179
1767895047030 0.0010000000474974513 3189
1767895047764 0.0010000000474974513 3199
1767895048498 0.0010000000474974513 3209
1767895049232 0.0010000000474974513 3219
1767895049966 0.0010000000474974513 3229
1767895050702 0.0010000000474974513 3239
1767895051436 0.0010000000474974513 3249
1767895052171 0.0010000000474974513 3259
1767895052906 0.0010000000474974513 3269
1767895053643 0.0010000000474974513 3279
1767895054378 0.0010000000474974513 3289
1767895055113 0.0010000000474974513 3299
1767895055849 0.0010000000474974513 3309
1767895056586 0.0010000000474974513 3319
1767895057319 0.0010000000474974513 3329
1767895058053 0.0010000000474974513 3339
1767895058791 0.0010000000474974513 3349
1767895059527 0.0010000000474974513 3359
1767895060265 0.0010000000474974513 3369
1767895060999 0.0010000000474974513 3379
1767895061732 0.0010000000474974513 3389
1767895062468 0.0010000000474974513 3399
1767895063200 0.0010000000474974513 3409
1767895063934 0.0010000000474974513 3419
1767895064669 0.0010000000474974513 3429
1767895065404 0.0010000000474974513 3439
1767895066138 0.0010000000474974513 3449
1767895066874 0.0010000000474974513 3459
1767895067609 0.0010000000474974513 3469
1767895068346 0.0010000000474974513 3479
1767895069082 0.0010000000474974513 3489
1767895069820 0.0010000000474974513 3499
1767895070557 0.0010000000474974513 3509
1767895071291 0.0010000000474974513 3519
1767895072027 0.0010000000474974513 3529
1767895072763 0.0010000000474974513 3539
1767895073499 0.0010000000474974513 3549
1767895074235 0.0010000000474974513 3559
1767895074972 0.0010000000474974513 3569
1767895075706 0.0010000000474974513 3579
1767895076441 0.0010000000474974513 3589
1767895077177 0.0010000000474974513 3599
1767895077911 0.0010000000474974513 3609
1767895078650 0.0010000000474974513 3619
1767895079386 0.0010000000474974513 3629
1767895080121 0.0010000000474974513 3639
1767895080856 0.0010000000474974513 3649
1767895081591 0.0010000000474974513 3659
1767895082325 0.0010000000474974513 3669
1767895083062 0.0010000000474974513 3679
1767895083799 0.0010000000474974513 3689
1767895084534 0.0010000000474974513 3699
1767895085269 0.0010000000474974513 3709
1767895086004 0.0010000000474974513 3719
1767895086740 0.0010000000474974513 3729
1767895087473 0.0010000000474974513 3739
1767895088207 0.0010000000474974513 3749
1767895088944 0.0010000000474974513 3759
1767895089679 0.0010000000474974513 3769
1767895090414 0.0010000000474974513 3779
1767895091152 0.0010000000474974513 3789
1767895091887 0.0010000000474974513 3799
1767895092621 0.0010000000474974513 3809
1767895093359 0.0010000000474974513 3819
1767895094095 0.0010000000474974513 3829
1767895094831 0.0010000000474974513 3839
1767895095565 0.0010000000474974513 3849
1767895096301 0.0010000000474974513 3859
1767895097036 0.0010000000474974513 3869
1767895097769 0.0010000000474974513 3879
1767895098504 0.0010000000474974513 3889
1767895099239 0.0010000000474974513 3899
1767895099975 0.0010000000474974513 3909
1767895100709 0.0010000000474974513 3919
1767895101446 0.0010000000474974513 3929
1767895102180 0.0010000000474974513 3939
1767895102916 0.0010000000474974513 3949
1767895103653 0.0010000000474974513 3959
1767895104390 0.0010000000474974513 3969
1767895105125 0.0010000000474974513 3979
1767895105861 0.0010000000474974513 3989
1767895106595 0.0010000000474974513 3999
1767895107333 0.0010000000474974513 4009
1767895108070 0.0010000000474974513 4019
1767895108807 0.0010000000474974513 4029
1767895109544 0.0010000000474974513 4039
1767895110280 0.0010000000474974513 4049
1767895111014 0.0010000000474974513 4059
1767895111750 0.0010000000474974513 4069
1767895112485 0.0010000000474974513 4079
1767895113220 0.0010000000474974513 4089
1767895113955 0.0010000000474974513 4099
1767895114691 0.0010000000474974513 4109
1767895115427 0.0010000000474974513 4119
1767895116159 0.0010000000474974513 4129
1767895116893 0.0010000000474974513 4139
1767895117628 0.0010000000474974513 4149
1767895118363 0.0010000000474974513 4159
1767895119099 0.0010000000474974513 4169
1767895119837 0.0010000000474974513 4179
1767895120571 0.0010000000474974513 4189
1767895121306 0.0010000000474974513 4199
1767895122041 0.0010000000474974513 4209
1767895122775 0.0010000000474974513 4219
1767895123510 0.0010000000474974513 4229
1767895124245 0.0010000000474974513 4239
1767895124981 0.0010000000474974513 4249
1767895125716 0.0010000000474974513 4259
1767895126451 0.0010000000474974513 4269
1767895127188 0.0010000000474974513 4279
1767895127923 0.0010000000474974513 4289
1767895128661 0.0010000000474974513 4299
1767895129397 0.0010000000474974513 4309
1767895130132 0.0010000000474974513 4319
1767895136772 0.0010000000474974513 4329
1767895137505 0.0010000000474974513 4339
1767895138241 0.0010000000474974513 4349
1767895138975 0.0010000000474974513 4359
1767895139710 0.0010000000474974513 4369
1767895140444 0.0010000000474974513 4379
1767895141178 0.0010000000474974513 4389
1767895141913 0.0010000000474974513 4399
1767895142648 0.0010000000474974513 4409
1767895143381 0.0010000000474974513 4419
1767895144116 0.0010000000474974513 4429
1767895144853 0.0010000000474974513 4439
1767895145590 0.0010000000474974513 4449
1767895146325 0.0010000000474974513 4459
1767895147060 0.0010000000474974513 4469
1767895147794 0.0010000000474974513 4479
1767895148528 0.0010000000474974513 4489
1767895149265 0.0010000000474974513 4499
1767895150001 0.0010000000474974513 4509
1767895150734 0.0010000000474974513 4519
1767895151467 0.0010000000474974513 4529
1767895152201 0.0010000000474974513 4539
1767895152934 0.0010000000474974513 4549
1767895153669 0.0010000000474974513 4559
1767895154403 0.0010000000474974513 4569
1767895155139 0.0010000000474974513 4579
1767895155874 0.0010000000474974513 4589
1767895156607 0.0010000000474974513 4599
1767895157342 0.0010000000474974513 4609
1767895158077 0.0010000000474974513 4619
1767895158811 0.0010000000474974513 4629
1767895159547 0.0010000000474974513 4639
1767895160282 0.0010000000474974513 4649
1767895161017 0.0010000000474974513 4659
1767895161751 0.0010000000474974513 4669
1767895162487 0.0010000000474974513 4679
1767895163222 0.0010000000474974513 4689
1767895163957 0.0010000000474974513 4699
1767895164691 0.0010000000474974513 4709
1767895165424 0.0010000000474974513 4719
1767895166159 0.0010000000474974513 4729
1767895166891 0.0010000000474974513 4739
1767895167624 0.0010000000474974513 4749
1767895168360 0.0010000000474974513 4759
1767895169094 0.0010000000474974513 4769
1767895169828 0.0010000000474974513 4779
1767895170563 0.0010000000474974513 4789
1767895171297 0.0010000000474974513 4799
1767895172031 0.0010000000474974513 4809
1767895172766 0.0010000000474974513 4819
1767895173501 0.0010000000474974513 4829
1767895174237 0.0010000000474974513 4839
1767895174972 0.0010000000474974513 4849
1767895175704 0.0010000000474974513 4859
1767895176440 0.0010000000474974513 4869
1767895177174 0.0010000000474974513 4879
1767895177908 0.0010000000474974513 4889
1767895178644 0.0010000000474974513 4899
1767895179378 0.0010000000474974513 4909
1767895180115 0.0010000000474974513 4919
1767895180853 0.0010000000474974513 4929
1767895181589 0.0010000000474974513 4939
1767895182323 0.0010000000474974513 4949
1767895183057 0.0010000000474974513 4959
1767895183791 0.0010000000474974513 4969
1767895184526 0.0010000000474974513 4979
1767895185260 0.0010000000474974513 4989
1767895185995 0.0010000000474974513 4999
1767895186730 0.0010000000474974513 5009
1767895187466 0.0010000000474974513 5019
1767895188201 0.0010000000474974513 5029
1767895188936 0.0010000000474974513 5039
1767895189670 0.0010000000474974513 5049
1767895190405 0.0010000000474974513 5059
1767895191142 0.0010000000474974513 5069
1767895191877 0.0010000000474974513 5079
1767895192618 0.0010000000474974513 5089
1767895193353 0.0010000000474974513 5099
1767895194088 0.0010000000474974513 5109
1767895194824 0.0010000000474974513 5119
1767895195559 0.0010000000474974513 5129
1767895196293 0.0010000000474974513 5139
1767895197027 0.0010000000474974513 5149
1767895197761 0.0010000000474974513 5159
1767895198496 0.0010000000474974513 5169
1767895199232 0.0010000000474974513 5179
1767895199967 0.0010000000474974513 5189
1767895200702 0.0010000000474974513 5199
1767895201439 0.0010000000474974513 5209
1767895202172 0.0010000000474974513 5219
1767895202910 0.0010000000474974513 5229
1767895203644 0.0010000000474974513 5239
1767895204379 0.0010000000474974513 5249
1767895205113 0.0010000000474974513 5259
1767895205848 0.0010000000474974513 5269
1767895206582 0.0010000000474974513 5279
1767895207316 0.0010000000474974513 5289
1767895208051 0.0010000000474974513 5299
1767895208789 0.0010000000474974513 5309
1767895209526 0.0010000000474974513 5319
1767895210260 0.0010000000474974513 5329
1767895210996 0.0010000000474974513 5339
1767895211730 0.0010000000474974513 5349
1767895212464 0.0010000000474974513 5359
1767895213204 0.0010000000474974513 5369
1767895213940 0.0010000000474974513 5379
1767895214676 0.0010000000474974513 5389
1767895215414 0.0010000000474974513 5399
1767895216150 0.0010000000474974513 5409
1767895216886 0.0010000000474974513 5419
1767895217619 0.0010000000474974513 5429
1767895218354 0.0010000000474974513 5439
1767895219089 0.0010000000474974513 5449
1767895219824 0.0010000000474974513 5459
1767895220559 0.0010000000474974513 5469
1767895221296 0.0010000000474974513 5479
1767895222030 0.0010000000474974513 5489
1767895222765 0.0010000000474974513 5499
1767895223502 0.0010000000474974513 5509
1767895224237 0.0010000000474974513 5519
1767895224972 0.0010000000474974513 5529
1767895225708 0.0010000000474974513 5539
1767895226443 0.0010000000474974513 5549
1767895227177 0.0010000000474974513 5559
1767895227912 0.0010000000474974513 5569
1767895228648 0.0010000000474974513 5579
1767895229383 0.0010000000474974513 5589
1767895230119 0.0010000000474974513 5599
1767895230854 0.0010000000474974513 5609
1767895231590 0.0010000000474974513 5619
1767895232323 0.0010000000474974513 5629
1767895233059 0.0010000000474974513 5639
1767895233795 0.0010000000474974513 5649
1767895234529 0.0010000000474974513 5659
1767895235265 0.0010000000474974513 5669
1767895236000 0.0010000000474974513 5679
1767895236735 0.0010000000474974513 5689
1767895237468 0.0010000000474974513 5699
1767895238205 0.0010000000474974513 5709
1767895238940 0.0010000000474974513 5719
1767895239675 0.0010000000474974513 5729
1767895240409 0.0010000000474974513 5739
1767895241149 0.0010000000474974513 5749
1767895241887 0.0010000000474974513 5759
1767895248514 0.0010000000474974513 5769
1767895249251 0.0010000000474974513 5779
1767895249987 0.0010000000474974513 5789
1767895250720 0.0010000000474974513 5799
1767895251455 0.0010000000474974513 5809
1767895252190 0.0010000000474974513 5819
1767895252923 0.0010000000474974513 5829
1767895253659 0.0010000000474974513 5839
1767895254394 0.0010000000474974513 5849
1767895255128 0.0010000000474974513 5859
1767895255864 0.0010000000474974513 5869
1767895256600 0.0010000000474974513 5879
1767895257333 0.0010000000474974513 5889
1767895258069 0.0010000000474974513 5899
1767895258804 0.0010000000474974513 5909
1767895259537 0.0010000000474974513 5919
1767895260274 0.0010000000474974513 5929
1767895261008 0.0010000000474974513 5939
1767895261744 0.0010000000474974513 5949
1767895262480 0.0010000000474974513 5959
1767895263216 0.0010000000474974513 5969
1767895263956 0.0010000000474974513 5979
1767895264693 0.0010000000474974513 5989
1767895265431 0.0010000000474974513 5999
1767895266169 0.0010000000474974513 6009
1767895266908 0.0010000000474974513 6019
1767895267645 0.0010000000474974513 6029
1767895268383 0.0010000000474974513 6039
1767895269122 0.0010000000474974513 6049
1767895269860 0.0010000000474974513 6059
1767895270596 0.0010000000474974513 6069
1767895271330 0.0010000000474974513 6079
1767895272065 0.0010000000474974513 6089
1767895272801 0.0010000000474974513 6099
1767895273534 0.0010000000474974513 6109
1767895274268 0.0010000000474974513 6119
1767895275004 0.0010000000474974513 6129
1767895275737 0.0010000000474974513 6139
1767895276472 0.0010000000474974513 6149
1767895277206 0.0010000000474974513 6159
1767895277940 0.0010000000474974513 6169
1767895278673 0.0010000000474974513 6179
1767895279408 0.0010000000474974513 6189
1767895280143 0.0010000000474974513 6199
1767895280877 0.0010000000474974513 6209
1767895281612 0.0010000000474974513 6219
1767895282346 0.0010000000474974513 6229
1767895283080 0.0010000000474974513 6239
1767895283815 0.0010000000474974513 6249
1767895284551 0.0010000000474974513 6259
1767895285286 0.0010000000474974513 6269
1767895286020 0.0010000000474974513 6279
1767895286756 0.0010000000474974513 6289
1767895287491 0.0010000000474974513 6299
1767895288226 0.0010000000474974513 6309
1767895288962 0.0010000000474974513 6319
1767895289699 0.0010000000474974513 6329
1767895290435 0.0010000000474974513 6339
1767895291169 0.0010000000474974513 6349
1767895291904 0.0010000000474974513 6359
1767895292643 0.0010000000474974513 6369
1767895293377 0.0010000000474974513 6379
1767895294111 0.0010000000474974513 6389
1767895294847 0.0010000000474974513 6399
1767895295582 0.0010000000474974513 6409
1767895296318 0.0010000000474974513 6419
1767895297052 0.0010000000474974513 6429
1767895297786 0.0010000000474974513 6439
1767895298522 0.0010000000474974513 6449
1767895299257 0.0010000000474974513 6459
1767895299991 0.0010000000474974513 6469
1767895300725 0.0010000000474974513 6479
1767895301462 0.0010000000474974513 6489
1767895302197 0.0010000000474974513 6499
1767895302932 0.0010000000474974513 6509
1767895303668 0.0010000000474974513 6519
1767895304403 0.0010000000474974513 6529
1767895305139 0.0010000000474974513 6539
1767895305875 0.0010000000474974513 6549
1767895306611 0.0010000000474974513 6559
1767895307346 0.0010000000474974513 6569
1767895308080 0.0010000000474974513 6579
1767895308817 0.0010000000474974513 6589
1767895309552 0.0010000000474974513 6599
1767895310288 0.0010000000474974513 6609
1767895311023 0.0010000000474974513 6619
1767895311759 0.0010000000474974513 6629
1767895312495 0.0010000000474974513 6639
1767895313230 0.0010000000474974513 6649
1767895313966 0.0010000000474974513 6659
1767895314703 0.0010000000474974513 6669
1767895315436 0.0010000000474974513 6679
1767895316171 0.0010000000474974513 6689
1767895316905 0.0010000000474974513 6699
1767895317639 0.0010000000474974513 6709
1767895318374 0.0010000000474974513 6719
1767895319109 0.0010000000474974513 6729
1767895319844 0.0010000000474974513 6739
1767895320579 0.0010000000474974513 6749
1767895321315 0.0010000000474974513 6759
1767895322050 0.0010000000474974513 6769
1767895322786 0.0010000000474974513 6779
1767895323520 0.0010000000474974513 6789
1767895324255 0.0010000000474974513 6799
1767895324992 0.0010000000474974513 6809
1767895325726 0.0010000000474974513 6819
1767895326461 0.0010000000474974513 6829
1767895327200 0.0010000000474974513 6839
1767895327935 0.0010000000474974513 6849
1767895328671 0.0010000000474974513 6859
1767895329408 0.0010000000474974513 6869
1767895330141 0.0010000000474974513 6879
1767895330875 0.0010000000474974513 6889
1767895331610 0.0010000000474974513 6899
1767895332344 0.0010000000474974513 6909
1767895333080 0.0010000000474974513 6919
1767895333816 0.0010000000474974513 6929
1767895334552 0.0010000000474974513 6939
1767895335286 0.0010000000474974513 6949
1767895336020 0.0010000000474974513 6959
1767895336752 0.0010000000474974513 6969
1767895337488 0.0010000000474974513 6979
1767895338222 0.0010000000474974513 6989
1767895338957 0.0010000000474974513 6999
1767895339693 0.0010000000474974513 7009
1767895340428 0.0010000000474974513 7019
1767895341163 0.0010000000474974513 7029
1767895341897 0.0010000000474974513 7039
1767895342632 0.0010000000474974513 7049
1767895343368 0.0010000000474974513 7059
1767895344102 0.0010000000474974513 7069
1767895344836 0.0010000000474974513 7079
1767895345572 0.0010000000474974513 7089
1767895346305 0.0010000000474974513 7099
1767895347039 0.0010000000474974513 7109
1767895347774 0.0010000000474974513 7119
1767895348508 0.0010000000474974513 7129
1767895349245 0.0010000000474974513 7139
1767895349980 0.0010000000474974513 7149
1767895350713 0.0010000000474974513 7159
1767895351447 0.0010000000474974513 7169
1767895352181 0.0010000000474974513 7179
1767895352915 0.0010000000474974513 7189
1767895353650 0.0010000000474974513 7199
1767895360279 0.0010000000474974513 7209
1767895361012 0.0010000000474974513 7219
1767895361747 0.0010000000474974513 7229
1767895362481 0.0010000000474974513 7239
1767895363214 0.0010000000474974513 7249
1767895363949 0.0010000000474974513 7259
1767895364682 0.0010000000474974513 7269
1767895365415 0.0010000000474974513 7279
1767895366149 0.0010000000474974513 7289
1767895366886 0.0010000000474974513 7299
1767895367621 0.0010000000474974513 7309
1767895368357 0.0010000000474974513 7319
1767895369092 0.0010000000474974513 7329
1767895369827 0.0010000000474974513 7339
1767895370563 0.0010000000474974513 7349
1767895371297 0.0010000000474974513 7359
1767895372034 0.0010000000474974513 7369
1767895372768 0.0010000000474974513 7379
1767895373502 0.0010000000474974513 7389
1767895374238 0.0010000000474974513 7399
1767895374972 0.0010000000474974513 7409
1767895375706 0.0010000000474974513 7419
1767895376443 0.0010000000474974513 7429
1767895377177 0.0010000000474974513 7439
1767895377911 0.0010000000474974513 7449
1767895378649 0.0010000000474974513 7459
1767895379385 0.0010000000474974513 7469
1767895380122 0.0010000000474974513 7479
1767895380857 0.0010000000474974513 7489
1767895381592 0.0010000000474974513 7499
1767895382329 0.0010000000474974513 7509
1767895383066 0.0010000000474974513 7519
1767895383804 0.0010000000474974513 7529
1767895384540 0.0010000000474974513 7539
1767895385277 0.0010000000474974513 7549
1767895386012 0.0010000000474974513 7559
1767895386747 0.0010000000474974513 7569
1767895387481 0.0010000000474974513 7579
1767895388219 0.0010000000474974513 7589
1767895388953 0.0010000000474974513 7599
1767895389688 0.0010000000474974513 7609
1767895390423 0.0010000000474974513 7619
1767895391158 0.0010000000474974513 7629
1767895391893 0.0010000000474974513 7639
1767895392629 0.0010000000474974513 7649
1767895393365 0.0010000000474974513 7659
1767895394100 0.0010000000474974513 7669
1767895394834 0.0010000000474974513 7679
1767895395568 0.0010000000474974513 7689
1767895396304 0.0010000000474974513 7699
1767895397036 0.0010000000474974513 7709
1767895397770 0.0010000000474974513 7719
1767895398505 0.0010000000474974513 7729
1767895399241 0.0010000000474974513 7739
1767895399976 0.0010000000474974513 7749
1767895400710 0.0010000000474974513 7759
1767895401443 0.0010000000474974513 7769
1767895402177 0.0010000000474974513 7779
1767895402911 0.0010000000474974513 7789
1767895403644 0.0010000000474974513 7799
1767895404380 0.0010000000474974513 7809
1767895405115 0.0010000000474974513 7819
1767895405850 0.0010000000474974513 7829
1767895406585 0.0010000000474974513 7839
1767895407319 0.0010000000474974513 7849
1767895408053 0.0010000000474974513 7859
1767895408789 0.0010000000474974513 7869
1767895409523 0.0010000000474974513 7879
1767895410258 0.0010000000474974513 7889
1767895410993 0.0010000000474974513 7899
1767895411728 0.0010000000474974513 7909
1767895412464 0.0010000000474974513 7919
1767895413199 0.0010000000474974513 7929
1767895413933 0.0010000000474974513 7939
1767895414669 0.0010000000474974513 7949
1767895415403 0.0010000000474974513 7959
1767895416137 0.0010000000474974513 7969
1767895416872 0.0010000000474974513 7979
1767895417608 0.0010000000474974513 7989
1767895418345 0.0010000000474974513 7999
1767895419085 0.0010000000474974513 8009
1767895419822 0.0010000000474974513 8019
1767895420559 0.0010000000474974513 8029
1767895421292 0.0010000000474974513 8039
1767895422028 0.0010000000474974513 8049
1767895422763 0.0010000000474974513 8059
1767895423497 0.0010000000474974513 8069
1767895424234 0.0010000000474974513 8079
1767895424969 0.0010000000474974513 8089
1767895425704 0.0010000000474974513 8099
1767895426439 0.0010000000474974513 8109
1767895427173 0.0010000000474974513 8119
1767895427908 0.0010000000474974513 8129
1767895428644 0.0010000000474974513 8139
1767895429379 0.0010000000474974513 8149
1767895430113 0.0010000000474974513 8159
1767895430848 0.0010000000474974513 8169
1767895431582 0.0010000000474974513 8179
1767895432316 0.0010000000474974513 8189
1767895433051 0.0010000000474974513 8199
1767895433787 0.0010000000474974513 8209
1767895434520 0.0010000000474974513 8219
1767895435256 0.0010000000474974513 8229
1767895435990 0.0010000000474974513 8239
1767895436727 0.0010000000474974513 8249
1767895437461 0.0010000000474974513 8259
1767895438196 0.0010000000474974513 8269
1767895438933 0.0010000000474974513 8279
1767895439668 0.0010000000474974513 8289
1767895440404 0.0010000000474974513 8299
1767895441141 0.0010000000474974513 8309
1767895441875 0.0010000000474974513 8319
1767895442611 0.0010000000474974513 8329
1767895443347 0.0010000000474974513 8339
1767895444084 0.0010000000474974513 8349
1767895444821 0.0010000000474974513 8359
1767895445557 0.0010000000474974513 8369
1767895446292 0.0010000000474974513 8379
1767895447028 0.0010000000474974513 8389
1767895447765 0.0010000000474974513 8399
1767895448500 0.0010000000474974513 8409
1767895449238 0.0010000000474974513 8419
1767895449973 0.0010000000474974513 8429
1767895450708 0.0010000000474974513 8439
1767895451444 0.0010000000474974513 8449
1767895452178 0.0010000000474974513 8459
1767895452913 0.0010000000474974513 8469
1767895453650 0.0010000000474974513 8479
1767895454387 0.0010000000474974513 8489
1767895455124 0.0010000000474974513 8499
1767895455860 0.0010000000474974513 8509
1767895456596 0.0010000000474974513 8519
1767895457333 0.0010000000474974513 8529
1767895458068 0.0010000000474974513 8539
1767895458804 0.0010000000474974513 8549
1767895459540 0.0010000000474974513 8559
1767895460278 0.0010000000474974513 8569
1767895461015 0.0010000000474974513 8579
1767895461750 0.0010000000474974513 8589
1767895462483 0.0010000000474974513 8599
1767895463220 0.0010000000474974513 8609
1767895463955 0.0010000000474974513 8619
1767895464688 0.0010000000474974513 8629
1767895465422 0.0010000000474974513 8639
1767895472239 0.0010000000474974513 8649
1767895472973 0.0010000000474974513 8659
1767895473709 0.0010000000474974513 8669
1767895474443 0.0010000000474974513 8679
1767895475177 0.0010000000474974513 8689
1767895475915 0.0010000000474974513 8699
1767895476647 0.0010000000474974513 8709
1767895477380 0.0010000000474974513 8719
1767895478115 0.0010000000474974513 8729
1767895478848 0.0010000000474974513 8739
1767895479582 0.0010000000474974513 8749
1767895480315 0.0010000000474974513 8759
1767895481046 0.0010000000474974513 8769
1767895481779 0.0010000000474974513 8779
1767895482510 0.0010000000474974513 8789
1767895483244 0.0010000000474974513 8799
1767895483977 0.0010000000474974513 8809
1767895484709 0.0010000000474974513 8819
1767895485442 0.0010000000474974513 8829
1767895486177 0.0010000000474974513 8839
1767895486912 0.0010000000474974513 8849
1767895487645 0.0010000000474974513 8859
1767895488381 0.0010000000474974513 8869
1767895489115 0.0010000000474974513 8879
1767895489850 0.0010000000474974513 8889
1767895490583 0.0010000000474974513 8899
1767895491317 0.0010000000474974513 8909
1767895492051 0.0010000000474974513 8919
1767895492785 0.0010000000474974513 8929
1767895493519 0.0010000000474974513 8939
1767895494253 0.0010000000474974513 8949
1767895494987 0.0010000000474974513 8959
1767895495722 0.0010000000474974513 8969
1767895496456 0.0010000000474974513 8979
1767895497188 0.0010000000474974513 8989
1767895497923 0.0010000000474974513 8999
1767895498658 0.0010000000474974513 9009
1767895499393 0.0010000000474974513 9019
1767895500129 0.0010000000474974513 9029
1767895500865 0.0010000000474974513 9039
1767895501600 0.0010000000474974513 9049
1767895502335 0.0010000000474974513 9059
1767895503068 0.0010000000474974513 9069
1767895503802 0.0010000000474974513 9079
1767895504538 0.0010000000474974513 9089
1767895505275 0.0010000000474974513 9099
1767895506009 0.0010000000474974513 9109
1767895506744 0.0010000000474974513 9119
1767895507479 0.0010000000474974513 9129
1767895508216 0.0010000000474974513 9139
1767895508952 0.0010000000474974513 9149
1767895509687 0.0010000000474974513 9159
1767895510423 0.0010000000474974513 9169
1767895511158 0.0010000000474974513 9179
1767895511894 0.0010000000474974513 9189
1767895512630 0.0010000000474974513 9199
1767895513365 0.0010000000474974513 9209
1767895514103 0.0010000000474974513 9219
1767895514840 0.0010000000474974513 9229
1767895515579 0.0010000000474974513 9239
1767895516314 0.0010000000474974513 9249
1767895517050 0.0010000000474974513 9259
1767895517787 0.0010000000474974513 9269
1767895518521 0.0010000000474974513 9279
1767895519258 0.0010000000474974513 9289
1767895519993 0.0010000000474974513 9299
1767895520728 0.0010000000474974513 9309
1767895521463 0.0010000000474974513 9319
1767895522200 0.0010000000474974513 9329
1767895522935 0.0010000000474974513 9339
1767895523671 0.0010000000474974513 9349
1767895524406 0.0010000000474974513 9359
1767895525142 0.0010000000474974513 9369
1767895525877 0.0010000000474974513 9379
1767895526612 0.0010000000474974513 9389
1767895527348 0.0010000000474974513 9399
1767895528085 0.0010000000474974513 9409
1767895528822 0.0010000000474974513 9419
1767895529558 0.0010000000474974513 9429
1767895530293 0.0010000000474974513 9439
1767895531030 0.0010000000474974513 9449
1767895531768 0.0010000000474974513 9459
1767895532505 0.0010000000474974513 9469
1767895533240 0.0010000000474974513 9479
1767895533976 0.0010000000474974513 9489
1767895534714 0.0010000000474974513 9499
1767895535450 0.0010000000474974513 9509
1767895536185 0.0010000000474974513 9519
1767895536923 0.0010000000474974513 9529
1767895537658 0.0010000000474974513 9539
1767895538392 0.0010000000474974513 9549
1767895539130 0.0010000000474974513 9559
1767895539865 0.0010000000474974513 9569
1767895540599 0.0010000000474974513 9579
1767895541336 0.0010000000474974513 9589
1767895542071 0.0010000000474974513 9599
1767895542807 0.0010000000474974513 9609
1767895543543 0.0010000000474974513 9619
1767895544279 0.0010000000474974513 9629
1767895545019 0.0010000000474974513 9639
1767895545755 0.0010000000474974513 9649
1767895546491 0.0010000000474974513 9659
1767895547228 0.0010000000474974513 9669
1767895547965 0.0010000000474974513 9679
1767895548705 0.0010000000474974513 9689
1767895549443 0.0010000000474974513 9699
1767895550178 0.0010000000474974513 9709
1767895550914 0.0010000000474974513 9719
1767895551649 0.0010000000474974513 9729
1767895552383 0.0010000000474974513 9739
1767895553119 0.0010000000474974513 9749
1767895553854 0.0010000000474974513 9759
1767895554588 0.0010000000474974513 9769
1767895555324 0.0010000000474974513 9779
1767895556059 0.0010000000474974513 9789
1767895556794 0.0010000000474974513 9799
1767895557530 0.0010000000474974513 9809
1767895558265 0.0010000000474974513 9819
1767895559001 0.0010000000474974513 9829
1767895559736 0.0010000000474974513 9839
1767895560472 0.0010000000474974513 9849
1767895561207 0.0010000000474974513 9859
1767895561942 0.0010000000474974513 9869
1767895562677 0.0010000000474974513 9879
1767895563412 0.0010000000474974513 9889
1767895564146 0.0010000000474974513 9899
1767895564882 0.0010000000474974513 9909
1767895565618 0.0010000000474974513 9919
1767895566351 0.0010000000474974513 9929
1767895567087 0.0010000000474974513 9939
1767895567822 0.0010000000474974513 9949
1767895568557 0.0010000000474974513 9959
1767895569294 0.0010000000474974513 9969
1767895570028 0.0010000000474974513 9979
1767895570763 0.0010000000474974513 9989
1767895571497 0.0010000000474974513 9999
1767895572232 0.0010000000474974513 10009
1767895572967 0.0010000000474974513 10019
1767895573702 0.0010000000474974513 10029
1767895574437 0.0010000000474974513 10039
1767895575172 0.0010000000474974513 10049
1767895575907 0.0010000000474974513 10059
1767895576644 0.0010000000474974513 10069
1767895577378 0.0010000000474974513 10079
1767895583984 0.0010000000474974513 10089
1767895584720 0.0010000000474974513 10099
1767895585455 0.0010000000474974513 10109
1767895586189 0.0010000000474974513 10119
1767895586923 0.0010000000474974513 10129
1767895587657 0.0010000000474974513 10139
1767895588391 0.0010000000474974513 10149
1767895589125 0.0010000000474974513 10159
1767895589859 0.0010000000474974513 10169
1767895590592 0.0010000000474974513 10179
1767895591327 0.0010000000474974513 10189
1767895592061 0.0010000000474974513 10199
1767895592796 0.0010000000474974513 10209
1767895593532 0.0010000000474974513 10219
1767895594267 0.0010000000474974513 10229
1767895595002 0.0010000000474974513 10239
1767895595737 0.0010000000474974513 10249
1767895596471 0.0010000000474974513 10259
1767895597204 0.0010000000474974513 10269
1767895597938 0.0010000000474974513 10279
1767895598673 0.0010000000474974513 10289
1767895599406 0.0010000000474974513 10299
1767895600141 0.0010000000474974513 10309
1767895600875 0.0010000000474974513 10319
1767895601609 0.0010000000474974513 10329
1767895602343 0.0010000000474974513 10339
1767895603077 0.0010000000474974513 10349
1767895603812 0.0010000000474974513 10359
1767895604545 0.0010000000474974513 10369
1767895605281 0.0010000000474974513 10379
1767895606016 0.0010000000474974513 10389
1767895606750 0.0010000000474974513 10399
1767895607486 0.0010000000474974513 10409
1767895608221 0.0010000000474974513 10419
1767895608957 0.0010000000474974513 10429
1767895609693 0.0010000000474974513 10439
1767895610428 0.0010000000474974513 10449
1767895611163 0.0010000000474974513 10459
1767895611899 0.0010000000474974513 10469
1767895612633 0.0010000000474974513 10479
1767895613373 0.0010000000474974513 10489
1767895614109 0.0010000000474974513 10499
1767895614844 0.0010000000474974513 10509
1767895615577 0.0010000000474974513 10519
1767895616312 0.0010000000474974513 10529
1767895617048 0.0010000000474974513 10539
1767895617785 0.0010000000474974513 10549
1767895618523 0.0010000000474974513 10559
1767895619258 0.0010000000474974513 10569
1767895619995 0.0010000000474974513 10579
1767895620730 0.0010000000474974513 10589
1767895621464 0.0010000000474974513 10599
1767895622201 0.0010000000474974513 10609
1767895622937 0.0010000000474974513 10619
1767895623674 0.0010000000474974513 10629
1767895624411 0.0010000000474974513 10639
1767895625147 0.0010000000474974513 10649
1767895625883 0.0010000000474974513 10659
1767895626619 0.0010000000474974513 10669
1767895627354 0.0010000000474974513 10679
1767895628090 0.0010000000474974513 10689
1767895628825 0.0010000000474974513 10699
1767895629560 0.0010000000474974513 10709
1767895630295 0.0010000000474974513 10719
1767895631028 0.0010000000474974513 10729
1767895631762 0.0010000000474974513 10739
1767895632497 0.0010000000474974513 10749
1767895633232 0.0010000000474974513 10759
1767895633967 0.0010000000474974513 10769
1767895634701 0.0010000000474974513 10779
1767895635436 0.0010000000474974513 10789
1767895636171 0.0010000000474974513 10799
1767895636905 0.0010000000474974513 10809
1767895637638 0.0010000000474974513 10819
1767895638374 0.0010000000474974513 10829
1767895639109 0.0010000000474974513 10839
1767895639846 0.0010000000474974513 10849
1767895640585 0.0010000000474974513 10859
1767895641320 0.0010000000474974513 10869
1767895642057 0.0010000000474974513 10879
1767895642797 0.0010000000474974513 10889
1767895643534 0.0010000000474974513 10899
1767895644269 0.0010000000474974513 10909
1767895645007 0.0010000000474974513 10919
1767895645741 0.0010000000474974513 10929
1767895646475 0.0010000000474974513 10939
1767895647208 0.0010000000474974513 10949
1767895647944 0.0010000000474974513 10959
1767895648679 0.0010000000474974513 10969
1767895649413 0.0010000000474974513 10979
1767895650149 0.0010000000474974513 10989
1767895650885 0.0010000000474974513 10999
1767895651619 0.0010000000474974513 11009
1767895652353 0.0010000000474974513 11019
1767895653089 0.0010000000474974513 11029
1767895653824 0.0010000000474974513 11039
1767895654561 0.0010000000474974513 11049
1767895655296 0.0010000000474974513 11059
1767895656030 0.0010000000474974513 11069
1767895656766 0.0010000000474974513 11079
1767895657503 0.0010000000474974513 11089
1767895658240 0.0010000000474974513 11099
1767895658978 0.0010000000474974513 11109
1767895659712 0.0010000000474974513 11119
1767895660447 0.0010000000474974513 11129
1767895661183 0.0010000000474974513 11139
1767895661916 0.0010000000474974513 11149
1767895662651 0.0010000000474974513 11159
1767895663387 0.0010000000474974513 11169
1767895664122 0.0010000000474974513 11179
1767895664858 0.0010000000474974513 11189
1767895665592 0.0010000000474974513 11199
1767895666328 0.0010000000474974513 11209
1767895667062 0.0010000000474974513 11219
1767895667796 0.0010000000474974513 11229
1767895668531 0.0010000000474974513 11239
1767895669269 0.0010000000474974513 11249
1767895670005 0.0010000000474974513 11259
1767895670740 0.0010000000474974513 11269
1767895671474 0.0010000000474974513 11279
1767895672206 0.0010000000474974513 11289
1767895672941 0.0010000000474974513 11299
1767895673677 0.0010000000474974513 11309
1767895674412 0.0010000000474974513 11319
1767895675148 0.0010000000474974513 11329
1767895675883 0.0010000000474974513 11339
1767895676616 0.0010000000474974513 11349
1767895677350 0.0010000000474974513 11359
1767895678085 0.0010000000474974513 11369
1767895678821 0.0010000000474974513 11379
1767895679558 0.0010000000474974513 11389
1767895680293 0.0010000000474974513 11399
1767895681029 0.0010000000474974513 11409
1767895681761 0.0010000000474974513 11419
1767895682494 0.0010000000474974513 11429
1767895683232 0.0010000000474974513 11439
1767895683968 0.0010000000474974513 11449
1767895684703 0.0010000000474974513 11459
1767895685437 0.0010000000474974513 11469
1767895686171 0.0010000000474974513 11479
1767895686905 0.0010000000474974513 11489
1767895687640 0.0010000000474974513 11499
1767895688375 0.0010000000474974513 11509
1767895689112 0.0010000000474974513 11519
1767895695727 0.0010000000474974513 11529
1767895696461 0.0010000000474974513 11539
1767895697194 0.0010000000474974513 11549
1767895697929 0.0010000000474974513 11559
1767895698665 0.0010000000474974513 11569
1767895699403 0.0010000000474974513 11579
1767895700139 0.0010000000474974513 11589
1767895700873 0.0010000000474974513 11599
1767895701608 0.0010000000474974513 11609
1767895702341 0.0010000000474974513 11619
1767895703074 0.0010000000474974513 11629
1767895703810 0.0010000000474974513 11639
1767895704546 0.0010000000474974513 11649
1767895705281 0.0010000000474974513 11659
1767895706016 0.0010000000474974513 11669
1767895706749 0.0010000000474974513 11679
1767895707482 0.0010000000474974513 11689
1767895708216 0.0010000000474974513 11699
1767895708952 0.0010000000474974513 11709
1767895709687 0.0010000000474974513 11719
1767895710420 0.0010000000474974513 11729
1767895711156 0.0010000000474974513 11739
1767895711889 0.0010000000474974513 11749
1767895712623 0.0010000000474974513 11759
1767895713358 0.0010000000474974513 11769
1767895714093 0.0010000000474974513 11779
1767895714827 0.0010000000474974513 11789
1767895715564 0.0010000000474974513 11799
1767895716298 0.0010000000474974513 11809
1767895717030 0.0010000000474974513 11819
1767895717765 0.0010000000474974513 11829
1767895718501 0.0010000000474974513 11839
1767895719237 0.0010000000474974513 11849
1767895719972 0.0010000000474974513 11859
1767895720708 0.0010000000474974513 11869
1767895721443 0.0010000000474974513 11879
1767895722178 0.0010000000474974513 11889
1767895722912 0.0010000000474974513 11899
1767895723649 0.0010000000474974513 11909
1767895724382 0.0010000000474974513 11919
1767895725118 0.0010000000474974513 11929
1767895725854 0.0010000000474974513 11939
1767895726591 0.0010000000474974513 11949
1767895727325 0.0010000000474974513 11959
1767895728061 0.0010000000474974513 11969
1767895728796 0.0010000000474974513 11979
1767895729530 0.0010000000474974513 11989
1767895730265 0.0010000000474974513 11999
1767895731003 0.0010000000474974513 12009
1767895731737 0.0010000000474974513 12019
1767895732473 0.0010000000474974513 12029
1767895733208 0.0010000000474974513 12039
1767895733946 0.0010000000474974513 12049
1767895734683 0.0010000000474974513 12059
1767895735417 0.0010000000474974513 12069
1767895736160 0.0010000000474974513 12079
1767895736897 0.0010000000474974513 12089
1767895737633 0.0010000000474974513 12099
1767895738367 0.0010000000474974513 12109
1767895739103 0.0010000000474974513 12119
1767895739836 0.0010000000474974513 12129
1767895740572 0.0010000000474974513 12139
1767895741306 0.0010000000474974513 12149
1767895742043 0.0010000000474974513 12159
1767895742776 0.0010000000474974513 12169
1767895743510 0.0010000000474974513 12179
1767895744246 0.0010000000474974513 12189
1767895744981 0.0010000000474974513 12199
1767895745713 0.0010000000474974513 12209
1767895746448 0.0010000000474974513 12219
1767895747181 0.0010000000474974513 12229
1767895747916 0.0010000000474974513 12239
1767895748652 0.0010000000474974513 12249
1767895749387 0.0010000000474974513 12259
1767895750121 0.0010000000474974513 12269
1767895750857 0.0010000000474974513 12279
1767895751593 0.0010000000474974513 12289
1767895752332 0.0010000000474974513 12299
1767895753066 0.0010000000474974513 12309
1767895753800 0.0010000000474974513 12319
1767895754535 0.0010000000474974513 12329
1767895755269 0.0010000000474974513 12339
1767895756002 0.0010000000474974513 12349
1767895756735 0.0010000000474974513 12359
1767895757468 0.0010000000474974513 12369
1767895758203 0.0010000000474974513 12379
1767895758939 0.0010000000474974513 12389
1767895759671 0.0010000000474974513 12399
1767895760405 0.0010000000474974513 12409
1767895761140 0.0010000000474974513 12419
1767895761872 0.0010000000474974513 12429
1767895762607 0.0010000000474974513 12439
1767895763342 0.0010000000474974513 12449
1767895764076 0.0010000000474974513 12459
1767895764811 0.0010000000474974513 12469
1767895765544 0.0010000000474974513 12479
1767895766277 0.0010000000474974513 12489
1767895767009 0.0010000000474974513 12499
1767895767742 0.0010000000474974513 12509
1767895768477 0.0010000000474974513 12519
1767895769212 0.0010000000474974513 12529
1767895769948 0.0010000000474974513 12539
1767895770682 0.0010000000474974513 12549
1767895771415 0.0010000000474974513 12559
1767895772147 0.0010000000474974513 12569
1767895772882 0.0010000000474974513 12579
1767895773615 0.0010000000474974513 12589
1767895774351 0.0010000000474974513 12599
1767895775085 0.0010000000474974513 12609
1767895775819 0.0010000000474974513 12619
1767895776553 0.0010000000474974513 12629
1767895777286 0.0010000000474974513 12639
1767895778020 0.0010000000474974513 12649
1767895778755 0.0010000000474974513 12659
1767895779489 0.0010000000474974513 12669
1767895780222 0.0010000000474974513 12679
1767895780958 0.0010000000474974513 12689
1767895781692 0.0010000000474974513 12699
1767895782426 0.0010000000474974513 12709
1767895783159 0.0010000000474974513 12719
1767895783894 0.0010000000474974513 12729
1767895784627 0.0010000000474974513 12739
1767895785362 0.0010000000474974513 12749
1767895786095 0.0010000000474974513 12759
1767895786828 0.0010000000474974513 12769
1767895787561 0.0010000000474974513 12779
1767895788295 0.0010000000474974513 12789
1767895789032 0.0010000000474974513 12799
1767895789767 0.0010000000474974513 12809
1767895790500 0.0010000000474974513 12819
1767895791236 0.0010000000474974513 12829
1767895791969 0.0010000000474974513 12839
1767895792705 0.0010000000474974513 12849
1767895793441 0.0010000000474974513 12859
1767895794177 0.0010000000474974513 12869
1767895794914 0.0010000000474974513 12879
1767895795653 0.0010000000474974513 12889
1767895796393 0.0010000000474974513 12899
1767895797127 0.0010000000474974513 12909
1767895797860 0.0010000000474974513 12919
1767895798596 0.0010000000474974513 12929
1767895799332 0.0010000000474974513 12939
1767895800069 0.0010000000474974513 12949
1767895800801 0.0010000000474974513 12959
1767895807445 0.0010000000474974513 12969
1767895808181 0.0010000000474974513 12979
1767895808916 0.0010000000474974513 12989
1767895809651 0.0010000000474974513 12999
1767895810385 0.0010000000474974513 13009
1767895811117 0.0010000000474974513 13019
1767895811852 0.0010000000474974513 13029
1767895812585 0.0010000000474974513 13039
1767895813320 0.0010000000474974513 13049
1767895814053 0.0010000000474974513 13059
1767895814788 0.0010000000474974513 13069
1767895815525 0.0010000000474974513 13079
1767895816260 0.0010000000474974513 13089
1767895816996 0.0010000000474974513 13099
1767895817732 0.0010000000474974513 13109
1767895818465 0.0010000000474974513 13119
1767895819200 0.0010000000474974513 13129
1767895819935 0.0010000000474974513 13139
1767895820668 0.0010000000474974513 13149
1767895821402 0.0010000000474974513 13159
1767895822136 0.0010000000474974513 13169
1767895822869 0.0010000000474974513 13179
1767895823602 0.0010000000474974513 13189
1767895824337 0.0010000000474974513 13199
1767895825073 0.0010000000474974513 13209
1767895825808 0.0010000000474974513 13219
1767895826543 0.0010000000474974513 13229
1767895827278 0.0010000000474974513 13239
1767895828013 0.0010000000474974513 13249
1767895828747 0.0010000000474974513 13259
1767895829482 0.0010000000474974513 13269
1767895830217 0.0010000000474974513 13279
1767895830952 0.0010000000474974513 13289
1767895831688 0.0010000000474974513 13299
1767895832422 0.0010000000474974513 13309
1767895833155 0.0010000000474974513 13319
1767895833891 0.0010000000474974513 13329
1767895834624 0.0010000000474974513 13339
1767895835358 0.0010000000474974513 13349
1767895836092 0.0010000000474974513 13359
1767895836826 0.0010000000474974513 13369
1767895837560 0.0010000000474974513 13379
1767895838296 0.0010000000474974513 13389
1767895839032 0.0010000000474974513 13399
1767895839767 0.0010000000474974513 13409
1767895840500 0.0010000000474974513 13419
1767895841236 0.0010000000474974513 13429
1767895841969 0.0010000000474974513 13439
1767895842706 0.0010000000474974513 13449
1767895843440 0.0010000000474974513 13459
1767895844177 0.0010000000474974513 13469
1767895844911 0.0010000000474974513 13479
1767895845645 0.0010000000474974513 13489
1767895846382 0.0010000000474974513 13499
1767895847117 0.0010000000474974513 13509
1767895847853 0.0010000000474974513 13519
1767895848588 0.0010000000474974513 13529
1767895849322 0.0010000000474974513 13539
1767895850057 0.0010000000474974513 13549
1767895850792 0.0010000000474974513 13559
1767895851527 0.0010000000474974513 13569
1767895852262 0.0010000000474974513 13579
1767895852997 0.0010000000474974513 13589
1767895853733 0.0010000000474974513 13599
1767895854467 0.0010000000474974513 13609
1767895855202 0.0010000000474974513 13619
1767895855937 0.0010000000474974513 13629
1767895856673 0.0010000000474974513 13639
1767895857405 0.0010000000474974513 13649
1767895858138 0.0010000000474974513 13659
1767895858874 0.0010000000474974513 13669
1767895859609 0.0010000000474974513 13679
1767895860345 0.0010000000474974513 13689
1767895861079 0.0010000000474974513 13699
1767895861813 0.0010000000474974513 13709
1767895862548 0.0010000000474974513 13719
1767895863283 0.0010000000474974513 13729
1767895864019 0.0010000000474974513 13739
1767895864756 0.0010000000474974513 13749
1767895865492 0.0010000000474974513 13759
1767895866228 0.0010000000474974513 13769
1767895866963 0.0010000000474974513 13779
1767895867696 0.0010000000474974513 13789
1767895868430 0.0010000000474974513 13799
1767895869165 0.0010000000474974513 13809
1767895869900 0.0010000000474974513 13819
1767895870635 0.0010000000474974513 13829
1767895871370 0.0010000000474974513 13839
1767895872105 0.0010000000474974513 13849
1767895872842 0.0010000000474974513 13859
1767895873578 0.0010000000474974513 13869
1767895874315 0.0010000000474974513 13879
1767895875051 0.0010000000474974513 13889
1767895875787 0.0010000000474974513 13899
1767895876525 0.0010000000474974513 13909
1767895877259 0.0010000000474974513 13919
1767895877994 0.0010000000474974513 13929
1767895878732 0.0010000000474974513 13939
1767895879467 0.0010000000474974513 13949
1767895880202 0.0010000000474974513 13959
1767895880941 0.0010000000474974513 13969
1767895881677 0.0010000000474974513 13979
1767895882414 0.0010000000474974513 13989
1767895883149 0.0010000000474974513 13999
1767895883884 0.0010000000474974513 14009
1767895884619 0.0010000000474974513 14019
1767895885353 0.0010000000474974513 14029
1767895886087 0.0010000000474974513 14039
1767895886822 0.0010000000474974513 14049
1767895887557 0.0010000000474974513 14059
1767895888292 0.0010000000474974513 14069
1767895889028 0.0010000000474974513 14079
1767895889762 0.0010000000474974513 14089
1767895890497 0.0010000000474974513 14099
1767895891233 0.0010000000474974513 14109
1767895891967 0.0010000000474974513 14119
1767895892703 0.0010000000474974513 14129
1767895893438 0.0010000000474974513 14139
1767895894173 0.0010000000474974513 14149
1767895894908 0.0010000000474974513 14159
1767895895642 0.0010000000474974513 14169
1767895896376 0.0010000000474974513 14179
1767895897112 0.0010000000474974513 14189
1767895897847 0.0010000000474974513 14199
1767895898581 0.0010000000474974513 14209
1767895899317 0.0010000000474974513 14219
1767895900051 0.0010000000474974513 14229
1767895900788 0.0010000000474974513 14239
1767895901523 0.0010000000474974513 14249
1767895902258 0.0010000000474974513 14259
1767895902995 0.0010000000474974513 14269
1767895903730 0.0010000000474974513 14279
1767895904464 0.0010000000474974513 14289
1767895905201 0.0010000000474974513 14299
1767895905937 0.0010000000474974513 14309
1767895906671 0.0010000000474974513 14319
1767895907409 0.0010000000474974513 14329
1767895908144 0.0010000000474974513 14339
1767895908883 0.0010000000474974513 14349
1767895909618 0.0010000000474974513 14359
1767895910353 0.0010000000474974513 14369
1767895911089 0.0010000000474974513 14379
1767895911823 0.0010000000474974513 14389
1767895912556 0.0010000000474974513 14399
1767895919197 0.0006500000017695129 14409
1767895919934 0.0006500000017695129 14419
1767895920671 0.0006500000017695129 14429
1767895921407 0.0006500000017695129 14439
1767895922141 0.0006500000017695129 14449
1767895922876 0.0006500000017695129 14459
1767895923615 0.0006500000017695129 14469
1767895924349 0.0006500000017695129 14479
1767895925083 0.0006500000017695129 14489
1767895925820 0.0006500000017695129 14499
1767895926556 0.0006500000017695129 14509
1767895927291 0.0006500000017695129 14519
1767895928024 0.0006500000017695129 14529
1767895928759 0.0006500000017695129 14539
1767895929497 0.0006500000017695129 14549
1767895930232 0.0006500000017695129 14559
1767895930967 0.0006500000017695129 14569
1767895931703 0.0006500000017695129 14579
1767895932438 0.0006500000017695129 14589
1767895933174 0.0006500000017695129 14599
1767895933910 0.0006500000017695129 14609
1767895934645 0.0006500000017695129 14619
1767895935380 0.0006500000017695129 14629
1767895936115 0.0006500000017695129 14639
1767895936850 0.0006500000017695129 14649
1767895937585 0.0006500000017695129 14659
1767895938323 0.0006500000017695129 14669
1767895939057 0.0006500000017695129 14679
1767895939793 0.0006500000017695129 14689
1767895940528 0.0006500000017695129 14699
1767895941264 0.0006500000017695129 14709
1767895942000 0.0006500000017695129 14719
1767895942736 0.0006500000017695129 14729
1767895943471 0.0006500000017695129 14739
1767895944207 0.0006500000017695129 14749
1767895944943 0.0006500000017695129 14759
1767895945678 0.0006500000017695129 14769
1767895946414 0.0006500000017695129 14779
1767895947149 0.0006500000017695129 14789
1767895947885 0.0006500000017695129 14799
1767895948621 0.0006500000017695129 14809
1767895949358 0.0006500000017695129 14819
1767895950094 0.0006500000017695129 14829
1767895950831 0.0006500000017695129 14839
1767895951568 0.0006500000017695129 14849
1767895952307 0.0006500000017695129 14859
1767895953043 0.0006500000017695129 14869
1767895953780 0.0006500000017695129 14879
1767895954515 0.0006500000017695129 14889
1767895955250 0.0006500000017695129 14899
1767895955987 0.0006500000017695129 14909
1767895956722 0.0006500000017695129 14919
1767895957460 0.0006500000017695129 14929
1767895958197 0.0006500000017695129 14939
1767895958933 0.0006500000017695129 14949
1767895959669 0.0006500000017695129 14959
1767895960406 0.0006500000017695129 14969
1767895961143 0.0006500000017695129 14979
1767895961880 0.0006500000017695129 14989
1767895962616 0.0006500000017695129 14999
1767895963352 0.0006500000017695129 15009
1767895964090 0.0006500000017695129 15019
1767895964826 0.0006500000017695129 15029
1767895965562 0.0006500000017695129 15039
1767895966298 0.0006500000017695129 15049
1767895967032 0.0006500000017695129 15059
1767895967768 0.0006500000017695129 15069
1767895968505 0.0006500000017695129 15079
1767895969240 0.0006500000017695129 15089
1767895969976 0.0006500000017695129 15099
1767895970711 0.0006500000017695129 15109
1767895971445 0.0006500000017695129 15119
1767895972178 0.0006500000017695129 15129
1767895972913 0.0006500000017695129 15139
1767895973647 0.0006500000017695129 15149
1767895974384 0.0006500000017695129 15159
1767895975119 0.0006500000017695129 15169
1767895975853 0.0006500000017695129 15179
1767895976589 0.0006500000017695129 15189
1767895977322 0.0006500000017695129 15199
1767895978057 0.0006500000017695129 15209
1767895978794 0.0006500000017695129 15219
1767895979528 0.0006500000017695129 15229
1767895980264 0.0006500000017695129 15239
1767895980999 0.0006500000017695129 15249
1767895981733 0.0006500000017695129 15259
1767895982467 0.0006500000017695129 15269
1767895983203 0.0006500000017695129 15279
1767895983938 0.0006500000017695129 15289
1767895984675 0.0006500000017695129 15299
1767895985411 0.0006500000017695129 15309
1767895986147 0.0006500000017695129 15319
1767895986881 0.0006500000017695129 15329
1767895987615 0.0006500000017695129 15339
1767895988350 0.0006500000017695129 15349
1767895989084 0.0006500000017695129 15359
1767895989819 0.0006500000017695129 15369
1767895990554 0.0006500000017695129 15379
1767895991289 0.0006500000017695129 15389
1767895992022 0.0006500000017695129 15399
1767895992757 0.0006500000017695129 15409
1767895993494 0.0006500000017695129 15419
1767895994230 0.0006500000017695129 15429
1767895994967 0.0006500000017695129 15439
1767895995701 0.0006500000017695129 15449
1767895996436 0.0006500000017695129 15459
1767895997168 0.0006500000017695129 15469
1767895997902 0.0006500000017695129 15479
1767895998636 0.0006500000017695129 15489
1767895999369 0.0006500000017695129 15499
1767896000102 0.0006500000017695129 15509
1767896000837 0.0006500000017695129 15519
1767896001572 0.0006500000017695129 15529
1767896002307 0.0006500000017695129 15539
1767896003042 0.0006500000017695129 15549
1767896003776 0.0006500000017695129 15559
1767896004511 0.0006500000017695129 15569
1767896005247 0.0006500000017695129 15579
1767896005981 0.0006500000017695129 15589
1767896006717 0.0006500000017695129 15599
1767896007450 0.0006500000017695129 15609
1767896008185 0.0006500000017695129 15619
1767896008921 0.0006500000017695129 15629
1767896009655 0.0006500000017695129 15639
1767896010389 0.0006500000017695129 15649
1767896011123 0.0006500000017695129 15659
1767896011856 0.0006500000017695129 15669
1767896012590 0.0006500000017695129 15679
1767896013326 0.0006500000017695129 15689
1767896014061 0.0006500000017695129 15699
1767896014796 0.0006500000017695129 15709
1767896015531 0.0006500000017695129 15719
1767896016265 0.0006500000017695129 15729
1767896016998 0.0006500000017695129 15739
1767896017732 0.0006500000017695129 15749
1767896018468 0.0006500000017695129 15759
1767896019204 0.0006500000017695129 15769
1767896019939 0.0006500000017695129 15779
1767896020673 0.0006500000017695129 15789
1767896021408 0.0006500000017695129 15799
1767896022140 0.0006500000017695129 15809
1767896022875 0.0006500000017695129 15819
1767896023611 0.0006500000017695129 15829
1767896024345 0.0006500000017695129 15839
1767896031119 0.0006500000017695129 15849
1767896031854 0.0006500000017695129 15859
1767896032589 0.0006500000017695129 15869
1767896033323 0.0006500000017695129 15879
1767896034057 0.0006500000017695129 15889
1767896034792 0.0006500000017695129 15899
1767896035526 0.0006500000017695129 15909
1767896036261 0.0006500000017695129 15919
1767896036994 0.0006500000017695129 15929
1767896037729 0.0006500000017695129 15939
1767896038467 0.0006500000017695129 15949
1767896039203 0.0006500000017695129 15959
1767896039939 0.0006500000017695129 15969
1767896040677 0.0006500000017695129 15979
1767896041414 0.0006500000017695129 15989
1767896042148 0.0006500000017695129 15999
1767896042881 0.0006500000017695129 16009
1767896043618 0.0006500000017695129 16019
1767896044352 0.0006500000017695129 16029
1767896045086 0.0006500000017695129 16039
1767896045819 0.0006500000017695129 16049
1767896046555 0.0006500000017695129 16059
1767896047291 0.0006500000017695129 16069
1767896048027 0.0006500000017695129 16079
1767896048764 0.0006500000017695129 16089
1767896049504 0.0006500000017695129 16099
1767896050242 0.0006500000017695129 16109
1767896050979 0.0006500000017695129 16119
1767896051717 0.0006500000017695129 16129
1767896052454 0.0006500000017695129 16139
1767896053191 0.0006500000017695129 16149
1767896053929 0.0006500000017695129 16159
1767896054665 0.0006500000017695129 16169
1767896055403 0.0006500000017695129 16179
1767896056138 0.0006500000017695129 16189
1767896056875 0.0006500000017695129 16199
1767896057611 0.0006500000017695129 16209
1767896058345 0.0006500000017695129 16219
1767896059081 0.0006500000017695129 16229
1767896059817 0.0006500000017695129 16239
1767896060553 0.0006500000017695129 16249
1767896061287 0.0006500000017695129 16259
1767896062022 0.0006500000017695129 16269
1767896062757 0.0006500000017695129 16279
1767896063493 0.0006500000017695129 16289
1767896064229 0.0006500000017695129 16299
1767896064964 0.0006500000017695129 16309
1767896065699 0.0006500000017695129 16319
1767896066433 0.0006500000017695129 16329
1767896067167 0.0006500000017695129 16339
1767896067903 0.0006500000017695129 16349
1767896068638 0.0006500000017695129 16359
1767896069374 0.0006500000017695129 16369
1767896070113 0.0006500000017695129 16379
1767896070848 0.0006500000017695129 16389
1767896071584 0.0006500000017695129 16399
1767896072320 0.0006500000017695129 16409
1767896073055 0.0006500000017695129 16419
1767896073792 0.0006500000017695129 16429
1767896074527 0.0006500000017695129 16439
1767896075263 0.0006500000017695129 16449
1767896075998 0.0006500000017695129 16459
1767896076731 0.0006500000017695129 16469
1767896077464 0.0006500000017695129 16479
1767896078201 0.0006500000017695129 16489
1767896078937 0.0006500000017695129 16499
1767896079673 0.0006500000017695129 16509
1767896080408 0.0006500000017695129 16519
1767896081142 0.0006500000017695129 16529
1767896081879 0.0006500000017695129 16539
1767896082616 0.0006500000017695129 16549
1767896083351 0.0006500000017695129 16559
1767896084088 0.0006500000017695129 16569
1767896084821 0.0006500000017695129 16579
1767896085554 0.0006500000017695129 16589
1767896086293 0.0006500000017695129 16599
1767896087030 0.0006500000017695129 16609
1767896087764 0.0006500000017695129 16619
1767896088499 0.0006500000017695129 16629
1767896089233 0.0006500000017695129 16639
1767896089969 0.0006500000017695129 16649
1767896090703 0.0006500000017695129 16659
1767896091436 0.0006500000017695129 16669
1767896092171 0.0006500000017695129 16679
1767896092906 0.0006500000017695129 16689
1767896093640 0.0006500000017695129 16699
1767896094376 0.0006500000017695129 16709
1767896095110 0.0006500000017695129 16719
1767896095844 0.0006500000017695129 16729
1767896096580 0.0006500000017695129 16739
1767896097314 0.0006500000017695129 16749
1767896098048 0.0006500000017695129 16759
1767896098783 0.0006500000017695129 16769
1767896099517 0.0006500000017695129 16779
1767896100257 0.0006500000017695129 16789
1767896100991 0.0006500000017695129 16799
1767896101728 0.0006500000017695129 16809
1767896102464 0.0006500000017695129 16819
1767896103200 0.0006500000017695129 16829
1767896103936 0.0006500000017695129 16839
1767896104672 0.0006500000017695129 16849
1767896105409 0.0006500000017695129 16859
1767896106144 0.0006500000017695129 16869
1767896106882 0.0006500000017695129 16879
1767896107617 0.0006500000017695129 16889
1767896108354 0.0006500000017695129 16899
1767896109091 0.0006500000017695129 16909
1767896109826 0.0006500000017695129 16919
1767896110562 0.0006500000017695129 16929
1767896111297 0.0006500000017695129 16939
1767896112032 0.0006500000017695129 16949
1767896112768 0.0006500000017695129 16959
1767896113503 0.0006500000017695129 16969
1767896114239 0.0006500000017695129 16979
1767896114975 0.0006500000017695129 16989
1767896115711 0.0006500000017695129 16999
1767896116446 0.0006500000017695129 17009
1767896117181 0.0006500000017695129 17019
1767896117919 0.0006500000017695129 17029
1767896118656 0.0006500000017695129 17039
1767896119392 0.0006500000017695129 17049
1767896120127 0.0006500000017695129 17059
1767896120863 0.0006500000017695129 17069
1767896121600 0.0006500000017695129 17079
1767896122335 0.0006500000017695129 17089
1767896123073 0.0006500000017695129 17099
1767896123809 0.0006500000017695129 17109
1767896124546 0.0006500000017695129 17119
1767896125284 0.0006500000017695129 17129
1767896126017 0.0006500000017695129 17139
1767896126753 0.0006500000017695129 17149
1767896127488 0.0006500000017695129 17159
1767896128223 0.0006500000017695129 17169
1767896128959 0.0006500000017695129 17179
1767896129693 0.0006500000017695129 17189
1767896130430 0.0006500000017695129 17199
1767896131169 0.0006500000017695129 17209
1767896131904 0.0006500000017695129 17219
1767896132641 0.0006500000017695129 17229
1767896133378 0.0006500000017695129 17239
1767896134111 0.0006500000017695129 17249
1767896134847 0.0006500000017695129 17259
1767896135581 0.0006500000017695129 17269
1767896136314 0.0006500000017695129 17279
1767896142941 0.0006500000017695129 17289
1767896143677 0.0006500000017695129 17299
1767896144411 0.0006500000017695129 17309
1767896145147 0.0006500000017695129 17319
1767896145881 0.0006500000017695129 17329
1767896146614 0.0006500000017695129 17339
1767896147348 0.0006500000017695129 17349
1767896148082 0.0006500000017695129 17359
1767896148817 0.0006500000017695129 17369
1767896149556 0.0006500000017695129 17379
1767896150289 0.0006500000017695129 17389
1767896151025 0.0006500000017695129 17399
1767896151763 0.0006500000017695129 17409
1767896152497 0.0006500000017695129 17419
1767896153232 0.0006500000017695129 17429
1767896153967 0.0006500000017695129 17439
1767896154701 0.0006500000017695129 17449
1767896155437 0.0006500000017695129 17459
1767896156172 0.0006500000017695129 17469
1767896156906 0.0006500000017695129 17479
1767896157643 0.0006500000017695129 17489
1767896158378 0.0006500000017695129 17499
1767896159113 0.0006500000017695129 17509
1767896159850 0.0006500000017695129 17519
1767896160585 0.0006500000017695129 17529
1767896161321 0.0006500000017695129 17539
1767896162056 0.0006500000017695129 17549
1767896162791 0.0006500000017695129 17559
1767896163527 0.0006500000017695129 17569
1767896164264 0.0006500000017695129 17579
1767896165000 0.0006500000017695129 17589
1767896165736 0.0006500000017695129 17599
1767896166471 0.0006500000017695129 17609
1767896167206 0.0006500000017695129 17619
1767896167940 0.0006500000017695129 17629
1767896168673 0.0006500000017695129 17639
1767896169407 0.0006500000017695129 17649
1767896170143 0.0006500000017695129 17659
1767896170878 0.0006500000017695129 17669
1767896171614 0.0006500000017695129 17679
1767896172348 0.0006500000017695129 17689
1767896173083 0.0006500000017695129 17699
1767896173820 0.0006500000017695129 17709
1767896174555 0.0006500000017695129 17719
1767896175290 0.0006500000017695129 17729
1767896176025 0.0006500000017695129 17739
1767896176760 0.0006500000017695129 17749
1767896177494 0.0006500000017695129 17759
1767896178230 0.0006500000017695129 17769
1767896178965 0.0006500000017695129 17779
1767896179701 0.0006500000017695129 17789
1767896180435 0.0006500000017695129 17799
1767896181171 0.0006500000017695129 17809
1767896181906 0.0006500000017695129 17819
1767896182641 0.0006500000017695129 17829
1767896183376 0.0006500000017695129 17839
1767896184112 0.0006500000017695129 17849
1767896184848 0.0006500000017695129 17859
1767896185584 0.0006500000017695129 17869
1767896186319 0.0006500000017695129 17879
1767896187054 0.0006500000017695129 17889
1767896187789 0.0006500000017695129 17899
1767896188523 0.0006500000017695129 17909
1767896189259 0.0006500000017695129 17919
1767896189995 0.0006500000017695129 17929
1767896190729 0.0006500000017695129 17939
1767896191463 0.0006500000017695129 17949
1767896192198 0.0006500000017695129 17959
1767896192931 0.0006500000017695129 17969
1767896193665 0.0006500000017695129 17979
1767896194400 0.0006500000017695129 17989
1767896195136 0.0006500000017695129 17999
1767896195869 0.0006500000017695129 18009
1767896196602 0.0006500000017695129 18019
1767896197334 0.0006500000017695129 18029
1767896198072 0.0006500000017695129 18039
1767896198806 0.0006500000017695129 18049
1767896199540 0.0006500000017695129 18059
1767896200275 0.0006500000017695129 18069
1767896201011 0.0006500000017695129 18079
1767896201748 0.0006500000017695129 18089
1767896202485 0.0006500000017695129 18099
1767896203221 0.0006500000017695129 18109
1767896203955 0.0006500000017695129 18119
1767896204692 0.0006500000017695129 18129
1767896205426 0.0006500000017695129 18139
1767896206166 0.0006500000017695129 18149
1767896206898 0.0006500000017695129 18159
1767896207629 0.0006500000017695129 18169
1767896208365 0.0006500000017695129 18179
1767896209100 0.0006500000017695129 18189
1767896209836 0.0006500000017695129 18199
1767896210571 0.0006500000017695129 18209
1767896211305 0.0006500000017695129 18219
1767896212039 0.0006500000017695129 18229
1767896212775 0.0006500000017695129 18239
1767896213512 0.0006500000017695129 18249
1767896214249 0.0006500000017695129 18259
1767896214984 0.0006500000017695129 18269
1767896215717 0.0006500000017695129 18279
1767896216451 0.0006500000017695129 18289
1767896217188 0.0006500000017695129 18299
1767896217924 0.0006500000017695129 18309
1767896218662 0.0006500000017695129 18319
1767896219395 0.0006500000017695129 18329
1767896220130 0.0006500000017695129 18339
1767896220865 0.0006500000017695129 18349
1767896221599 0.0006500000017695129 18359
1767896222335 0.0006500000017695129 18369
1767896223070 0.0006500000017695129 18379
1767896223805 0.0006500000017695129 18389
1767896224542 0.0006500000017695129 18399
1767896225277 0.0006500000017695129 18409
1767896226012 0.0006500000017695129 18419
1767896226749 0.0006500000017695129 18429
1767896227484 0.0006500000017695129 18439
1767896228218 0.0006500000017695129 18449
1767896228954 0.0006500000017695129 18459
1767896229689 0.0006500000017695129 18469
1767896230425 0.0006500000017695129 18479
1767896231163 0.0006500000017695129 18489
1767896231899 0.0006500000017695129 18499
1767896232635 0.0006500000017695129 18509
1767896233369 0.0006500000017695129 18519
1767896234104 0.0006500000017695129 18529
