1768074461620 0.0 9
1768074462351 0.0 19
1768074463085 0.0 29
1768074463819 0.0 39
1768074464551 0.0 49
1768074465287 0.0 59
1768074466020 0.0 69
1768074466753 0.0 79
1768074467488 0.0 89
1768074468222 0.0 99
1768074468956 0.0 109
1768074469690 0.0 119
1768074470423 0.0 129
1768074471161 0.0 139
1768074471896 0.0 149
1768074472630 0.0 159
1768074473366 0.0 169
1768074474102 0.0 179
1768074474836 0.0 189
1768074475573 0.0 199
1768074476308 0.0 209
1768074477043 0.0 219
1768074477778 0.0 229
1768074478513 0.0 239
1768074479248 0.0 249
1768074479981 0.0 259
1768074480717 0.0 269
1768074481455 0.0 279
1768074482191 0.0 289
1768074482925 0.0 299
1768074483660 0.0 309
1768074484392 0.0 319
1768074485126 0.0 329
1768074485863 0.0 339
1768074486595 0.0 349
1768074487330 0.0 359
1768074488064 0.0 369
1768074488797 0.0 379
1768074489532 0.0 389
1768074490266 0.0 399
1768074491001 0.0 409
1768074491736 0.0 419
1768074492468 0.0 429
1768074493201 0.0 439
1768074493935 0.0 449
1768074494667 0.0 459
1768074495400 0.0 469
1768074496136 0.0 479
1768074496870 0.0 489
1768074497604 0.0 499
1768074498338 0.0 509
1768074499072 0.0 519
1768074499806 0.0 529
1768074500541 0.0 539
1768074501275 0.0 549
1768074502010 0.0 559
1768074502742 0.0 569
1768074503476 0.0 579
1768074504212 0.0 589
1768074504945 0.0 599
1768074505679 0.0 609
1768074506413 0.0 619
1768074507147 0.0 629
1768074507881 0.0 639
1768074508615 0.0 649
1768074509349 0.0 659
1768074510084 0.0 669
1768074510818 0.0 679
1768074511551 0.0 689
1768074512284 0.0 699
1768074513016 0.0 709
1768074513750 0.0 719
1768074514486 0.0 729
1768074515220 0.0 739
1768074515958 0.0 749
1768074516693 0.0 759
1768074517426 0.0 769
1768074518162 0.0 779
1768074518895 0.0 789
1768074519629 0.0 799
1768074520365 0.0 809
1768074521099 0.0 819
1768074521833 0.0 829
1768074522568 0.0 839
1768074523302 0.0 849
1768074524037 0.0 859
1768074524773 0.0 869
1768074525508 0.0 879
1768074526243 0.0 889
1768074526981 0.0 899
1768074527716 0.0 909
1768074528451 0.0 919
1768074529186 0.0 929
1768074529922 0.0 939
1768074530657 0.0 949
1768074531391 0.0 959
1768074532128 0.0 969
1768074532863 0.0 979
1768074533596 0.0 989
1768074534333 0.0 999
1768074535071 0.0 1009
1768074535806 0.0 1019
1768074536542 0.0 1029
1768074537278 0.0 1039
1768074538012 0.0 1049
1768074538748 0.0 1059
1768074539483 0.0 1069
1768074540219 0.0 1079
1768074540955 0.0 1089
1768074541689 0.0 1099
1768074542426 0.0 1109
1768074543161 0.0 1119
1768074543896 0.0 1129
1768074544633 0.0 1139
1768074545367 0.0 1149
1768074546102 0.0 1159
1768074546836 0.0 1169
1768074547570 0.0 1179
1768074548305 0.0 1189
1768074549040 0.0 1199
1768074549773 0.0 1209
1768074550508 0.0 1219
1768074551245 0.0 1229
1768074551978 0.0 1239
1768074552712 0.0 1249
1768074553448 0.0 1259
1768074554181 0.0 1269
1768074554916 0.0 1279
1768074555650 0.0 1289
1768074556385 0.0 1299
1768074557120 0.0 1309
1768074557854 0.0 1319
1768074558590 0.0 1329
1768074559325 0.0 1339
1768074560059 0.0 1349
1768074560796 0.0 1359
1768074561530 0.0 1369
1768074562264 0.0 1379
1768074562999 0.0 1389
1768074563734 0.0 1399
1768074564468 0.0 1409
1768074565205 0.0 1419
1768074565941 0.0 1429
1768074566676 0.0 1439
