1768074461620 0.0010000000474974513 9
1768074462351 0.0010000000474974513 19
1768074463085 0.0010000000474974513 29
1768074463819 0.0010000000474974513 39
1768074464551 0.0010000000474974513 49
1768074465287 0.0010000000474974513 59
1768074466020 0.0010000000474974513 69
1768074466753 0.0010000000474974513 79
1768074467488 0.0010000000474974513 89
1768074468222 0.0010000000474974513 99
1768074468956 0.0010000000474974513 109
1768074469690 0.0010000000474974513 119
1768074470423 0.0010000000474974513 129
1768074471161 0.0010000000474974513 139
1768074471896 0.0010000000474974513 149
1768074472630 0.0010000000474974513 159
1768074473366 0.0010000000474974513 169
1768074474102 0.0010000000474974513 179
1768074474836 0.0010000000474974513 189
1768074475573 0.0010000000474974513 199
1768074476308 0.0010000000474974513 209
1768074477043 0.0010000000474974513 219
1768074477778 0.0010000000474974513 229
1768074478513 0.0010000000474974513 239
1768074479248 0.0010000000474974513 249
1768074479981 0.0010000000474974513 259
1768074480717 0.0010000000474974513 269
1768074481455 0.0010000000474974513 279
1768074482191 0.0010000000474974513 289
1768074482925 0.0010000000474974513 299
1768074483660 0.0010000000474974513 309
1768074484392 0.0010000000474974513 319
1768074485126 0.0010000000474974513 329
1768074485863 0.0010000000474974513 339
1768074486595 0.0010000000474974513 349
1768074487330 0.0010000000474974513 359
1768074488064 0.0010000000474974513 369
1768074488797 0.0010000000474974513 379
1768074489532 0.0010000000474974513 389
1768074490266 0.0010000000474974513 399
1768074491001 0.0010000000474974513 409
1768074491736 0.0010000000474974513 419
1768074492468 0.0010000000474974513 429
1768074493201 0.0010000000474974513 439
1768074493935 0.0010000000474974513 449
1768074494667 0.0010000000474974513 459
1768074495400 0.0010000000474974513 469
1768074496136 0.0010000000474974513 479
1768074496870 0.0010000000474974513 489
1768074497604 0.0010000000474974513 499
1768074498338 0.0010000000474974513 509
1768074499072 0.0010000000474974513 519
1768074499806 0.0010000000474974513 529
1768074500541 0.0010000000474974513 539
1768074501275 0.0010000000474974513 549
1768074502010 0.0010000000474974513 559
1768074502742 0.0010000000474974513 569
1768074503476 0.0010000000474974513 579
1768074504212 0.0010000000474974513 589
1768074504945 0.0010000000474974513 599
1768074505679 0.0010000000474974513 609
1768074506413 0.0010000000474974513 619
1768074507147 0.0010000000474974513 629
1768074507881 0.0010000000474974513 639
1768074508615 0.0010000000474974513 649
1768074509349 0.0010000000474974513 659
1768074510084 0.0010000000474974513 669
1768074510818 0.0010000000474974513 679
1768074511551 0.0010000000474974513 689
1768074512284 0.0010000000474974513 699
1768074513016 0.0010000000474974513 709
1768074513750 0.0010000000474974513 719
1768074514486 0.0010000000474974513 729
1768074515220 0.0010000000474974513 739
1768074515958 0.0010000000474974513 749
1768074516693 0.0010000000474974513 759
1768074517426 0.0010000000474974513 769
1768074518162 0.0010000000474974513 779
1768074518895 0.0010000000474974513 789
1768074519629 0.0010000000474974513 799
1768074520365 0.0010000000474974513 809
1768074521099 0.0010000000474974513 819
1768074521833 0.0010000000474974513 829
1768074522568 0.0010000000474974513 839
1768074523302 0.0010000000474974513 849
1768074524037 0.0010000000474974513 859
1768074524773 0.0010000000474974513 869
1768074525508 0.0010000000474974513 879
1768074526243 0.0010000000474974513 889
1768074526981 0.0010000000474974513 899
1768074527716 0.0010000000474974513 909
1768074528451 0.0010000000474974513 919
1768074529186 0.0010000000474974513 929
1768074529922 0.0010000000474974513 939
1768074530657 0.0010000000474974513 949
1768074531391 0.0010000000474974513 959
1768074532128 0.0010000000474974513 969
1768074532863 0.0010000000474974513 979
1768074533596 0.0010000000474974513 989
1768074534333 0.0010000000474974513 999
1768074535071 0.0010000000474974513 1009
1768074535806 0.0010000000474974513 1019
1768074536542 0.0010000000474974513 1029
1768074537278 0.0010000000474974513 1039
1768074538012 0.0010000000474974513 1049
1768074538748 0.0010000000474974513 1059
1768074539483 0.0010000000474974513 1069
1768074540219 0.0010000000474974513 1079
1768074540955 0.0010000000474974513 1089
1768074541689 0.0010000000474974513 1099
1768074542426 0.0010000000474974513 1109
1768074543161 0.0010000000474974513 1119
1768074543896 0.0010000000474974513 1129
1768074544633 0.0010000000474974513 1139
1768074545367 0.0010000000474974513 1149
1768074546102 0.0010000000474974513 1159
1768074546836 0.0010000000474974513 1169
1768074547570 0.0010000000474974513 1179
1768074548305 0.0010000000474974513 1189
1768074549040 0.0010000000474974513 1199
1768074549773 0.0010000000474974513 1209
1768074550508 0.0010000000474974513 1219
1768074551245 0.0010000000474974513 1229
1768074551978 0.0010000000474974513 1239
1768074552712 0.0010000000474974513 1249
1768074553448 0.0010000000474974513 1259
1768074554181 0.0010000000474974513 1269
1768074554916 0.0010000000474974513 1279
1768074555650 0.0010000000474974513 1289
1768074556385 0.0010000000474974513 1299
1768074557120 0.0010000000474974513 1309
1768074557854 0.0010000000474974513 1319
1768074558590 0.0010000000474974513 1329
1768074559325 0.0010000000474974513 1339
1768074560059 0.0010000000474974513 1349
1768074560796 0.0010000000474974513 1359
1768074561530 0.0010000000474974513 1369
1768074562264 0.0010000000474974513 1379
1768074562999 0.0010000000474974513 1389
1768074563734 0.0010000000474974513 1399
1768074564468 0.0010000000474974513 1409
1768074565205 0.0010000000474974513 1419
1768074565941 0.0010000000474974513 1429
1768074566676 0.0010000000474974513 1439
